SCORE -2.45193000556906e+05
ITER 0
ETA        1.50000000000000e+00 1.50000000000000e+00 1.50000000000000e+00
GAMMA      5.00000000000000e-01 5.00000000000000e-01
GEM_MEAN 5.00000000000000e-01
GEM_SCALE 5.00000000000000e-01
SCALING_SHAPE 5.00000000000000e-01
SCALING_SCALE 5.00000000000000e-01
ID     PARENT NDOCS  NWORDS  SCALE     WD_CNT
0      -1     000100 023018 2.500e-01    198    159     63    105    151    198     60    558    256    274    277    268    221    435    336    282    263    101    190    263    217    304     98    278    212    189    243    159    218    229    224    230    137    141    171    270    152    234    399    419    255    175    314    140     81    206    265    136    177    300    231    212    172    155    233    230    333    217    211    187     99    205    288    273    341     77    519    151    197     97    200    443    138    128    174     52    464    326    335    500    213    172    282    337    222    113     98    132    206    207    627    198    146    128    160    117    344    223    234    440
1      0      000077 014110 2.500e-01    114     89     56     82     91    113     54    320    130    175    177    159    108    224    173    158    169     40    127    138    147    221     61    156    124    111    213     90    135    132    138    157     88     96    143    172     79    187    223    223    157    146    213     99     54    151    156     82    123    191    163    119    100    117    135    142    197    123    100     94     95    134    212    148    181     41    275    102    118     74    139    234     83     73     84     36    278    210    191    296    127    116    147    213    113     65     72     63    102    136    362    128    100     81    119     75    227    176    158    271
2      1      000066 008744 2.500e-01     55     81     37     46     70     60     24    171     81    105    123    114     75    162    100    133    138     27     56     95     74    129     49    132     80     91    102     56     79     72     60     97     58     49     35     99     56    102    154    133    106     81    150     60     22     86    117     50     67     81     80     83     93     63    103    103    109     73     72     65     58     67    136    101    129     23    200     62     78     45     72    160     52     44     64     24    150    130    131    192     93     78     84    137     66     25     32     47     81     71    224     66     80     37     63     44    132    103     70    169
20     1      000004 000297 2.500e-01      3      2      1      1      4      0      0      4      5      2      2      4      8      4      5      2      1      0      0      2      0      4      4      9      2      4      0      1      2      2      0      2      3      1      3      2      6      2      0      3      1      6      4      0      0      1      3      1      2      2      0      9      4      6      1      3     10      2      5      7      1      1      1      2      2      0      9      3      2      2      3      2      0      4      3      2      5      4     12      2      2      6      4     12      5      2      1      2      5      0      5      0      2      2      4      1      2      3      9      3
68     1      000004 000162 2.500e-01      0      3      1      0      1      2      4      1      1      0      2      0      0      3      0      0      2      2      1      2      0      0      9      1      2      0      2      1      1      1      0      0      2      1      0      0      0      0      4      1      2      2      2      1      4      1      2      0      0      5      7      1      1      2      6      1      6      0      2      1      0      4      0      0      1      0      6      0      1      1      0      3      1      4      1      1      1      2      2      4      0      1      1      0      2      2      1      1      1      3      1      1      2      0      3      3      6      3      1      2
124    1      000002 000169 2.500e-01      0      1      1      1      6      1      4      1      7      0      1      1      0      1      2      1      1      1      3      2      1      0      0      2      2      3      0      3      1      1      0      1      4      2      2      5      2      1      3      6      1      0      2      2      3      3      4      0      1      0      0      3      3      4      1      1      0      3      2      2      4      1      1      2      2      2      1      1      3      1      1      2      2      2      1      0      2      1      5      4      2      0      2      2      0      1      0      1      0      1      4      2      1      1      1      0      0      2      1      1
156    1      000001 000083 2.500e-01      2      1      3      1      0      4      1      0      1      0      0      1      2      0      1      1      1      0      3      3      1      1      2      2      0      1      0      1      1      1      0      1      1      1      2      0      0      1      1      1      1      1      0      0      1      0      0      1      0      0      0      2      1      1      0      0      0      0      0      1      0      1      0      0      0      0      0      0      2      0      0      1      0      0      2      0      0      0      0      1      2      0      1      3      0      4      0      4      1      2      1      0      1      0      0      1      0      0      2      2
5      0      000002 000057 2.500e-01      0      1      0      1      1      1      1      0      1      0      0      2      4      0      1      0      0      0      0      0      0      0      1      0      0      0      0      0      0      0      1      1      0      0      1      1      0      0      0      0      0      1      0      1      0      1      4      0      0      0      1      0      1      0      0      2      1      0      0      0      0      0      0      0      1      1      2      0      0      0      0      0      1      0      4      2      0      0      7      0      1      0      1      0      1      1      1      0      0      0      0      0      0      1      1      0      0      0      2      0
6      5      000001 000468 2.500e-01      6      2      3      1      4     11      2     14      5      6      2      8      6      7     12      6      4      0      9      8      0      5      2     14      1      1      2      7      1      4      3      6      5      4      3      4      1      9      7      5      5      3      2      2      7      5      3      2      7     11      5      3      1      2      3      3     10      3      5      6      3      6      4      0      2      1      6      1      6      3      0      9      2      3      2      1      5      4      3      8      9      2      8      7     12      3      4      3      6      5     10      4      4      0      0      4      9      6      6      9
17     5      000001 000078 2.500e-01      1      1      0      1      0      0      0      1      0      2      0      0      1      2      1      1      0      0      1      1      2      2      2      1      0      1      0      0      0      1      1      0      0      1      2      0      0      1      1      3      0      1      2      0      0      0      1      1      0      2      1      0      0      0      1      2      1      0      0      1      0      1      2      0      1      0      0      0      1      1      1      0      2      0      0      0      0      0      2      0      0      1      2      1      1      0      2      0      1      0      1      1      2      1      3      2      2      1      1      1
9      0      000006 000414 2.500e-01      2      3      1      3      6      0      4      5      4      5      8      6      2      3      2      6      5      5      3      3      1      2      7      5      2      1      7      4      2      4     16      4      3      2     10     10      5      0      5      0      4      3      2      1      4      7      4      4      2      9      2      1      1      3      1      4      3      7      1      8      1      7      9      3      2      2      9      1      4      1      1      0      1      5      5      6      5      8     12     12      0      4      6     10      2      1      1      1      3      7      9      5      0      4      1      5      7      8      7      2
10     9      000002 000293 2.500e-01      1      0      2      2      2      1      2      8      3      3      1      2      6      2      7      4      0      0      8      9      6      8      2      5      7      6      3      2      3      0      2      0      0      5      2      0      2      7      2     11      1      1      0      4      3      3      5      3      1      5      1      1      2      2      1      3      6      1      2      2      6      1      4      2      1      0      5      1      7      1      1      8      4      1      2      1      4      1      4      2      4      6      1      4      2      0      3      3      2      5     10      0      2      1      0      3      2      2      2      2
47     9      000003 000014 2.500e-01      0      0      0      0      0      0      0      0      0      0      0      0      1      1      0      0      0      0      1      0      0      0      0      0      0      0      0      0      0      0      0      0      0      0      1      2      0      0      1      0      0      0      1      0      0      0      0      0      0      0      1      0      0      1      0      0      0      0      0      0      0      0      0      0      0      0      0      0      0      0      0      0      0      1      0      0      0      0      0      0      0      1      0      0      0      0      0      0      0      0      0      0      0      0      0      0      2      0      0      0
205    9      000001 000059 2.500e-01      0      2      0      0      0      0      1      0      0      0      1      1      0      2      1      1      3      1      2      0      1      0      1      0      0      0      0      0      1      0      0      1      2      1      0      2      0      0      2      0      1      0      3      0      2      0      0      2      1      0      0      1      0      0      0      0      2      0      2      1      0      1      0      0      0      0      0      0      0      1      0      0      1      1      2      1      0      0      1      2      0      0      0      0      0      2      0      1      0      0      1      1      1      1      1      0      0      0      0      0
23     0      000006 000735 2.500e-01     14      1     12      1     10      8      5      1      7      7      3      8      7     10      9      1      2     12     13      6      8      4      4      3      6      2      5      8      6      3      5      8     10      7      5      8      1     12      6      4      3      4      2     12      3      6      5      5      1     12      0      7      6     12     10      6     25      3      3     10     19     10      1      2     12      5     11      5     18      6      3      7      1      8     15      3      8      7     12     19      4     12      9      2     11      5      7      1      9      4     27      3      8     10      9     11      9      8      4     23
24     23     000005 000029 2.500e-01      0      0      0      0      2      1      0      1      0      1      0      0      1      0      2      1      1      1      1      1      0      0      0      0      0      0      2      0      0      0      1      0      0      0      0      0      0      0      0      0      0      0      1      0      0      0      0      0      0      0      2      0      0      0      1      1      0      1      2      0      0      0      0      0      0      1      0      0      0      0      0      1      0      0      0      0      0      0      0      0      0      0      0      0      0      0      0      0      0      0      0      0      0      0      1      1      0      0      0      1
81     23     000001 000163 2.500e-01      0      2      0      4      1      0      0      1      1      1      1      2      2      2      2      3      1      0      0      1      0      4      0      1      0      1      4      1      1      1      4     10      1      0      1      2      0      1      1      1      2      0      1      0      2      3      1      3      3      1      4      1      1      1      4      1      3      0      0      3      3      2      3      1      2      3      3      2      2      2      0      3      4      1      3      1      1      4      4      1      0      0      1      2      3      0      1      5      0      2      0      2      1      0      4      2      0      3      0      0
43     0      000005 000227 2.500e-01      2      0      5      2      1      4      0      2      0      2      0      4      2      1      4      2      1      1      0      4      2      6      5      2      5      1      0      4      4      0      1      3      3      0      9      2      5      8      1      1      2      1      4      1      3      1      2      5      4     11      0      0      0      2      4      0      7      0      1      3      6      2      2      0      1      4      3      0      3      1      1      2      2      2      3      2      0      4      4      0      0      2      1      1      1      2      0      2      0      2      7      1      4      0      1      0      2      2      5      2
44     43     000005 000096 2.500e-01      1      1      1      1      0      0      0      3      0      1      0      0      1      0      1      2      0      1      2      0      0      1      0      0      1      4      1      0      0      0      0      0      0      0      3      2      2      0      2      0      0      1      5      0      4      3      0      1      1      4      0      0      1      0      1      3      0      1      1      3      0      0      0      1      0      0      0      1      0      0      3      3      0      2      2      0      0      2      2      1      0      0      0      2      2      0      0      0      2      0      3      0      0      0      3      0      0      1      4      2
129    0      000002 000134 2.500e-01      2      1      2      1      3      0      0      0      2      0      3      0      1      2      0      1      0      3      3      0      0      4      1      3      0      1      2      3      1      3      1      1      2      2      1      1      1      0      0      0      0      1      2      0      0      1      0      0      0      0      0      0      0      0      0      1      5      2      0      4      9      0      3      1      2      2      0      1      0      3      0      1      3      2      3      2      1      0      3      3      3      1      2      0      1      1      3      0      1      1      4      1      2      3      1      1      0      0      1      2
130    129    000001 000013 2.500e-01      0      2      0      0      0      0      0      0      0      0      0      0      0      0      0      0      3      0      0      0      0      0      0      0      0      0      0      0      0      0      0      0      0      1      0      0      0      0      0      0      0      0      0      0      0      0      0      0      0      1      0      0      0      0      1      0      0      0      0      0      0      0      1      0      0      0      0      0      0      1      0      0      0      0      0      0      0      0      0      0      0      0      0      0      0      1      1      0      0      0      1      0      0      0      0      0      0      0      0      0
137    129    000001 000324 2.500e-01      6      1      3      0      1      1      1     11      0      3      0      2      0      1      0      3      1      6      6      4      1      4      1      5      6      3      2      1      7      1      4      1      2      4     11      3      3      5      4      9      1      0      0      2      1      2      4      0      1      9      4      1      0      1      3      2     15      6      2      5      5      1      3      5      6      3      8      0      7      0      2      4      0      0      6      1      1      3      1      6      7      3      6      5     10      1      2      0      1      2      2      4      2      6      1      7      3      2      2     10
161    0      000001 000171 2.500e-01      7      1      0      1      1      1      1      5      4      1      1      0      3      3      1      0      1      1      2      2      1      2      0      4      0      1      2      1      1      4      1      1      0      1      0      1      1      1      8      1      0      0      3      0      0      0      4      3      4      2      0      2      0      3      2      5      0      3      3      1      0      1      2      0      1      0      1      2      0      1      0      0      5      3      1      2      4      1      1     13      1      2      0      4      0      0      0      2      3      0      0      1      1      2      1      2      3      6      3      0
162    161    000001 000012 2.500e-01      0      0      0      0      0      0      1      0      0      0      1      0      0      0      0      0      1      0      0      0      0      0      0      0      0      0      0      0      0      0      0      0      0      0      0      0      0      0      0      0      0      0      0      0      0      0      0      1      1      0      1      0      0      0      0      0      0      0      0      0      0      0      0      0      0      0      0      0      1      0      0      0      0      0      1      0      0      1      0      0      0      0      0      0      0      0      0      0      0      0      0      0      0      0      1      0      0      0      0      2
222    0      000001 000130 2.500e-01      1      1      2      4      0      0      0      3      2      5      1      1      3      1      3      0      0      1      1      3      0      0      2      1      0      3      0      3      2      0      1      0      1      0      0      1      1      2      2      1      4      0      1      0      1      1      0      1      4      3      2      0      0      2      1      4      0      0      2      0      0      1      4      1      1      0      1      3      0      0      2      1      1      1      1      0      2      5      2      0      1      1      2      2      1      0      2      0      1      0      3      0      3      2      3      2      0      1      1      1
223    222    000001 000000 2.500e-01      0      0      0      0      0      0      0      0      0      0      0      0      0      0      0      0      0      0      0      0      0      0      0      0      0      0      0      0      0      0      0      0      0      0      0      0      0      0      0      0      0      0      0      0      0      0      0      0      0      0      0      0      0      0      0      0      0      0      0      0      0      0      0      0      0      0      0      0      0      0      0      0      0      0      0      0      0      0      0      0      0      0      0      0      0      0      0      0      0      0      0      0      0      0      0      0      0      0      0      0
