SCORE -2.43020711205860e+05
ITER 1000
ETA        1.50000000000000e+00 1.50000000000000e+00 1.50000000000000e+00
GAMMA      5.00000000000000e-01 5.00000000000000e-01
GEM_MEAN 5.00000000000000e-01
GEM_SCALE 5.00000000000000e-01
SCALING_SHAPE 5.00000000000000e-01
SCALING_SCALE 5.00000000000000e-01
ID     PARENT NDOCS  NWORDS  SCALE     WD_CNT
0      -1     000100 042782 2.500e-01    322    332    114    224    293    328     96   1020    434    500    569    489    386    816    559    549    544    141    340    453    408    621    193    470    374    382    525    281    409    404    384    456    278    256    287    506    254    479    769    698    511    366    683    273    142    433    535    236    358    500    445    389    358    336    450    433    569    372    366    321    209    385    620    521    580    110    949    298    333    211    381    790    228    252    294     74    849    623    672    941    389    323    450    678    344    180    162    217    371    357   1123    366    315    224    336    188    686    446    430    858
1      0      000050 000928 2.500e-01      2      4     27     10      8      4     24      4      2     17      8      7      7      5      4      8      9      8      4     17      8      9      7     47      6      4     13      8      0     10      9      7     14      4     10      5      2     21     11     37      5      5      4     17      1     14     11      8      4     10     15     14      0      4     14      8     10      2      2     18     13      5      0      2     34      1     26      7     22      6      5     11     18      7      4      5     11     14     12      6      5     15     22      4      5      3      6      0      1     18     32      9      4      2      2      4      1      6      3      0
2      1      000018 000440 2.500e-01      1      1      7      2      2      5      5      2      3     18      3      4      0      2      8      2      6      2      1     15      3      1      7      3      0      5     12      6      1      6     13      4      2      0      5     20      0      1     15      0      5      2      1      0      2      3      5      1     10      5      7     11      2      5      5     12      5      3      3      0      1      2     10      4      7      2      1      6      8      5     14     10      7      0      5      1      5      2      0      2      3      2     10      7      0      0      2      3      4      5      1      2      4      1      6      3      3      4      4      4
246    1      000024 001205 2.500e-01     31      2      7      1      9      5      1     15     10     13      4     15      2      6     23     14      6     15     26      9      0     17      5     16     18      7      6      9     24     11     10      7      2      8     35     19     14      8      6     22      0     20      2      8      7      2      2      7      0     30      2      4      2      6      2      8     48     18      4     14     20      4     11      5     24     13     18      4      2      4     11     13      4      5     23     16      5     19      3     28     20      9     19     14     42      7     15     12     10     11     17     13     11     18      7     23     11     23     13     34
1454   1      000008 000213 2.500e-01      1      0      5      1      0      1      3      5      1      1      2      0     10      5      6      0      0      1      1      4      1      5      0      2      1      1      4      2      1      1      1      2      2      0      2      1      3      1      1      2      6      5      0      3      0      1      4      3      3      0      0      4      3      4      4      1      2      3      1      2      1      4      9      0      3      0      2      5      4      1      0      3      6      0      1      2      1      0      2      2      2      2      2      2      0      3      0      1      1      2      0      2      3      0      4      3      1      9      1      0
23     0      000016 000755 2.500e-01     14      1      4      1     12      8      8     18     13      2      2      8      7      7     14      2      8      7     11      6      9      3      7     10     12      0      0      2     10      4      2      9      5      7      5      4      0      7      6     19      2      0      4     12      3      2      4      8      6     24      2     10      2      2     16      9     18     10      8      5     12      3      5      2     11      5     15      2      8      5      1      8      6      0     12      2     11     13     20     27      5      6      1      6     12     10     11      6      1      7     40      3      4     11      7      9      6      3      7     11
807    23     000008 000678 2.500e-01     16      2      9      2      5      9      4      2      6      7      3      9      5      5      5     12      0      8     12      1      6      9      2     16      5      4      9     11     10      2      5     11      4     10      8      2      5     19      3     13      3      7      1      5      2      4      2      0      1      8      5      1      3      9      4      4     21      6      4     10     12     13      2      0      3      9     12      1     18      4      2     14      2      9     13      4     13      9      2     12     12     11     20      2     11      0      1      3     11      7      6      1      6      5      4     13      4     12      2     17
1490   23     000008 000153 2.500e-01      1      0      0      1      2      1      5      1      2      0      2      0      3      2      1      0      4      2      0      0      1      1      1      4      2      0      2      3      1      2      3      0      2      0      5      3      0      0      1      0      1      2      0      1      2      0      1      2      0      0      1      1      3      1      1      6      0      0      1      1      4      2      2      0      6      2      0      0      0      0      3      0      3      1      1      4      1      2      2      1      0      1      4      5      0      2      0      6      0      5      7      2      0      1      0      0      0      2      2      0
9      0      000024 000692 2.500e-01      7      0      3      3      6      6     12      1     15      8      2     10      9      4      2      4      3      3      6     11      9      4      0      9     23      8      5      5      2      2     20      5      1     16     14      0     12      0      0     16      2      1      3      4      4     11      1     15      1      8      7      1      4      1      8     19     14      9      4      0     19      4      5      0      7      4     13      3     14      3      3      6     16      2      5      6     20      9      6     23      5     19      2      0      6      2      6      7      6     20     12      4      1      4      8     10      0      6     18      5
10     9      000019 001516 2.500e-01     15      8     13      5     12     33      4     36     12     19      1     32     23      8     34     12     10     10     24     31     10     31     23     32      2      4      3     11      3     11     13     15      8     12     30     12     21     32      3      8      3     16      5      0     28      4      7     16     14     57      8      7      4      4      1     10     37     11     18     30     18     16      6      4      4     17     16      2     33      1      0     27      8      6     15     17      6     18     12     16     27     14     26     18     25     17     21     11     17      9     50      5     10      3      0     23     29     30     23     10
1483   9      000005 000006 2.500e-01      1      0      0      0      0      1      0      0      0      0      0      0      0      0      0      0      1      0      0      0      0      0      0      0      0      0      0      0      0      0      0      0      0      0      0      0      0      0      0      0      0      1      0      0      0      0      0      0      0      0      0      0      0      0      0      0      0      0      0      0      0      0      0      0      0      0      0      0      0      1      1      0      0      0      0      0      0      0      0      0      0      0      0      0      0      0      0      0      0      0      0      0      0      0      0      0      0      0      0      0
1466   0      000006 000192 2.500e-01      1      0      1      1      0      3      1      1      8      1      0      3      0      1      2      2      1      0      2      0      0      0      2     10      3      4      7      2      1      2      0      2      2      3      0      2      4      1      2      4      2      0      7      0      0      4      6      2      0      2      1      1      3      4      1      4      2      6      0      0      0      3      1      0      1      0      0      5      0      0      0      0      0      0      3      2      4      0      0      1      0      1      0      2      1      0      0      0      0      3      9      2      0      2      5      3      6      7      6      1
1467   1466   000004 000098 2.500e-01      0      2      2      2      1      0      2      0      0      0      1      0      1      0      0      0      0      3      0      0      0      0      4      0      2      1      0      0      0      0      0      1      1      0      0      3      0      1      4      0      0      0      0      0      3      0      1      3      2      3      4      0      0      0      1      0      0      3      5      1      0      1      0      2      1      1      1      1      4      0      1      0      0      0      0      1      1      2      0      3      0      2      1      2      1      2      3      0      0      3      0      0      3      0      2      1      0      1      1      0
1489   1466   000002 000146 2.500e-01      2      0      0      2      1      0      0      0      0      4      0      3      0      2      4      2      0      2      2      0      7      0      0      2      1      2      1      1      2      2      3      1      0      2      1      6      1      0      4      1      2      1      2      1      1      0      1      0      0      1      4      3      2      0      3      3      3      0      0      1      0      2      1      0      6      1      6      1      2      0      4      2      2      1      3      0      3      0      2      3      0      0      1      0      3      1      1      0      0      0      5      0      0      4      0      0      0      0      2      1
1491   0      000002 000000 2.500e-01      0      0      0      0      0      0      0      0      0      0      0      0      0      0      0      0      0      0      0      0      0      0      0      0      0      0      0      0      0      0      0      0      0      0      0      0      0      0      0      0      0      0      0      0      0      0      0      0      0      0      0      0      0      0      0      0      0      0      0      0      0      0      0      0      0      0      0      0      0      0      0      0      0      0      0      0      0      0      0      0      0      0      0      0      0      0      0      0      0      0      0      0      0      0      0      0      0      0      0      0
1492   1491   000002 000196 2.500e-01      1      3      1      3      4      2      0      5      4      3      7      3      1      3      1      1      6      1      3      0      0      0      0      3      1      2      3      4      2      2      0      4      1      1      3      4      1      3      1      2      4      1      2      1      0      3      0      0      1      1      4      0      1      1      2      0      4      2      0      1      0      2      4      2      1      0      0      1      2      0      3      0      3      2      0      3      1      2      1      1      1      3      2      4      5      2      3      2      3      1      0      9      1      5      0      1      3      1      1      4
1495   0      000001 000000 2.500e-01      0      0      0      0      0      0      0      0      0      0      0      0      0      0      0      0      0      0      0      0      0      0      0      0      0      0      0      0      0      0      0      0      0      0      0      0      0      0      0      0      0      0      0      0      0      0      0      0      0      0      0      0      0      0      0      0      0      0      0      0      0      0      0      0      0      0      0      0      0      0      0      0      0      0      0      0      0      0      0      0      0      0      0      0      0      0      0      0      0      0      0      0      0      0      0      0      0      0      0      0
1496   1495   000001 000000 2.500e-01      0      0      0      0      0      0      0      0      0      0      0      0      0      0      0      0      0      0      0      0      0      0      0      0      0      0      0      0      0      0      0      0      0      0      0      0      0      0      0      0      0      0      0      0      0      0      0      0      0      0      0      0      0      0      0      0      0      0      0      0      0      0      0      0      0      0      0      0      0      0      0      0      0      0      0      0      0      0      0      0      0      0      0      0      0      0      0      0      0      0      0      0      0      0      0      0      0      0      0      0
1497   0      000001 000000 2.500e-01      0      0      0      0      0      0      0      0      0      0      0      0      0      0      0      0      0      0      0      0      0      0      0      0      0      0      0      0      0      0      0      0      0      0      0      0      0      0      0      0      0      0      0      0      0      0      0      0      0      0      0      0      0      0      0      0      0      0      0      0      0      0      0      0      0      0      0      0      0      0      0      0      0      0      0      0      0      0      0      0      0      0      0      0      0      0      0      0      0      0      0      0      0      0      0      0      0      0      0      0
1498   1497   000001 000000 2.500e-01      0      0      0      0      0      0      0      0      0      0      0      0      0      0      0      0      0      0      0      0      0      0      0      0      0      0      0      0      0      0      0      0      0      0      0      0      0      0      0      0      0      0      0      0      0      0      0      0      0      0      0      0      0      0      0      0      0      0      0      0      0      0      0      0      0      0      0      0      0      0      0      0      0      0      0      0      0      0      0      0      0      0      0      0      0      0      0      0      0      0      0      0      0      0      0      0      0      0      0      0
