SCORE -2.40781605246979e+05
ITER 4070
ETA        1.50000000000000e+00 1.50000000000000e+00 1.50000000000000e+00
GAMMA      5.00000000000000e-01 5.00000000000000e-01
GEM_MEAN 5.00000000000000e-01
GEM_SCALE 5.00000000000000e-01
SCALING_SHAPE 5.00000000000000e-01
SCALING_SCALE 5.00000000000000e-01
ID     PARENT NDOCS  NWORDS  SCALE     WD_CNT
0      -1     000100 043572 2.500e-01    309    321    137    227    294    318    127   1025    439    535    548    514    407    843    579    550    550    131    328    456    411    608    198    513    394    406    552    293    421    391    388    448    272    260    289    552    258    493    778    726    520    381    689    273    145    444    545    241    353    529    464    394    357    315    454    452    556    399    373    325    202    393    627    522    613    112    960    320    361    205    395    798    243    241    294     83    866    623    693    944    376    340    469    691    338    169    176    216    366    369   1151    391    306    228    355    187    683    467    440    861
1      0      000021 000414 2.500e-01      2      3      6      6      2     13      0      3      4      3      6      0      3      2      1      3      4      0      9      0      1      1      2      9      7      0      3      7      1      3      3      9      5      0      6      4      0      8      3      4      2     13      5     14      0      2      0      7      3      1      2      9      2      5      8      0      6      0      1     12      4      0      1      3      0      9      5      1      1      0     12      4      4      3      7      4      6     10     14     14      7      2      6      1      6      1      5      1      7     14      4      0      4      1      4      1      3      1      4      2
246    1      000021 000780 2.500e-01     21      3     14      0      9      2      6      7      6      1      4      4      3      0      4     10      1     16     14      8      5      8      6     11     12      5      4     10     10      5     12      3      7      9     17      1      6      5      5     28      0      0      1      4      1      5      3      3      6     18      4      3      0      1      4      9     30      9      3     11     22      1     11      1     22      4     18      3     13      9      1      7      7      0     19      6     12     10      6     17     15      5     17      3     32      1      7      1      3      6     16     12      0     14      2     11      5      4      7     13
23     0      000030 001167 2.500e-01     32      2     12      3     16     16     12     17     10      8      1      2      9      7     14      2      7     18     14     11     13      4     13     22     12      2      3     10     12     13     10     13     16     14     13      8      2     23     12     22      0      2      4     12      6      2      5     11      4     23      1      7      3     16     18      8     52      2     10     20     22     12      8      2     23      7      6      4     29      3      3     23      5      7     24      6     13     11      5     35     16     20     15      1     20     12     14      8     13      7     32      1      7     14      6     30      3     15      3     26
8575   23     000026 000314 2.500e-01      6     11      0      0      3      2      1      0     13     14      8      1      3      0      0      2      0      5      5      6      0      0      0      6      3      1      1      2      4      8      0      3      6      1      1      0      2      0      6      6      4      1      1      0      1      0      3      4      1      1      1      7      2      5      1      3      0      1      2      6      0      1      5      3      4      4     19      1      0      6      6     12      7      9      6      1      0     10      4      3      1      2      3      1      0     11      2      2      2      4      0      2      1      3      1      2      1      1      0      0
8688   23     000004 000152 2.500e-01      0      1      3      0      2      1      0      3      2      0      1      2      0      0      7      6      1      1      5      5      4     12      0      1      0      1      1      0      0      0      0      0      2      3      0      0      0      2      1      0      0      0      1      0      1      0      1      3      5      1      0      2      0      0      2      3      2      0      0      3      0      1      1      3      7      2      0      1      0      1      1      1      3      3      0      0      0      0      0      1      1      0      1      1      0      5      1      0      2      3      3      3      3      0      3      5      4      0      1      0
9      0      000032 000731 2.500e-01      2      7      3      6      5      0      3      2      9      6     14      4      1      1      6      2     10     13      6      7     14      6      5      5     10      1     15      5      1      9     35      3      6     15     35      9     17      6     11      6      2      5      6      4      6      7      2     15      3      9      6     16      5      3      4      2     12      3      6      4     18      6      1      4      4     13      7      1     19      4      2     15     13      5      9      9      0      2      1     14      5      4      8      4      8      5      0     13      0     14     21      6      0      9      4      0      6     12     17      7
10     9      000029 002220 2.500e-01     38      4     17      7     18     47     10     46     22     19      6     51     25      6     50     29     16     12     36     45      8     56     20     48      7      0      5      9      9     26     12     31      4     14     42     10     27     30      4     25     11     19      3      8     31     14     14     13     14     62     15      2     10     22     18     31     68     25     18     21     28     27     16      2     12     10     36      0     27      5      3     20      9     14     16     19     21     37      9     30     41     30     29     34     45     20     23     18     22     27     68      1     24      8      1     35     36     45     28     34
8724   9      000003 000136 2.500e-01      0      1      0      3      2      0      3      3      0      5      4      1      0      0      1      1      0      1      5      1      1      4      2      3      1      1      1      2      4      2      1      1      2      2      0      0      1      4      2      1      2      1      0      0      1      1      3      1      3      0      3      0      3      3      2      0      2      1      0      0      1      0      0      0      1      0      1      0      0      0      3      1      0      2      0      1      1      2      2      3      1      3      1      1      1      0      1      1      4      0      1      1      4      0      0      1      1      2      3      0
7637   0      000004 000121 2.500e-01      0      0      0      3      2      0      0      0      0      2      1      1      0      0      0      1      5      0      4      2      0      0      1      5      1      1      1      3      0      1      1      5      1      0      1      1      2      0      0      1      0      1      1      0      1      1      0      0      3      2      2      3      0      3      0      2      2      5      0      1      1      1      0      0      1      0      6      0      0      2      0      0      1      1      1      1      0      0      0      4      5      0      3      4      0      2      0      3      4      0      1      0      4      0      0      0      2      1      0      0
8637   7637   000004 000085 2.500e-01      3      1      1      1      0      1      0      2      0      0      0      0      0      0      0      0      1      3      3      1      3      1      0      0      0      0      1      3      0      0      0      2      0      0      0      0      0      1      0      1      3      2      1      4      0      2      2      0      0      1      1      1      3      0      1      3      0      0      1      0      7      0      0      0      0      2      0      0      0      2      0      0      0      0      0      0      2      0      0      0      1      2      2      2      0      0      0      1      1      0      1      0      2      0      2      1      0      0      2      1
8352   0      000013 000141 2.500e-01      0      0      0      0      2      2      3      2      3      0      4      3      0      2      1      0      0      3      2      2      0      0      4      0      1      2      0      0      0      1      0      3      1      1      0      0      2      1      3      0      0      0      2      1      1      0      1      2      2      0      1      2      0      0      0      4      2      0      2      0      1      0      2      2      1      2      0      3      0      4      2      0      4      0      2      5      7      8      0      0      0      0      1      1      3      1      0      1      0      1      2      1      5      1      3      1      3      1      4      1
8638   8352   000011 000164 2.500e-01      2      1      0      2      0      4      0      0      2      0      7      0      3      5      0      2      3      0      1      3      2      1      0      1      2      4      3      1      4      0      1      3      0      0      1      1      0      0      1      2      2      2      0      5      1      3      1      1      3      2      5      0      2      3      0      0      1      0      0      1      3      4      4      0      0      0      1      2      0      0      1      3      7      0      1      2      3      0      0      1      0      0      5      0      2      1      2      3      1      3      2      0      2      2      0      7      3      1      4      0
8723   8352   000002 000003 2.500e-01      0      0      0      0      0      0      0      0      0      0      0      0      0      0      0      0      0      0      0      0      0      0      0      0      0      0      0      0      0      0      0      0      0      0      0      1      0      0      0      0      0      0      0      0      0      0      0      0      0      0      0      0      0      1      0      0      0      0      0      0      0      0      0      0      0      0      0      0      0      0      0      0      0      0      0      0      0      0      0      0      0      0      0      0      0      1      0      0      0      0      0      0      0      0      0      0      0      0      0      0
