SCORE -1.39326398154972e+05
ITER 5000
ETA        1.50000000000000e+00 1.50000000000000e+00 1.50000000000000e+00
GAMMA      5.00000000000000e-01 5.00000000000000e-01
GEM_MEAN 5.00000000000000e-01
GEM_SCALE 1.00000000000000e+02
SCALING_SHAPE 1.00000000000000e+00
SCALING_SCALE 5.00000000000000e-01
ID     PARENT NDOCS  NWORDS  SCALE     WD_CNT
0      -1     000100 012678 5.000e-01    174    110    256    116      7      4    134     29    131     23    131     81    315     49    170    103     28    145     59    109    168    289    102    332     57     45     33     66      5    150    203     77     92     12    210     86    231    155     39     27     20    139     33     46     98    192    442    150    198     78    153     56    144     74     34     80     74     49    109    167    190    156    316     10    264    117    183     99    104    269    201    249     78      5    272    363    157    149    131    229    102    150     77    169     38    211     51    193    360     98     24     56     49    199     18     62    157     32     43    158
70     0      000029 001774 5.000e-01     22      5     22     10      0      8     23     11     33     10     33     11     21     21     11     23     19     45      4     30     11     46      8     30     28     14     11     16     13     18     49     18     18     18     28     15     16     23     11      6     11      6     62     29      3     11     16     20     29      5     35     25     10     27     27      2     35     19      6     16     18     13      2      2      1     20     10     20      2     22     22     21     11     10     11     20     51      5      3      7     32     14     15     11     13     16      2     16      5     18      6     16     17     14     14     16     30     25     66      4
11678  70     000016 000992 5.000e-01      9      8     21      6     13      0     17      7      4      2      3     11      5     18     15     16      4      7      6      7     12      5      5      5      5      3     12     15      6     12     16     11      9      3      3     30      6     14      2     20      4     17     11      6      1      1      1      1     13      7     10      3     14      8     18      6      6      5      3      7      7      0      9     21     14      8     31     13     37     12      7      5      7      4      7      4      7      4      3      9      3     22     11     16     31      1     13     13     12     20     10      8     17     17     14     20      8      5     15     12
23620  70     000005 000295 5.000e-01      3      4      1      4      0      3      4      3      0      1      2      6      0      1      4      6      9      1      3      1      3      3      0      0      4      0      5      7      0      1      1      1      0      0      1     14      5      2      3      2      1      7      5      3      1      1      2      3      3      5      1      0      2      3      1      0      0      1      1      5      1      0      1      3      5      7      2      6      4      1      3      3      6      7      6      5      3      5      1      1     11      1      3      0      9      1      1      5      5      2      7      5      4      1      2      4      1      1      2      7
27184  70     000007 000465 5.000e-01      2      4      3      3      8      3      3      2      3      4      3      3      3      0      6      5      1      5      2      6      4      3      3      7      2     10      3      4      2      5      0      9      7      4      3      2      4      0      0      3      1      0      0     16      2      4      2      3     12      6      0     11      4      3      0     10      2      1      1      8      0      1      4      5      5     14      1      1      2      3     10      3      9      5      7      3      2     19      4      0      2      4      5      3      1      3      3     11     24     15      1      9     16     13      0      1      8      7      6      5
27442  70     000001 000095 5.000e-01      0      0      1      2      1      0      0      0      1      0      1      5      1      1      2      0      0      0      0      2      5      3      0      0      2      0      2      0      0      1      0      1      0      2      0      1      3      1      0      0      0      0      1      0      2      0      1      8      1      1      1      0      1      1      0      1      0      1      0      2      1      0      3      1      0      2      0      0      1      0      4      0      2      1      0      0      1      0      2      3      4      0      1      0      0      0      2      1      1      1      1      0      0      0      0      1      1      0      2      0
8      0      000015 000882 5.000e-01     10     11      4     10      1      2     14      3     15      2      7     16      2      2     14     11      5     17      3      8      8     13     13      4      4     14      4      5     13      2     15      9      3      7     12     14     19      5      5      1      2      3     15     24     15     14      5      5     12      2      9     17     25     21      0      0      4      3     11     31      1      6      3     16      1     17      3      7      8      5     21     17      2      1      3      1      1      0      5      7     20      9      1      0     11      5     13     16     27     12      7     21      8      7     11      9     14     11      4      6
7763   8      000010 000600 5.000e-01      3      2      9     10      1      0      5      1      1      1     15      4      9     13      3      4      2     11      4      7      2      6      2      7      4      3      3      0      0      4      7      7     17      0      0      0      2     23      2      3     10      0      4      4      4      3      2      6      8      3     19     12      3      4     10      4      6      0      8      9      0      8     19      7      6     15      8      4      8      6      4     27     19     11      0      2      1      5      0      1      4      7      2      3      8      4      2      1     10      3      3      9      7     14      3     33      6      0      9      5
26981  8      000004 000247 5.000e-01      0      1      1      1      1      0      4      0      5      2      0      1      3      2      2      1      2      2      4      5      4      1      9      2      7      3      1      2      1      1      2      3      7      3      1      0      4      0      1      4      1      3      1      0      1      2      1      5      1      2     10      3      4      4      6      0      9      0      3      3      0      5      1      1      0      4      4      1      4      4      2      9      5      2      0      4      0      6      1      0      4      0      2      2      4      0      0      2      2      1      6      0      5      1      1      4      4      1      0      3
27444  8      000001 000054 5.000e-01      0      0      0      1      0      0      1      0      0      0      1      0      2      1      0      2      0      0      2      0      1      1      0      0      0      0      0      0      0      1      0      0      0      2      1      0      0      0      0      1      1      0      0      0      1      2      2      0      0      4      4      3      0      2      0      0      0      0      1      2      0      0      1      0      1      1      0      1      0      0      0      0      1      0      0      0      0      0      0      0      0      0      1      2      0      0      0      3      0      0      1      0      0      0      1      1      1      0      0      0
22600  0      000006 000354 5.000e-01      4      0      1      2      2      2      2      2      5      4      8      7      3      8      1      2      0      7      1      1      5      6      1      0      2      6      1      8      2      0      5      2      0      2      5      0      9      5      1      0      3      1     10      4      3      0      3      2      1      2      6      2     10      6      2      7      6      2      0      5      3      4      0      1      1      0      6      3      4      3      0      5      0      1      6      3      5      4      3      4      5     16      7     10      0      3      4      3      5      7      1      8     11      5      6      0      4      3      2      1
26185  22600  000006 000337 5.000e-01      3      3      5      6      1      0      7      6      3      4      1      3      2      0      2      6      5      4      6      1      8      0      0      3      4      1      2      4      7      2      0      5      2      0      1      6      0      6      1      0      3      0      5      3     15      1     11      5      4      4      2      4      2      9      5      4      1      6      2      4      0      8      6      3      1      3      3      2      5      2      6      3      1      1      2      1      3      1      9      2      0      8      2     12      2      1      1      9      5      2      0      0      4      3      0      1      3      3      3      6
18     0      000015 000905 5.000e-01      2      9      0     17      0      4     30      3     23      8      7     20      9      9     24      8      0     13      8      1      6     15     17      8      2      6      7      4      6      3     12     14      1      4      8     11     10      5      0      3      1      1      7     11     17     14     11      2      7      1     22      6      3     31      5      9      8     12      4     19     10      5     13      2     16      1      5      7     14      0      0      1     14     17      8      7     21      1      8      1     16     11      6     17      8     20      8      6     18      3      9      1     20     17      2     21     10      5      4     24
29     18     000015 000922 5.000e-01      2      4      4      5     13      2     16     10     35      2      1      4      3      8      1     10      7      0      6     18      6     22      4     21     17      3      0      2      2      8     13     17     12     12     10      6      4      9      7     11      9      0     27      7      2      4      2     16     15     12     22      6     35      3     14      3      2      3      9     20     10      0     13      9      8      6      4     14     17      8      0      6     12      1     10      1      5     23      4      8      6     16     11     15      2      3      3     38      7      4      3      4     22     11     12     17      9      1     27      4
22     0      000012 000700 5.000e-01      2      9     19     14      7      0      1      4      5      1      0     14      3      9      6      8      9      7      0     15     11      6      4     15      2     12      6      3      2      4     10     10      0      4      7     21      1      3      3      8      7      0     13      0      4      4      7     14     10      3     15      2     12     10      7      2      1      9      6     19      9      8      4      0      4      3      4     12     20     12      9     11      1      2      1     12     21      5      2      8      4      7      2     13      6     13      6     10      7      7      2      7      5      2      7     17      1      0     12     14
27377  22     000005 000330 5.000e-01      2      1      2      0      3      3      6      0      2      2      0      3      4      0      9      4      3      0      2      3      4      3      0      1      9      1      1      2      0      1      0      2     12      8      0      2      5      0      5     10      5      2      2     13      0      5      1      1      7      1      1      2      2      7      7      4      2      2     11      4      1      3      7      6      2     10      2      7      1      3      1      1      1      3      3      2      1     10      5      1      4      6      0      1      3      3      1      3      6      3      1      2      7      7      5      6      5      0      2      1
26032  22     000006 000367 5.000e-01      6      0      1      1      3      3      0      3     10      2      3      0      7      2      0      4      0      5      1      2      4      8      6      8      1      1      0      4      3      0     15      5      8      3      5      0      1      9      1      1      0     10      1      5      2      1      1     13      8      7      1      8      5      0      0      1      2      2      0      3      3      7      0      3      3      5      3      3      2      4      6      1      2      9      2      0      5      2      0      4      8      5      2      5      4      3      4      4      2      7      3      1      5      9      8     13      6      2      1      5
27443  22     000001 000070 5.000e-01      0      0      0      0      0      4      0      0      0      0      0      0      0      0      0      0      2      1      0      2      0      0      1      0      0      1      0      3      0      1      1      0      0      1      2      0      0      0      1      1      0      1      2      0      2      0      0      2      0      0      2      0      0      1      0      0      0      2      0      1      1      0      0      0      0      0      0      1      1      1      3      2      2      1      1      0      0      2      0      3      0      1      0      0      0      2      0      4      2      0      0      2      1      0      1      2      0      2      1      0
25935  0      000001 000075 5.000e-01      0      0      0      1      3      0      0      0      0      0      1      4      0      0      0      1      2      0      2      0      1      0      1      1      0      0      1      2      1      1      1      0      1      1      1      1      0      0      1      0      0      0      0      2      0      0      0      1      0      0      0      0      3      2      1      0      0      1      0      2      0      0      1      0      0      0      0      0      0      0      1      0      1      1      0      1      0      0      0      1      0      4      1      0      1      0      1      0      1      2      3      3      5      1      0      3      2      2      0      0
27417  25935  000001 000062 5.000e-01      1      2      0      0      1      2      0      1      0      0      0      2      0      2      0      1      0      0      1      0      1      1      0      0      0      2      0      0      1      1      0      1      0      0      0      0      0      0      4      1      0      0      0      3      0      2      0      0      0      5      0      0      0      1      1      0      3      0      0      0      0      0      0      0      0      0      0      0      0      0      0      1      1      0      0      0      0      0      1      1      1      0      1      0      0      0      2      2      0      0      2      0      1      0      0      4      1      0      4      0
153    0      000021 001308 5.000e-01     20     17      4     28     17     11      3     20      2      1      8     31     13      6     12      2     16      9      4     44     10     29     50      5     34     29     30     57     24     12      5      2     15      4     15      5     12      1      7      3     23      3      1      4     18     11     17     23     26     21      9      2     11     19     13     25     21     21      4      6     13      0      4     10     14     15      3     10      0      0     10      7      0     22      7      4      9     11     18      1      5     18      6     24      8     18     21      2     27      2     19     12      5      1     25      4     12     27     17      2
338    153    000011 000712 5.000e-01      6      5      5      1     22     12      0      7      1      4      1     15      3      4      1      3      6      6     10     10     15     45     18      2      3      3      6      5      6      0      0     14      3     11      0      8     12      3      4     16      3     14      8      4      5      9      7      5      5      1      1      9      4      1     17      2      0      3      8      3      6      1      4      7     14     22      2     10      0      4      4     19      2     27     16     15      1      9      7      7      3      7     13      8     14      3     19      7     10      2     13      5      6      5      4      2      2      2      2      3
27161  153    000005 000332 5.000e-01      0      0      4      7      4      5      7      4      2      3      7      6      4      1      6      0      6      8     12      3      6      0      6      0      3      7      1      1      0      2      3      3      0      7      0      4      0      4     11      1      5      4      9      2      3      3      1      1      5      5      4      3      0      8      3      2      1      1      1      1      0      0      6      8      3      4      6      5      0      5      3      2      6      1      0      1      2      1      1      0      2      2      2      4     11     10      5      1      1      2      4      1      3      0      2      2      3      7      2      4
25509  153    000005 000298 5.000e-01      2      8      3      2      6      0      1      0      1      0      7      7      0      7      3      1      9      6      3      2      5      2     10      0      5      3      2      8      5      1      3      0      7      1     10      4      1      1      2      0      2      5      0      1      2     10      0      2      1     11      1      1      3      4      3      3      1      0      5      1      0      3      0      1      2      7      2      0      2      3      1      0      1      5      1      5      9      0      1      3      0      1      2      5      3      4      0      4     10      1      3      1      5      4      4      3      5      1      0      2
27445  0      000001 000067 5.000e-01      0      0      0      0      3      7      0      0      0      0      3      0      0      1      0      0      0      0      1      0      0      0      1      0      0      0      0      0      2      1      0      1      1      1      0      0      0      0      6      0      0      0      1      2      2      2      0      0      3      0      2      0      0      0      1      1      0      0      0      2      0      0      0      2      1      0      1      1      0      0      0      2      3      1      0      0      0      0      0      1      0      0      1      0      2      0      2      1      0      0      0      1      1      1      0      1      0      0      0      1
27446  27445  000001 000079 5.000e-01      3      0      0      1      1      0      0      0      0      1      1      1      2      3      1      1      1      0      0      1      0      1      2      1      1      1      3      1      0      0      0      0      1      0      0      2      1      0      4      2      0      0      0      1      0      2      0      0      1      2      0      0      1      4      2      1      1      0      2      3      1      0      0      1      0      0      0      0      0      1      0      1      0      1      0      0      2      0      1      1      1      0      0      0      1      0      1      2      0      0      0      0      0      1      1      4      1      0      1      0
