SCORE -1.39103753814423e+05
ITER 6000
ETA        1.50000000000000e+00 1.50000000000000e+00 1.50000000000000e+00
GAMMA      5.00000000000000e-01 5.00000000000000e-01
GEM_MEAN 5.00000000000000e-01
GEM_SCALE 1.00000000000000e+02
SCALING_SHAPE 1.00000000000000e+00
SCALING_SCALE 5.00000000000000e-01
ID     PARENT NDOCS  NWORDS  SCALE     WD_CNT
0      -1     000100 012457 5.000e-01    154     82    232     94     32      1    130     22     92      6    143    148    347     31    167     77     40     77     57    169    197    288     58    304     93     59     30     94     35     96    205     88     66     37    217    127    179    124      2     17     31     96     68     70     92    158    401    126    263     64    201     26    104     99     76     53     68     12     43    199    191    125    294     36    256    174    122     20     68    217    214    218     26     16    240    360    182    119    103    191    109    170    109    192     66    212     20    154    440     55     17    106     47    200     42    122    184     84    106    183
70     0      000032 002016 5.000e-01     14     12      4     18      2      0     24      5     39      1     19      0      9     33     37     20     10     49      3      7      1     44     14     47      1      6     15     37      5     45     34     23     25     11      6     31     19     32     18     12      1     22     51     46      6     25     18     15     18     13     14     41     44     13      4     16     27     14      7     10     16     17     11     10     18     13     25     69     40     48      8     31     60     16     27     23      9     31      3      7     34     10     10     27     23     20     18     64      8     51      6      2     48     23     12     22     11      2      5      1
11678  70     000011 000644 5.000e-01      7      5     22     22      4      6      5     10      9      9      2      2      2      3      7     23      4     15      2      3     11      9      1      6      5      0      4      5      0      0      7      0     15      2     18      7     13     14      9      6      3      5      2      7      9      5      3      1      2      2      8      8      4      8      0      5      2     20     16      2     10      5      9      3      7      2     16      4      7      0      9      4      0      1      3      1     14      7     10      7      1     14      5      3     18     11      2      1      3      1      6      8      1      9      3      6      5      4     17      1
29468  70     000013 000821 5.000e-01     10      6     25      3      2      3     13     12      6     11     12      8      2     11      2      3     15     21      8     11      7     11      5      2      8      9      2      1      1      2     16      7     10      1     25      9      9      4      0      7      5      7      4      4      0      7      4     18      1      6      7      3     16     21     15      4      8      7      4      2      1     12     12     11     12      6      6      3     10      3     12      7      2      4      8      8     30      4      2      3      2     29      3      6      0      2     13     19     21      4      4      4      3     18      2      2     13      3     35     19
31753  70     000004 000246 5.000e-01      2     11      6      2      3      1      3      0      1      4      1      2      3      2      2      5      0      2      2      0      4      2      2      4      3      3      2      0      4      3      0      7      6      0      7      6      1      3      0      2      3      1      3      0      1      2      1      6      1      2      4      3      2      3      2      1      7      0      1      2      0      1      4      1      4      0      6      1      3      2      7      3      0      2      0      4      0      5      1      5      1      1      3      5      1      2      1      0      0      0      8      1      3      7      3      1      3      1      0      0
31870  70     000002 000119 5.000e-01      1      1      1      2      0      3      0      1      0      0      0      0      0      0      0      2      1      2      0      0      1      4      0      2      2      5      0      0      1      0      1      4      1      2      0      3      0      0      1      1      0      2      2      1      3      0      2      1      2      0      0      1      2      0      0      1      0      0      0      4      2      3      2      1      0      1      1      0      2      0      2      0      0      2      1      1      1      4      1      0      2      1      2      3      0      1      0      3      3      1      0      1      5      5      0      2      0      1      0      2
31879  70     000001 000059 5.000e-01      1      2      0      0      1      0      1      4      0      0      3      0      1      0      0      0      0      1      0      2      1      0      1      1      3      1      1      1      0      0      0      3      0      0      1      0      1      0      0      0      0      0      1      0      0      0      0      0      0      0      0      0      0      0      1      0      1      1      0      0      0      0      1      1      0      0      1      0      0      0      2      2      1      0      0      1      1      0      0      1      0      0      2      0      0      0      2      1      0      2      1      1      1      0      3      0      0      0      1      0
31880  70     000001 000083 5.000e-01      0      0      0      1      0      0      2      0      1      1      0      2      0      0      0      0      0      0      1      0      2      0      0      1      1      1      0      4      1      3      0      0      0      0      1      1      1      2      0      3      1      4      1      0      1      1      1      0      3      1      3      2      0      1      4      1      0      0      0      0      1      1      0      0      0      1      0      1      1      0      2      0      0      1      1      0      0      0      0      0      1      0      0      2      3      2      0      1      0      2      1      0      1      2      3      0      1      1      1      0
8      0      000013 000790 5.000e-01      3      3     12     10      0      0      2      6     20      6      4      2      1      9     12     14      3     19      4     11      1      4     24      1      4     10      3      0      0      9      8      0      9      4      6      2     20      9      1      7      8      2     12     18      8      8      3     16      0      0     17      4     19      9      4      4      5      3     21     15      0     10     12     10      1     10     19     16     15     13     14     40     19      2      0      4      3      9      0      3      8      2      1      3      6      0     15      9     13     14      7      1      5     16      3     14     19      3      1     11
7763   8      000012 000714 5.000e-01      5     11      0      5      2      2     13      0      4      1     10      4      2     10      7      7      3     15      7      1      6     18      4      3      4      4      5      4      7      6     13     12      7      0      3      2     10     19      9      1      4      6      4      2      6     10      4      8     16      4     12     26      4     18      3      7      6      2      4     21      5      9      5      2      3     15      4      9      7      6      0     12     15      8     10      7      2     14     11     12     13      8      4      2      8     16      3      8     13      6      1     15     15      6      6     20      0      0      0      1
31886  8      000001 000061 5.000e-01      1      0      0      1      1      0      0      1      0      0      2      0      0      0      0      1      1      2      0      2      2      0      1      0      1      1      0      0      1      1      0      0      1      1      0      0      1      0      1      0      0      0      1      1      1      0      1      1      0      0      1      0      1      1      0      1      1      0      5      0      0      1      0      4      0      0      1      1      0      0      1      1      0      0      1      3      0      0      1      0      0      1      0      0      1      1      0      1      1      0      1      0      2      1      0      0      0      0      0      0
153    0      000021 001355 5.000e-01      3      5      5     11     38     10     14     14      6      6     12     13     12     12      6      5     27     28     24     35      3     20     80     13     25     15     30     28     16     19      2     13     18      5      0     12     10      9     29      9      8     23      1      2     16     17     22     26     12     33      5     12     17     13     28     11     10     17      7      3     15      6      6     12     10      9      6      4      2      9      5      8      4      5      8      4      3      4     22     15     12     11      2     33     25     28     49      4      4     10     22      0     13      5     19      4      9     10      8      5
338    153    000014 000923 5.000e-01     30     18      7     22      5     11      3      8      7      5      2     18      6      0      4      0      3      2      3      5     26     59     23      1      8      8      6     17      6      0      8      1      8      8      1      3     27      4      1     14     14     10     10      1     12     18      3      2      1      6      5     12      6     13      0     14     17      6     15      1      6      7     17      6     22     10     17     26      0      2      8     22      8     45     18      3      8     16     16      7      4      3      1      6      4      6      4      6     12      0     17      1      3      2      1      2      9     10      5      9
31492  153    000003 000205 5.000e-01      0      1      4      4      2      6      4      0      0      0      4      0      2      2      2      2      2      0      5      1      3      2      4      1      1      9      0      3      3      8      2      1      2      2      3      0      4      0      1      1      0      0      1      3      2      6      5      3      2      0      3      0      2      3      2      4      0      1      0      0      0      0      3      3      3      2      7      2      0      6      3      1      1      2      1      1      1      1      3      0      1      1      3      3      3      3      1      0      0      1      3      3      3      0      6      1      2      0      3      0
31728  153    000004 000253 5.000e-01      2      2      1      6      0      2      0      6      4      0      5      2      0      2      8      1      4      5      0      1      0      4      1      3      5      6      3      3      2      2      8      1      0      0      5      1      1      1      2      1      3      2      6      0      0      5      1      4      2      6      0      2      0      0      0      2      0      3      7      2      3      1     10      1      0      8      1      1      4      1      2      4      0      2      0      3      3      7      2      2      1      4      4      2      1      2      0     11      7      2      0      9      0      2      0      0      2      3      1      2
18     0      000029 001815 5.000e-01      7     34     28     17      8      9     32     12     18      9     15     22     15     23      4     30      0     49      6     17     26      2     35     50      7     11     23     11      7      3     17     18     34      3     12      8     30     27      7      5      3      2     44      5     34     12     49     20     17     35     18     18     42     17     19     17     13     20     38     51     14     23      1      8     21      8     25     30     10     19      8     14      7     23     11     16     38      6      2     32     20     28     10     23      0      4     20     40     10     46      3      6     43     14     15      9     12      3     15     13
29     18     000023 001397 5.000e-01     26      3      8     19      4      3     27     12     68     12      2     21      7     17     25     18     14      4      8      7      2     33      2      9     13      7      0      3      4     26     37     23      3     23      6     11      4     10     16     21     15     24      0     16      4     16      4     27     18      2     19     11     22     25      7      9      8     28      7     22      5      1     22      4      7      4     16     27     50     29     13     21     35      3     25      6      0     26     17      7     17      7      6      1      7      7      8     22      5      4     20      5     22     10     13     29     17      4     16     17
31571  18     000002 000097 5.000e-01      0      0      0      1      1      2      1      1      1      2      0      2      0      0      0      1      1      0      0      0      0      2      0      0      0      1      0      0      1      0      0      2      0      2      2      0      5      0      0      0      0      0      1      1      2      1      1      2      1      1      0      0      1      0      0      0      0      1      2      4      1      1      1      2      0      2      1      1      3      1      1      0      0      0      2      0      1      1      4      1      1      5      0      6      0      0      1      0      0      3      1      2      1      4      2      0      0      2      0      0
31743  18     000002 000122 5.000e-01      2      1      0      4      0      1      3      0      1      0      1      0      1      1      0      1      0      2      7      1      0      5      0      0      2      2      0      1      2      1      0      0      1      0      0      3      3      4      2      0      1      0      3      0      1      1      3      1      1      0      3      0      3      1      1      5      1      1      2      0      1      2      1      0      0      5      0      1      2      1      0      0      0      0      0      0      1      0      3      1      4      0      1      0      0      1      0      1      2      1      1      4      1      0      1      2      1      0      3      1
31858  18     000002 000144 5.000e-01      1      4      2      3      1      1      0      0      0      1      3      0      1      0      4      0      2      2      0      2      4      0      1      0      0      3      1      1      1      1      0      5      0      0      4      1      3      1      1      2      4      5      0      1      0      0      0      1      3      2      0      1      3      0      0      4      3      2      1      0      0      2      1      0      1      5      0      1      1      7      1      2      0      0      2      0      4      2      1      0      1      1      1      0      1      2      0      5      0      1      2      1      1      1      1      1      3      5      1      0
22     0      000002 000128 5.000e-01      1      0      0      1      2      1      1      0      1      0      1      2      0      3      3      7      0      0      0      0      0      0      0      0      7      0      0      0      2      0      0      1      3      2      0      3      2      4      0      5      2      2      1      3      0      1      4      2      1      1      5      1      0      3      3      3      0      2      2      0      1      0      2      2      0      2      1      2      3      0      3      0      1      1      1      1      2      0      1      4      0      2      0      0      5      0      0      0      2      1      1      0      0      1      1      0      0      0      0      0
31777  22     000001 000060 5.000e-01      1      0      1      0      0      1      0      0      1      0      0      1      0      0      1      1      0      1      1      1      0      0      2      2      0      0      3      2      0      1      0      0      1      2      0      0      0      0      0      3      0      0      0      0      0      0      0      1      0      0      3      0      1      0      1      0      3      0      5      0      0      0      1      0      0      0      1      2      0      1      0      2      2      1      0      1      0      1      0      2      1      0      0      0      0      1      0      0      1      0      0      0      0      0      1      2      0      0      0      0
31883  22     000001 000070 5.000e-01      0      0      2      0      1      3      0      1      2      1      0      0      0      0      1      0      1      1      0      0      0      0      0      1      1      1      1      1      1      0      0      1      0      0      1      0      2      0      0      1      1      1      0      0      0      0      2      1      0      2      0      2      2      0      2      1      1      0      1      0      0      0      0      0      0      1      2      1      0      2      0      1      0      1      0      0      1      3      1      1      0      3      1      2      3      1      0      1      0      1      0      0      0      2      1      1      0      0      0      0
30895  0      000002 000130 5.000e-01      1      2      1      1      5      1      0      0      0      0      1      0      1      2      0      2      0      0      1      0      2      0      1      0      0      0      2      0      0      1      0      1      1      1      0      0      0      0     11      2      3      0      0      6      2      2      2      6      0      5      0      1      2      1      2      1      1      1      2      2      0      0      0      0      0      0      3      0      0      0      0      2      4      0      0      3      1      2      2      1      1      4      6      0      0      0      5      1      0      2      1      2      5      0      0      3      0      0      3      0
31881  30895  000001 000090 5.000e-01      1      0      1      1      0      1      0      1      0      0      1      4      0      1      0      2      2      1      2      2      1      0      2      1      0      3      1      1      0      1      1      1      1      1      3      1      0      1      4      1      1      0      0      1      1      2      1      0      0      2      0      0      1      1      1      1      1      0      1      1      2      0      0      0      0      1      0      1      1      0      2      0      1      1      2      1      0      0      0      1      1      1      0      0      1      0      0      0      2      1      4      0      1      3      0      3      0      0      1      0
31882  30895  000001 000087 5.000e-01      2      0      1      0      3      7      0      0      1      1      1      0      0      5      0      0      1      0      0      0      0      0      2      0      0      1      1      2      1      1      0      0      2      0      1      1      1      0      3      0      0      2      1      0      0      0      0      0      4      0      0      1      0      3      0      1      1      0      3      2      1      0      1      2      1      1      0      2      3      0      0      1      0      2      0      1      0      0      1      0      0      0      0      0      2      0      1      3      0      0      0      0      0      2      1      3      1      1      0      1
31884  0      000001 000056 5.000e-01      0      0      2      0      0      0      0      0      0      0      0      1      2      0      0      0      0      1      3      0      0      0      0      0      1      1      0      0      0      3      1      0      2      2      0      0      0      0      3      2      1      0      0      2      1      1      0      0      2      1      1      0      0      0      1      0      1      1      0      0      0      0      0      0      0      1      0      1      2      1      0      0      0      0      0      0      1      0      1      0      2      0      0      1      0      1      0      1      0      2      0      0      0      0      1      1      1      0      3      0
31885  31884  000001 000058 5.000e-01      1      0      1      0      1      0      0      0      0      1      0      1      0      1      1      0      2      0      0      0      0      1      0      0      1      1      1      0      0      0      1      0      0      1      1      0      0      1      0      1      0      0      1      0      1      0      0      0      0      0      1      0      0      0      1      1      0      1      1      0      0      1      1      0      0      0      2      1      2      0      1      0      1      1      2      2      1      0      2      0      0      3      0      0      2      1      2      1      0      1      2      0      0      0      1      1      1      0      0      1
