SCORE -1.38900235982584e+05
ITER 9000
ETA        1.50000000000000e+00 1.50000000000000e+00 1.50000000000000e+00
GAMMA      5.00000000000000e-01 5.00000000000000e-01
GEM_MEAN 5.00000000000000e-01
GEM_SCALE 1.00000000000000e+02
SCALING_SHAPE 1.00000000000000e+00
SCALING_SCALE 5.00000000000000e-01
ID     PARENT NDOCS  NWORDS  SCALE     WD_CNT
0      -1     000100 012623 5.000e-01    182     39     20    200    157    145     69    147     83    114    110     36      7     45    203     18    168    130    332     25    100     60    533     49    170    248    159    292     22     13    182     42     71    117    107    184    195     60    251    222     39    299    120    148    156    103     25     37    113     65    101    254    218     90      7    115     43     18    308     25     49     33    143    198     26    272     72     73    223    138     81     64    171     40     64     38    281    114      3    211    212     32    108     47    185    128    129    125    469     96    205     67    111    187    109     92     71     71     43    251
1      0      000017 000988 5.000e-01      0      4     10      1      1     19      1     12      0     10     13     16      8      2     14     15      1      7      2      4     15     11      2     17      2     10     12     32      6      7     16     10      4      3      0      1      4      8     14      9      3     18     16      2     14      4      7      3     25      4     16     41     13      0     25     20      9      8      1     11      5      8      7     19      5     16      4     22     16     22     20     11      6     17     10      7     25      4      0      2      4      5     18     18     15      6      4      4     10      5     13      5      8     14      8     15      9     22     12      4
31036  1      000017 000991 5.000e-01      8      4      9      4      6      1      5      4     20     14      6      4     21      7     23      6     13      4      1     17      8      7     22     12     15     29     12     15     22      1     12      8      9      3     42     18      5     12     17      7     13      4     16     12      7      4      5     10     12     19      1      7      9     22     14     17      8     10     13      1      6     14     11     18      4     13      6      2      9      4      8      5     25      1      6     12     11     13     13      8      0      1      1      2      6     12     13      0     17      2     17     13      2      3      6      5      8      1      3     33
5      0      000013 000785 5.000e-01      2      1      0      0     10      9      2     28      5      6     12     10      2      7      3      7      5      1     16      2      6     22      4      5      0      6      5     14      7      9      3      4      3      2     19     11      6     14     17      6     11      0      7      8      0      1      0      1      3      2     45      7     10      2     16     11      5      8      9      3      7      4      6      0      3      5      4      2      4     14     10     21      7      0      0     17     10      7      8      6      5     19      2      1      5     19      4     22      3     16      3      4     17     26      9     16      2      9      0     28
24575  5      000013 000801 5.000e-01      4      3      7     15      3      8      2      0      4     16     30      4      9      7      0      1      2      9      2      6     14     17      2      3      4     16      8      9     10      2     32     15      5      3     10      2      1      6      9     20      7     17     16      2     11      8      3     13     19      7      7     14      3      5     14     13      3      9     21      9     13      2      7      6      4     11      8     15     14      0      6      2      2     14      4      8     21      7     14      2      2     11      8      1      8      5      2      0     10      8      1      0     13      3      8      9      1     16      5      9
51     0      000038 002481 5.000e-01      8     11     39      7     27      8      9      4     16     35      9     35     19      3     35     21     25     10      2     42      7     44     39     31     15     14     14     71     53     57     21     52     19      5     35     17      4     60     44     24     54     39     36      5     28     10      9     10      1     16     29     25      4     76     43     19     24     25     35     34      1      4     14     11     25     23      9     43     27     36     44     46     59      3      8      1      7     23      8     35     13     25      7     41     61     34     63      3     27      9     49     14     34     64     34     15     11      8     16     13
26651  51     000035 002170 5.000e-01     32     17     27      6     49      9     17     32     37      6     40     12      9     33     51      6     16      8     31     12     16      9     24     34     24     47     12     49      1     25     16      4      9      4     24     31     19      4     25     14      9     21     12     26      5     16     27      5     19     49     65      5     16      3     10     28     16      8     46     10     25     15     10     29      5     17     10     23     56     15      9     37     39     29      4     36     26     47     20      4     22     37      7      4     36     16     20     22     39     41     22      7     35      3     21     32     23     26     18     46
44713  51     000001 000080 5.000e-01      1      1      1      0      1      0      2      0      1      1      0      4      2      1      0      0      0      0      1      1      3      1      1      0      1      4      0      0      0      0      2      1      0      2      1      0      0      2      1      1      0      0      2      1      1      1      0      0      0      0      0      4      1      3      0      0      3      0      0      0      1      0      0      0      0      2      0      2      0      0      1      0      0      2      0      0      1      0      0      2      0      0      0      0      0      6      0      0      1      0      2      0      3      1      1      0      1      0      1      0
44714  51     000001 000073 5.000e-01      1      1      0      0      0      1      2      0      1      0      0      0      0      1      2      0      2      2      0      0      0      0      2      3      0      2      1      0      0      0      0      0      0      0      2      0      1      0      1      1      0      0      1      1      1      0      0      0      0      2      0      1      2      0      0      0      1      0      4      1      0      1      0      2      1      0      1      0      0      0      1      1      0      2      0      2      2      1      0      3      0      1      0      2      3      0      0      1      1      0      1      0      0      2      0      2      0      2      1      0
44715  51     000001 000058 5.000e-01      3      1      0      1      0      0      0      1      1      0      0      0      0      0      0      0      1      1      0      0      1      0      0      0      2      1      1      0      0      0      1      0      1      0      0      0      0      2      1      0      2      1      0      1      0      0      0      1      2      1      0      0      0      0      3      0      1      0      1      0      0      1      0      0      1      0      0      1      0      0      1      2      1      0      0      2      0      0      1      1      0      1      0      1      3      0      0      3      1      2      0      0      0      0      0      0      2      1      0      1
33     0      000032 001898 5.000e-01     24      0     17      6      3      3     22     30      7     18     18     15      5     13     48      9     21      9     16     24     16     34     22     21      8     21      9     30     11     21      1      2     21      1     44     11      3     68     15     15      7     40     18      9     19     23      2     20     15     28     54      9      2     10     47     49     10      5     45     17     31      6     14     19      9     19     10     13     40     12     30     25     15     22      4     21     12     29      2     39      3     67      1     15     40     19     21     26     19     18     28     21     42     21     16      2      7     20     14     15
1292   33     000026 001630 5.000e-01      3      8     10     11     29     19      8      4     14     22     13     33     31     21     37     10     22      3      4      4     30      7      8     16     14     38     15     63     22      4     30     43      1     10     15     18      2      9     29     17     39     36     27     16      4      9     15      1     14     16     20      9     11     29      4      7     25     10     49     21      1     15     25     15     11      8      2     18     45     10     19     28     15     11      9     14     20     14      6     11     15      6     15      9     13      3     38      2     22      6      8     27     11     10     25     14     10      8      9     23
44222  33     000006 000422 5.000e-01      3      8      3      2      1      0     18      1      0      0      2     11      5      0     11      2      1      6      2      0      2      0      2      5      6     13      0      2     18      3      4      0      4      2      2      1      2      8      2      5      4      2     15      6      7      3      3      4      0      0      4      7      8      2      7      7      2      8      3      0      4      3     10      0      6      2      4      2      3      0      0      2      3      5      2      7      2      8     11      7      4      2      4      3      2      6      1      2     17      5      4      6      6      3      1      1     10      8      3      4
