SCORE -1.38813642314059e+05
ITER 4000
ETA        1.50000000000000e+00 1.50000000000000e+00 1.50000000000000e+00
GAMMA      5.00000000000000e-01 5.00000000000000e-01
GEM_MEAN 5.00000000000000e-01
GEM_SCALE 1.00000000000000e+02
SCALING_SHAPE 1.00000000000000e+00
SCALING_SCALE 5.00000000000000e-01
ID     PARENT NDOCS  NWORDS  SCALE     WD_CNT
0      -1     000100 012717 5.000e-01     87     14     42     37    123     81     42     55     92     96    120     24     15     31    209      4    126     90    265     54     77     84    550    103    157    295     97    427    100     12    216    103     65     56    201    180    114    114    322    236     49    278    107     67    146     60     46     27    117     76    208    214    197    109     37    125     85     26    399     41     30     22     91    200     37    238     17    133    323    143    149    150    218     36     36     16    276    137     29    237    162     54     74     17    177    155    153    122    509    104    201     57    149    187    131     40     47     33     47    250
1      0      000022 001386 5.000e-01     28      4      5     20     21     15     15     28      3      9     14     23     11      8     31      9      8     20      7     14     29      4     15      4     11     33     24      8     14     12      4      1      0     17      9     14     17     18     27      4     19     35     21     28     17      6      0      2     16      6     12     42     10      2     26     12      7      9      2     17      9      6     10     20      4     19      9     16      2      1      6      2      3      8      2      8     58     32      8     11      6      7     20     23     28      0     17     21     24      2     17      6     14      3     16     27     16     18      8     32
17980  1      000016 000948 5.000e-01     12      5      4      8     17      3     10      7     17      6      5      3     11      6     12      9     15      3      7      1     13      1      1     11      4      7     14      3      9      3      4      2     18      1      1     15      6      6      4     16      5     23     12     14      1      9      4     11     20      9      3      7     10     10      5     27      4     11      3      2      7     24     27     14     10     35     11      0     10     12      2      7     23      1     22     18     16      3      0     22     33      8      1      3     13     13     10      4      8      3     17     13      9     21      6      0      8     14      9      1
23934  1      000003 000199 5.000e-01      4      2      2      4      0      0      0      1      1      5      6      4      3      0      0      4      2      1      1      5      0      3      2      4      3      2      0      6      1      0      6      2      0      0      2      0      3      6      0      0      0      2      3      0      5      3      2      3      3      1      2      1      5      6      0      6      0      0      2      4      1      2      2      0      0      0      0      2      4      4      1      0      2      1      2      1      1      1      0      1      0      0      0      0      8      0      0      1      3      2      2      4      0      3     10      3      4      1      0      0
23950  1      000002 000143 5.000e-01      2      1      2      3      0      1      4      1      0      2      0      1      1      4      1      1      3      1      3      0      0      2      0      2      2      0      5      1      1      0      2      1      1      4      2      2      3      4      1      1      1      1      0      1      0      3      1      1      2      2      2      3      5      0      1      3      1      4      4      1      0      0      3      0      1      1      0      0      6      4      3      1      0      0      0      6      0      0      0      1      2      1      1      0      1      1      1      0      0      0      0      2      0      0      1      1      0      3      1      1
23951  1      000001 000085 5.000e-01      2      2      1      2      1      0      0      2      0      0      0      1      2      1      0      2      1      3      2      0      1      1      0      0      0      1      1      4      2      0      1      2      0      0      0      1      2      0      0      2      0      1      0      0      0      0      0      1      3      1      1      0      1      1      2      1      0      2      4      1      0      1      2      1      1      0      0      1      1      1      1      2      0      1      1      0      1      1      0      0      0      0      0      1      0      0      0      0      0      0      3      1      1      1      0      1      2      0      1      0
5      0      000012 000661 5.000e-01      3      5      3     10      5      6     11     12      1      2     26     14      0      9      0      4      5      2      3      0     12     10      4      2      7      2     14      5      3      8      7      5      9      4      8      6     11      2      2      8      4      6      9     11      0      5      0      6      7      0     13     24      6      4      6      7      2     10      8      3      7      4     20      7      0     12     12     11      0      4      8      6      4      5      1      6      2      3      5      8      0      5     11      0      2     14      5      6      7      6      1      0     15     29     10      5      6      7      5     21
23265  5      000004 000266 5.000e-01      1      3      4      6     11      4      0      3     11      5      2      1      0      5      0      1      5      0      1      9      1      0      4      1      0      0      0      0      4      7      2      1      2      0      8      7      1      4      2      4      4      1      2      0      0      3      1      1      2      2      4      0      1      4      2      1      1      1      3      2      5      2      1      0      3      0      3      1      1      2      4      2      3      5      1      1      0      5      0      3      2      2      1      2      5      0      0      0      6      6      4      4      7      1      3      4      8      2      4      8
20379  5      000008 000515 5.000e-01      3      0      0      9      8     17      1     14      2     10      7      4      5      0      7      1      2      8     16      2      5     13      4      3      1     14      0      8      2      4      4      2      1      8      1      4      4      5      3      8      8      6      6      5      6      1      1      3      0      6     10      3     10      7     14      2      1      4      5      4     12      2      3      2      2      1      4      8      2      1      2      9      0      1      1     14      2      0      8      5      3     14      0      0      4      4      2      6      5     12      3      8      7      6      2     19      1     12      2     14
51     0      000028 001652 5.000e-01     26     27     26     14     30     30     10     39      6     23     21     14      7      4     30      7      7      6     45     13     10     22     10     24      1     20      1     22      7     36     18      5     11      2      3      6      9      6     15     13     32     10     18     27     16      7     11      2      9     34     26      8      3     61     29     10      9      8     30      5     13      8     21     24     11     31     24     11     23     18      6     33     19     18     10     16     29     13     18      6     25     20      0     19     68      4     15      5      6     14      5      1     14     18     10     41      9     17     10     18
12243  51     000023 001411 5.000e-01     26      1      3     38     29      0      6     11     10      7      8     17      5     21     23      8     47     14      6      2     14     11     32     15     28     13     41      3      8     15      2     18      9     14      4     27     27     19     17     16      8     36     28     26     24     12      4     12      4      9      2     22     19      0      4     10     11      6     23     26      7     11     11      4      2     15      3     17      0     21     12      2     27      3      1     18      5     28      4      3      6     24     20     25     19     10     25      7     13     17     27     15     15      6      1     12      6     22     12     34
23857  51     000003 000171 5.000e-01      5      2      2      0      1      0      1      0      8      0      1      0      1      4      4      1      0      0      3      3      0      4      1      1      0      5      0      2      2      4      2      2      1      4      1      0      1      0      0      0      1      1      0      1      0      1      1      1      2      6      2      0      0      3      4      4      1      1      3      3      0      1      0      0      0      2      1      2      2      3      2      3      4      1      0      2      1      6      0      0      2      1      4      2      0      2      1      3      2      3      1      0      2      1      6      0      2      1      3      4
23952  51     000001 000063 5.000e-01      0      1      1      0      1      0      0      0      0      5      1      1      0      0      1      0      1      0      0      1      1      0      1      0      2      0      2      1      2      0      0      1      2      0      1      1      0      1      1      0      0      1      0      0      1      0      0      1      0      0      1      0      1      0      2      1      0      0      0      0      0      0      0      1      1      2      0      1      2      1      0      0      1      0      0      1      0      1      3      1      0      0      1      0      0      0      1      1      0      1      0      0      1      0      1      0      3      2      0      0
23953  51     000001 000074 5.000e-01      2      0      1      3      1      0      0      0      1      0      2      0      1      1      0      2      0      2      1      0      0      1      1      1      0      0      0      3      0      0      1      0      0      2      1      0      0      2      2      0      1      1      0      1      1      0      1      0      1      1      0      0      0      0      1      0      0      0      1      0      1      1      0      0      0      2      0      0      0      1      1      0      3      0      0      1      0      3      0      0      0      0      3      6      0      1      3      0      1      1      1      2      0      0      0      0      2      0      1      0
47     0      000006 000356 5.000e-01      4      4      7      3      1      2      4      2      2      6      2      7      5      4      8      3      4      3      3     12      5      1      3      2      2      3      4      4      2      6      1      4      1      4      9      1      2      5      2      4      4      1     11      5      1     12      1      3      2      4     10      0      4      3      0      4      5      1      5      1     10      1      1      0      3      1      6      1      1      2      1      0      3      0      1      4      4      1      0      5      0      4      2      6      4     14      8      2      7      1     15      3      3      0      5      1      0      5      1      2
22872  47     000004 000226 5.000e-01      0      1      4      1      0      2      2      1      1      5      7     13      2      1      4      0      2      0      0      1      1      2      0      1      3      3     14      8      0      2      7      2      0      2      1      2      1      4      0      2      2      0      1      1      3      0      0      0      1      0      1      7      3      6      0      2      0      3      3      0      1      1      2      0      3      5      4      4      6      3      4      5      1      6      0      1      2      0      0      1      1      8      0      3      0      0      6      2      1      1      5      2      1      2      1      2      5      0      0      2
23946  47     000001 000067 5.000e-01      2      2      0      0      1      1      1      2      2      0      1      0      1      2      0      1      0      0      0      2      0      1      2      0      0      0      1      2      1      0      2      1      0      1      0      0      0      1      0      1      1      1      2      0      0      1      0      1      0      0      0      0      0      0      1      0      0      0      0      1      0      0      0      2      0      1      2      0      0      0      0      1      1      0      1      2      3      1      1      0      0      0      2      0      1      2      0      0      1      4      1      0      0      0      0      0      1      0      1      0
23954  47     000001 000072 5.000e-01      0      0      2      2      0      1      2      2      0      0      0      2      1      0      0      1      1      1      3      1      1      1      0      0      2      0      0      0      0      4      0      0      0      0      0      1      1      0      1      0      0      1      0      0      2      1      0      0      1      0      1      0      1      0      1      1      0      0      0      3      1      0      0      1      0      1      1      0      2      0      0      3      0      0      0      1      0      3      0      2      1      0      1      0      0      1      2      0      2      0      0      0      0      0      1      0      3      0      1      3
33     0      000030 001912 5.000e-01     50      3     21     64     21     29      6     35      7     14     12     39     23     17     79     22     37      8     28      4      6     16      3      8     11     19     19     49      3     16     16      3     16     14     39     12     22     37      8     22     15     40      6     22      7     30     12     19     16     27     36     14      6     11     35     36      5     15     24      4      5      8     31     32     10      3     17      0     41     21      0      3      8     43     23     30      6      5      2     14     18     25     15     15     28     25     11     13     26      6     20     21     21     29     15     13      7     35      9     20
1292   33     000020 001146 5.000e-01      3     11      5     21     11     19     26     38     17     29      8      5     12     17      5     12      3     19      3      8     35     27     24      3     10     20      5     10      0      6     10     14      2     14      0     10      8     12     12      1     31     20     18     20     14     27      7      4     11     19      3     10      6      6      5     19      5      3     14      9     25      6     19      4      8     14      4      3      2      4     16      3     15      4      0     11     10      9      2      7      3     20      3      9      9      1     33      3      0     20     16     13     18     17     11     24     14      6      6      8
22716  33     000007 000467 5.000e-01      5      8      4      4      3      9      2      8      3     13      4      3      6      1      9      1      6      3      1      2      1      2      2      6     11      3      0      9      7      3     10     11      5      2      9      2      6      6      0      1      3      9     28      0      2      1      3      4      5      6      4     15      6      0      2      9      5      2      0      2      2      6      1      4      1      2      5      1      5      4      8      7      0      4      2      2      1      7      2      2     11      5     10      7      7      4      0      9      6      4      8      5      0      3      3      3      6      8      1      4
23852  33     000003 000206 5.000e-01      0      0      3      0      2      0      4      1      2      4      3      1      3      3      1      1      1      4      6      3      4      4      2      1      2      4      2      0      2      4      3      0      3      0      1      1      0      0      4      2      0      2      5      4      2      0      1      1      0      0      1      6      2      8      4      0      6      1      1      2      0      0      1      1      1      0      0      3      2      0      1      5      3      1      3      0      1      8      0      1      5      3      1      4      2      0      1      1      3      1      2      3      2      9      2      5      0      1      1      2
23878  0      000002 000135 5.000e-01      1      2      1      3      0      1      7      1      2      0      1      3      0      0      0      1      0      0      2      0      2      1      0      2      2      2      3      1      0      0      2      1      1      2      0      2      3      0      3      0      0      0      2      2      5      0      0      1      0      0      0      4      0      1      9      6      1      1      1      1      0      0      0      0      2      1      1      1      1      0      3      0      1      3      2      1      0      0      4      1      0      3      0      2      0      3      0      0      5      0      1      1      1      0      3      0      2      5      0      2
23923  23878  000002 000122 5.000e-01      5      0      0      1      0      1      3      0      1      1      2      0      3      1      3      0      1      2      3      0      0      1      0      2      2      3      1      1      2      0      0      0      0      1      0      0      1      1      0      0      0      1      7      2      0      0      0      1      1      0      0      3      1      0      0      0      1      1      0      0      7      0      1      0      0      2      6      0      1      1      0      0      4      5      2      5      0      0      0      0      0      3      1      0      1      0      1      4      1      0      3      3      2      1      0      2      3      0      2      1
