SCORE -1.38597771825320e+05
ITER 8000
ETA        1.50000000000000e+00 1.50000000000000e+00 1.50000000000000e+00
GAMMA      5.00000000000000e-01 5.00000000000000e-01
GEM_MEAN 5.00000000000000e-01
GEM_SCALE 1.00000000000000e+02
SCALING_SHAPE 1.00000000000000e+00
SCALING_SCALE 5.00000000000000e-01
ID     PARENT NDOCS  NWORDS  SCALE     WD_CNT
0      -1     000100 012607 5.000e-01    116      4     43    166    129    124     46    117     86     63    127     90     44     29    191     16    117    101    248     14    112     59    406    107     74    331    131    380     65     34    174     64     59     72    203    155     48     91    308    208     39    358    117    131    140     48     30     14     43     75    225    284    213     75     69    163     17     15    397     23     84     37    130    200     43    275     63     76    314     81    164    116    181     51     31     54    330     92     15    243    113     15    106      1    167    176    130     79    540     65    228     47     76    213    120     35     19     84     38    347
1      0      000018 001087 5.000e-01     13      0     10      0      3      3      9     13     14      7      9     10     16      0     19      8     12      5     16      2     17      7     30     17     28      9     10     32      7      2      8      2      9      7     26     22     16      6     12     23      1      1     10      8      9     15      9      9      8     18      2     20     11     21     15     16     19      4      6     14      5     15      9     14     11      6      8     15      2     22     13      6     11      9      0      8     26      7      8     13     15      7     15     19     11      5      4      5     15     11      4     12     15     17      7     10     13     10      5      4
31036  1      000016 001020 5.000e-01     15     15      4      7      2     14      5      1      8     25      9      1      4     10     23     11     12     14      7     22     19     11      8      1      6      8      7      7     13      1     26     14      8      3      6      5     26      6      9     14     20     10     17      8     20      2      7      8     43      1      7      7     12      4     16     13      4     15      1      3      3      2     11     19      2     11      6      6     14      7      4      7     20     11     17      3      6     14      5      3     13      4      2      9     24      1     12     12     15      4     38     10      2      4     18     14     15      7      8     12
40626  1      000001 000078 5.000e-01      0      1      3      1      1      1      0      0      0      2      0      1      0      0      3      0      0      0      1      0      1      0      0      1      3      1      0      0      1      0      0      1      1      1      1      0      0      2      4      0      2      0      3      1      0      3      1      0      1      0      0      1      0      0      0      4      0      0      1      0      0      2      1      0      0      1      2      3      1      0      0      0      1      0      1      1      1      0      1      0      3      1      1      0      0      0      1      0      1      0      0      1      1      1      1      2      0      2      0      0
40633  1      000001 000087 5.000e-01      1      2      0      1      0      0      0      0      2      0      1      0      2      0      0      1      0      1      3      0      0      1      0      2      2      1      0      0      0      0      0      0      1      2      0      0      2      2      1      1      0      1      3      0      1      0      0      0      1      0      0      3      1      1      0      3      2      4      1      0      1      0      1      1      1      0      1      0      1      0      0      0      2      1      1      2      0      0      1      1      0      3      1      0      0      3      1      1      1      0      0      1      1      0      2      1      3      3      2      0
5      0      000010 000667 5.000e-01      8      3      6      2      3     13      3     19      7      2     26      6      0      7      1      1      5      5     10      0      6     22      3      0      5      3      1      5      4      7      2      7      5      6      5      6     17     12      5      2     18      7     11      3      1     11      2      8      7      2     18      4     13      4     11      3      5      8      7      0      9      3      7      2      3      3      1     10      5     12      1     13      0      5      4     14      4      4      9      7      8     11     10      3      4      3      4     13      1      3      1      1     22     23      5     15      1      9      8     13
24575  5      000009 000490 5.000e-01      0      6      0      9      3      5      2     10      2     16      0      1      4      3      9      0      3      5      8      8      5     14     17      2      3      6      2      2      1      0     25     12      1      3      0      6      0      1     11     13      2      6      2      7      5      1      3      5      9      0      3     15      0      4      2      9      4      3      8      7      6      2      8      6      2      1      8      2      2      3      1      2      3      6      3      3      2      6      7      1      2     15      1      0      3      7      1     11     14     18      1      4      5      0      3     11      3      3      1      0
40628  5      000001 000084 5.000e-01      0      0      0      0      0      1      0      0      0      2      1      3      1      0      0      1      3      0      0      0      3      3      0      0      1      0      1      1      1      1      0      0      2      0      1      1      1      0      0      2      0      0      3      2      0      0      0      0      3      0      2      1      3      0      1      0      1      0      0      0      2      0      2      1      0      1      0      1      1      2      1      3      1      0      1      1      0      1      0      0      1      0      0      0      0      1      0      2      1      2      1      0      0      4      0      2      2      1      0      3
51     0      000037 002266 5.000e-01     51     12     35     16      1     18     12     34     25     46     21     13      4     25     15     11     19     11     36     40      3     36     41     43     48      7     22     43     12     67     21     29     15     27      3     30     28     27     15     25     31     38     41      1      0     36     21      8      7     42     23     17      0     39     13      1     29      9     24     20      3     13     15     24      4      9     13     27     25     44      6     27     48     24     15     22     21     42      9      0     35     16      6     38     59     22     61     21     11     21     26      1     36     10     28     29     36      6      1     25
26651  51     000037 002256 5.000e-01     12     31     18     14     93      5     15     14     23     14     26     12     10     28     80     18     40     17     30     16     10     16     50      2     37     31     30     45     19      4     12     21     18      2     23     17     30     21      4      3     24     14     24     43     35      7      6     17     35     19     18      2     10     47     24     25     23     22     27     26      8      3      1     25     14     35     12     50     16     28     21     40     38      5      8     17      0     44     21     24     21     54      4     34     49      6     18     10     16     43     17     27     33     19      9     36     23     34     30      4
33     0      000033 002125 5.000e-01     44      4      9      9      8     22     37     15     14     22     10      8      9     32     73      5     35     14     15     30     28      5     75      6     25     11     34      4     34     12     10     16     11     16     24     28     43     46     20     30     28     20     34     16     26     34      9     23     43     38      5      8     15     17      9     19     24     13     31     18      4      4     27      9      4     29      0      2     42     23      9     27     13     18     19     26     16     51      4     20     47     61      2      6     42     16     24     47     10     16     16     20     47     16      8     32     17     21      5      2
1292   33     000023 001389 5.000e-01      3      9     10     22     36      8      2     22      6     30     13     21     22      3      6     18     27      7     16      1     10     28     21      6     17     24      1     44      2      4     14      8     10      4      5     21     23     30     24     13     17     19      5     12      6     14      5      8     15      7     29     10      8     22     22     19     15      2     26     20     12     19     23     12      8      3      9     13      7     23      3      0     22     11      6      7      3      3      2     17     16      7     16     24     10      0     36      7      4     18      8     30     32     13     33      7      9      4     25     15
39094  33     000009 000523 5.000e-01      3      8      2      5      4      6     22     17      1      8      8      4      1      2      5      3      3     10     18      0      2      6      4      7      9      9      6     14      3      8     21      4      1      6      3      0      4      2      9      3      3      2      9      1      5      7      3      2      5      5      9      7      7      3      6      8      1     10      3      0      3      3      9      2      4      8      3      8      5      5      1      2      2      3      2      4      6      2      2      1      4      7      6      5      4      5      1      1      4      7      6      7      9      9      2      6     13      4      0      1
40627  33     000001 000041 5.000e-01      3      0      1      0      0      1      0      1      0      0      0      0      0      0      0      1      0      0      0      0      0      0      0      1      1      1      0      0      2      0      0      0      2      2      1      1      0      0      0      0      0      0      0      0      0      0      0      1      0      2      0      1      0      0      0      0      2      1      0      1      0      0      1      1      1      0      0      1      0      0      0      1      0      0      0      1      1      0      0      0      0      1      1      0      1      0      1      0      0      0      0      1      0      0      0      0      0      3      0      0
40629  0      000001 000071 5.000e-01      1      1      0      1      1      1      0      0      0      0      0      3      0      0      0      1      0      0      0      0      0      1      4      1      0      3      0      0      2      0      0      0      1      0      0      0      1      2      1      0      0      0      2      2      1      0      0      2      2      0      0      1      3      1      2      1      0      0      2      0      1      1      0      0      1      0      2      0      0      0      3      0      0      0      0      1      1      1      1      0      1      0      0      0      1      0      0      1      1      0      3      2      0      2      0      0      0      1      2      1
40630  40629  000001 000057 5.000e-01      1      1      0      0      2      0      2      0      1      0      0      0      0      0      1      0      0      0      0      1      0      1      0      0      1      1      1      0      2      0      2      0      2      0      0      1      2      1      0      0      0      1      1      1      2      0      0      0      1      0      0      0      0      0      0      2      0      1      0      0      1      1      2      0      0      1      0      0      0      0      1      0      0      0      3      1      0      0      1      0      1      3      0      2      1      2      0      0      1      0      1      0      0      1      0      2      0      0      0      0
40631  0      000001 000058 5.000e-01      0      0      1      0      0      0      0      0      0      2      2      1      1      1      0      0      1      0      0      2      0      0      0      0      0      2      2      0      2      0      1      0      1      0      0      1      1      1      0      0      2      0      2      0      1      1      0      0      0      0      0      1      0      2      0      0      3      1      0      0      1      0      0      1      1      0      0      2      2      1      2      0      1      0      0      0      0      0      0      0      0      1      0      1      1      2      0      0      0      0      1      0      1      3      1      1      0      0      0      0
40632  40631  000001 000094 5.000e-01      0      1      1      0      1      0      2      0      0      3      0      6      0      0      1      0      0      0      1      1      2      2      2      0      1      1      0      0      2      2      4      3      0      1      0      0      0      3      3      4      1      0      2      1      1      3      0      0      0      0      1      1      1      2      0      0      1      1      1      0      0      1      0      0      1      5      2      0      0      0      0      0      0      2      0      0      1      0      0      1      0      1      0      2      0      5      1      0      1      0      2      0      2      2      1      0      1      0      0      0
