SCORE -1.37858664652231e+05
ITER 3000
ETA        1.50000000000000e+00 1.50000000000000e+00 1.50000000000000e+00
GAMMA      5.00000000000000e-01 5.00000000000000e-01
GEM_MEAN 5.00000000000000e-01
GEM_SCALE 1.00000000000000e+02
SCALING_SHAPE 1.00000000000000e+00
SCALING_SCALE 5.00000000000000e-01
ID     PARENT NDOCS  NWORDS  SCALE     WD_CNT
0      -1     000100 013027 5.000e-01    168      7     23    158    173     62     52     90    118    123    188     75     29     65    342      8    141     98    224     20     19     78    552     52    148    332    132    391     89      8    190     88     18     72    172    169    156    181    258    183    114    351    128    155    111     67     17     25     66     36    240    257    211     29     25    183     77     23    358     27     26     41    146    217      9    269     15     71    266     63     71    135    198     28     10     65    293     74      7    272    135     29     79     28    262    117    175    120    498     30    272     64    149    227     90     67     31     82     41    303
1      0      000021 001264 5.000e-01     32      6      7      8     20     32     10     19     16      3      3     15      7      2      0      3     15     23     13      8     39      2      4     27      3     12     27     23      6      2     15      7     13     11     22     17      4      5     34      6      4      8     28     16      9      7      1      8     24     20      5     30      0     32      3     14      4     14      6     10      6      0     11     11     10     21      3     24     13     25     18      0     15     15      8     14     21     23      6      3      4     27     17     19      3      6     12      7      7      5      4     11     20     14     34     24     18      6      3     12
4408   1      000006 000318 5.000e-01      0      0      2      5      3      3      8      6      0      0      6      5      4      3      6      7      4      1      4      1      4      1      1      0      2      3      5      1      2      8      2      1      7      2      5      1      2      0      2      1      5      0      7      3      0      1      2      4      5     11      6      7      1      0      2      3      5      0      5      2      2      0      2      1      5      0      1      6      2      8      3      5      8      1      2      2     19      3      1      1      7      0      4      0      7      0      2      0      5      3      1      4      2      2      1      0      7     13      0      1
18918  1      000006 000311 5.000e-01      0      1      3      1      1      0      2      1      1      1      1      0      9      2      4     10      3      3      1      0      2      0      3      0      1      2      0      1      2      4      5      7      5      3      0      1      3      3      0      8      4      4      1      5      3      0      0      5      4      0      1      1      0      0     13      8      0      0      5      1      2     11      7      5      4      1     10      0      0      3      0      0      4      0      4      2      1      3      2      8      7      2      5      3      2      5      7      7     23      1      4      2      2      4      5      2      1      0      8      5
17980  1      000007 000392 5.000e-01      1      1      3      4      0      0      0      6      0     16     11      1      0      0      5      1      0      0     11     14      7      8      5      2      2      6      4      0      2      0      2      2      4      6      4      7      7      1      1     17      1      3      0      7      6      0     10      3      4      2      0      4      1      3     13      0      0      2      2      8      3      3      2      7      2      4      8      1      0      2      8      1      8      0      5      5      2      1      2      2     11      0      0      0      3      8      1      1      8     18     12      2      2      1      6      2      0     12      0      9
19010  1      000001 000045 5.000e-01      0      0      1      1      0      0      0      0      0      1      2      1      0      1      0      0      1      0      0      1      0      0      2      0      0      0      1      0      1      0      1      0      0      0      0      1      1      0      0      0      0      0      1      1      0      1      0      0      0      0      0      1      0      0      0      0      0      0      0      0      0      2      0      0      1      0      0      0      1      1      1      0      0      0      0      2      0      4      0      1      1      1      0      0      0      0      0      0      0      2      1      2      0      1      0      0      1      1      0      2
19014  1      000001 000077 5.000e-01      0      0      0      0      0      0      1      1      1      1      0      0      0      1      0      1      1      0      1      2      1      0      2      0      2      1      1      2      1      0      0      0      1      0      1      0      1      0      0      2      5      0      0      2      2      0      1      0      1      1      1      1      0      0      1      7      4      1      0      0      0      0      0      3      0      4      0      0      0      0      1      2      0      1      1      0      0      0      1      0      1      0      0      0      1      1      1      0      1      1      2      0      0      0      0      0      2      1      1      0
5      0      000008 000417 5.000e-01      1      3      3      3      6      1      9     20      0      1      5      2      0      0      1      2      5      0     10      3     12     14      2      3      3      3      4      0      2      2      7      6      4      2      2      4      1      1      0      5      2      7      4      3      0      5      2      4     10      2      1      1      4      6      9      2      2      1      3      0     11      0     10      1      2      5     16      6      6      0      5      7      2      8      5      8      5      9      7      5      0     19      7      1      2      3      2      3      4      3      7      3      5      1      4     11      1      0      3      0
18745  5      000008 000484 5.000e-01      6      1      1      2      1     14      8      2      2      3      5      8      0      8      1      0      2     11      2      6      1      2      3      5      1      1      4      9      2      8     14      5      7      9      3      7      4      1      4      2      3      5     13      6     11      2      2      2      4      1     12      6      4      6      1      4      2      8      7      6      9      1      6      1      2      0      1      1      1     14      6     11      8      4      0      3      8     13      8      0      6      1      0      3      0      9      2      6      2      9      0     11     14      5      2      6      9      4      5     13
51     0      000034 002142 5.000e-01      7     17     24     18     33     14      3     38     13     16      0      1     11     24     10     19     36      6     15     33     14      6     20     73      6     34     16     67     14     45     15     34     29      3     32     19     26      2     25     31      8     30     41      5     50      6     20      9     17     44      0      9     15     66      0     14      1     28     23     15     11     14     10     10      3     19     14     21     44     43     40     41     40      4     12      7     14     53      3      8     11     43     20     34     36     48     29     26     19     65      8      7     14      6     24     20     29     16      2     24
18441  51     000005 000257 5.000e-01      4      4      2      0      6      6      3      1      3      1      0      1      2      1      7      0      3      1      2      1      0      0      0      1      0      1      4      5      0      5      0      0      2      4      0      1      0      3      1      1      1     12      0      0      4      0      6      2      2      7      2      1      0      2      3      0      9      1      0      0      0      1      8      4      3      2      0      4     11      3      2      0     10      7      2      2      1      2      3      0      8      2      3     11     12      1      3      1      4      1      2      0      2      3      2      4      2      1      2      0
12243  51     000026 001590 5.000e-01     28     17     21     10      4     21     17     10      2     21      7     21      6      0     14     12     17     14     54      9     31     30      9      2     56     13     10     15      9     14     16      2     15      6      8     13     10     13     35     34      2     17     14      4      6     10      6      8     21     19     36     12     30     25     47      9     15      5     68     25     18      4      2     20     19     35     19     25      8     29     12      3      2     11     16     14      9     27     23      6     34      8     10     11     10      9     14      3     18      4      3     10     20      5     14     21     12      8     24     25
18820  51     000003 000196 5.000e-01      1      0      2      2      8      2      2      0      2      1      8      0      0      0      0      0      0      1      0      0      7      1      4      0      0      5      0      0      4      0      0      3      0      0      5      1      1      0      3      0      3      2      3      2      1      7      2      0      2      1      2      0      2      2      0      0      2      0      1      0      4      4      6      2      5      0      3      5      0      3      3      0      3      0      3      0      1      1      1      6      6      1      1      2      3      2      3      2      4      7      2      1      1      2      1      1      4      3      4      1
18828  0      000004 000247 5.000e-01      3      3      3      1      0      4      5      2      1      1      0      8      0      1      0      2      5      0      9      0     10      4      0      1      0     12      3      5      4      3      0      0      5      2      0      1      1      1      2      4      0      5      4      3      5      1      0      0      2      1      2      4      4      1      2      4      1      2      1      1      4      0      2      8      4      2      2      1      1      1      2      4      4      3     10      4      1      1      3      1      2      5      3      1      0     10      0      2      1      1      3      5      0      1      0      2      3      0      1      0
18855  18828  000004 000246 5.000e-01      2      3      1      0      1      1      0      0      1      3      4      5      9      1      0      3      1      1      3      0      3      5      0      3      3      0      1      4      1      0      3      0      5      0      1      2      3      0      0      0      2      1      6      0      2      2      0      4     11      5      0      7      1      1     12      1      0      5      2      0      4      4      3      1      2      0      4      3      1      4      5      1      3      8      0      7      1      0      5      2      0      3      4      0      1      0      0      4      6      2      3      0      1      5      6      2      5      9      2      0
33     0      000025 001538 5.000e-01     10      7     22     27      4     37     22     20      9     36      7      8     12     16      5     14     11     10     42     21     14     28      7     11     29      6     16      7     19     16      5     13     26     14     23     25     13     28     42     21     20     22     18     11     25     34     10      9     39     26     24      6      9     16     36     11      1      9     20     20      5      1     15      9      7      0     11      3     13     17      7     15     16      9      9     16     13     29      8      0      8     40      0      6     17      2     23     17      3     11      3     11      0     36     25     29     10      8      4     13
1292   33     000025 001457 5.000e-01      6     14     10      8     18     17      6     35      3      4      1     17     21      5     31      8     19     13      6      1     38     23     34      9      2      4      1     28      7      7     31      3      1      9     20      8      5      2      7     18      5      7      3     10      6     18     12     15      6     25      9     15      9     35     13     20     13      4     28     10     34     15     12     10     16     11     12     25     62     24     33      8      1     36     20     10     12      4      3      7     37     18     10     11      6     14     13      6     25     33     14     26     36     11     14      4     12     23     15     11
47     0      000008 000468 5.000e-01      0      7      7      1      4      6      6      6      3      4      2      5      6      5      0      3      9      1     11     11     16      5      5      0      2      6      9      6      3     18     10      3      2      7      0     12      1      6      4      2      1      1      9      4      2      9      2      6      4      1      0      5      1      9      5      3      5      4      2      3      3      1      2      0      2      3      4     14      5      9      5      8     13      4      1      1     15     14      1      1      0      7      1      3      2     13      6      4      2      5      5      1      7      5      2      1      0      0      4      4
16365  47     000004 000254 5.000e-01      1      4      7      1      3      1      2      5     13      0      0      1      0      4      0      1      1      1      1      5      0      1      6      7      0      1      7     10      1      1      2      4      1      2      3      1      2      0      4      0      4      1      1      0      3      3      1      1      0      6      1      7      4      5      4      0      3      0      0      1      1      1      0      4      1      9      2      0      1      1      3      3      2      3      0      2      0      6      1      1      0      0      4      5      6      1      0      1      2      7      3      3      5      6      7      4      5      0      2      3
18966  47     000002 000107 5.000e-01      0      3      0      3      1      0      1      1      1      1      1      0      0      0      1      1      3      4      0      0      0      0      1      0      0      1      1      2      0      0      0      1      0      0      0      3      0      2      0      2      2      1      0      0      4      3      1      0      0      0      0      3      0      0      0      2      1      1      0      3      0      3      3      1      0      0      0      3      0      0      1      0      4      1      3      1      2      0      0      1      2      1      3      2      3      1      1      0      2      0      3      1      0      1      0      1      2      3      3      0
19013  47     000002 000163 5.000e-01      1      0      1      0      1      1      0      0      0      5      2      6      2      1      0      0      0      2      0      1      0      4      1      0      1      6      2      1      3      1      2      2      2      0      0      1      1      4      4      4      2      0      5      0      3      6      1      0      1      1      0      6      1      4      1      1      5      1      4      0      0      0      0      2      3      3      5      3      2      1      4      0      2      3      0      0      0      0      1      6      0      0      0      4      1      4      1      0      2      0      1      0      2      1      1      2      1      2      1      1
