SCORE -1.38436050256367e+05
ITER 6000
ETA        1.50000000000000e+00 1.50000000000000e+00 1.50000000000000e+00
GAMMA      5.00000000000000e-01 5.00000000000000e-01
GEM_MEAN 5.00000000000000e-01
GEM_SCALE 1.00000000000000e+02
SCALING_SHAPE 1.00000000000000e+00
SCALING_SCALE 5.00000000000000e-01
ID     PARENT NDOCS  NWORDS  SCALE     WD_CNT
0      -1     000100 012608 5.000e-01    118     15     37    131    148    119     71    144     58    118    143     94     32     42    313      0    174     17    326      5     39    117    590     84    123    262    136    338     29     32    227     86     32     80    169    181    125    117    288    177     73    306    211     94     91     93     17     23     75     56    189    252    187    129     22    118     54     39    376     34     13     27    110    123      9    212     29     39    282    174     39    138    150     63     22     37    246    107     18    274    117     74     71     25    151    108    184     71    513     51    252     68    131    233     64    141     46     37     62    321
1      0      000019 001190 5.000e-01     30      1     11      6     12      6      3     12     21     18     11     13     20     10     10     22      4     11      4      4      3      8      7     11     23     31      3     17     17      9     11      1      5      7     16      2     24      9     12      7     14     40      0     12     30     11      4      9     24     14      0     18     11      5     30     30      1      1      3      2     12      9     24     24     10     14     17     13      0      5     17      6     10      4      8     13     41      6      8      3     32     11     10     13     26      9     12     11     12      5     11      9      2      0     28      9     17      7      6      5
17980  1      000013 000767 5.000e-01      6      6      1      8     11      3      7      3      4      2      5      0      4      3      3      2     11     23      4     14     22      3      0      4     14      5     14     31      7      1      4     15     11      0     13      9     12      7      6     20      5      3      8     11      0      1      6      3     12      6      0      1     14     14      1      4     12      6      6     15      6     12      1     10      3     13      1      9     14      4     10      6     32      0     11      5     12     19      2      3      5      3      5      7     14      6      7     12     18      6      5     11      5      5     11      1      3     13      2      9
31036  1      000004 000258 5.000e-01      2      4      3      2      0      2      4      0      1      0      2      2      0      0      3      2      1      0      1      5      9      0      5      0      1      4      2      1      1      1      1      0      4      1      2      6      0      6      8      3      0      2      6      2      6      0      0      0      4      1      0      7      6      1      4      4      0      3      1      0      3      7      2      7      3      6      3      6      0      0     10      1      0      1      5      1      1      1      2      0      4      3      2      1      2      3      1      1      1      3      3      3      5      3      6      3      2      9      6      2
31744  1      000002 000173 5.000e-01      4      2      0      3      1      3      1      2      1      1      0      4      0      1      1      0      1      7      0      0      3      2      0      1      3      1      1      4      1      0      3      3      1      0      1      6      1      2      2      2      0      2      0      3      2      0      0      3      3      3      5      2      1      0      0      1      0      4      1      4      1      4      0      2      2      5      2      3      3      3      0      5      4      1      1      1      0      0      1      1      1      1      3      0      1      3      1      0      3      1      3      3      4      1      1      2      3      0      0      0
5      0      000009 000583 5.000e-01      1      1      0      5      2     19      7     12      7      1     18      6      1      3      1      5      2     10      3      4     16     11      1      2      2     13      3      2      1      8      8      2      5      3     13      1      8      3      8     16      4     10      6      3      4      3      3      8      0      3     25      4     11      0      5      5      3      6      6      3     21      4     10      4      5      3      7      9      5      5     11      6      6      4      2      8     12      7      1      2      2     17      4      1      3     19      0      7      7      3      0      0      6      1      5      8      4     10      0      8
24575  5      000008 000483 5.000e-01      7      5      3      4      5      1      1      9      2      8      5      5      1      1      2      0      4      9      7      3      2      8      0      0      0      6      6      2      9      1      5      7      8      7      1      0      2      5      2      6      8      6      5      8      4      3      1      2     12      5      7     11      4      3     12      5      1      4      0      3      1      0      1      2      2      9      6      5      5      4      0      3      3      5      3     10      9      5     13      1      7      0      5      0      0      0      6      8     10     18      0      2     13     19     13      5      1      7      6     13
31761  5      000001 000070 5.000e-01      0      2      2      1      0      1      1      0      0      0      1      0      2      0      0      2      0      0      1      3      0      0      0      0      2      0      0      0      0      3      3      0      2      0      0      0      0      1      0      0      0      0      0      1      2      0      0      0      1      0      1      0      0      0      1      2      1      1      2      4      1      1      0      1      0      2      2      0      0      0      0      0      0      0      0      0      0      1      0      0      3      0      0      0      0      1      4      2      1      2      0      0      1      0      0      0      2      2      0      1
51     0      000036 002309 5.000e-01      5     30     22     28     60     11     10     28     36     17     13      5      5     21     22      8     11     31     11     42     13     15     19     38     14     46     21    105      1     44      2     25      3      6     14     31     12     13     37     34     23     39     15      3     49     14      9      7     33     47     34     19      2      8     16     12      6      0     30     35      9      5     17     13      7     68     20     69     47      6     10     36     65     12      4     18     21     47     11     10     33      3     20     42     63     21     40     23     14     51     10      9     26     24     24     11     37     30     16      7
31653  51     000003 000201 5.000e-01      5      0      0      2      5      6      3      1      0      0      0      0      0      1      4      5      1      1      6      0      2      0      5      9      8      2      0      2      4      3      1      0      2      0      3      0      2      0      4      0      1      4      4      3      3      0      1      1      1      0      8      3      1      1      2      2      1      2      0      2      3      1      5      2      3      2      2      1      0      1      1      0      3      0      7      0      0      2      2      3      1      3      1      2      5      3      4      1      0      1      3      1      2      0      0      0      0      1      4      4
30095  51     000013 000818 5.000e-01     17      1      6      4      6      3      4      1      6      0     27      1      4     13      6      8      8      2      3     14     13     11      1     15      5      7     12      8     33      6     14     13      9      4     12     11      2      4      3      6      4      4      0     20      3      3      9      0      3      0     15     23      3     31     16     32     13      6     26      0     14      6      5     27      8      3      4      4      4      7     22      9     11      2      2      6     12     12      2      7     11      5      3      5      3      8      6      3      4      6      5      6     15      2     11      2      2      4      1     15
26651  51     000018 001109 5.000e-01     16      3     22      3      9      2      4     16     11     17      4     22      6      0     29      8     13      8     20      5     29      1     16      3     16      0     22      8      4     10      8     11     22      8     15      1     15     20      5      6     18      7      3     22      8      9     18     13      4     25      3      5     17     22     14      0     21     12      4      4      7      6      5     32     11      7      7     11     16     15     35      6     11      7     12     15     22      6      1      9      0     21      0      9     39     13      5      9      3      1     19      7     20     11     14      3      1     10      5     11
31760  51     000001 000060 5.000e-01      0      2      0      0      0      0      0      1      1      0      0      0      0      1      0      1      1      1      0      0      0      1      0      0      0      1      0      1      0      1      2      0      0      0      0      1      0      0      0      1      1      1      0      2      0      1      1      0      0      0      0      0      2      0      1      0      2      0      0      0      0      3      1      1      0      0      0      0      1      1      0      1      1      0      0      0      4      1      0      0      1      2      0      1      1      0      0      0      0      1      1      2      1      0      1      4      1      0      2      1
31762  51     000001 000066 5.000e-01      1      0      3      1      0      0      0      0      1      0      0      0      1      0      0      0      1      0      0      1      3      0      0      1      0      0      0      0      0      2      1      0      2      0      1      2      1      0      1      1      0      1      0      0      2      0      1      0      0      2      2      0      2      0      1      0      0      1      3      0      0      0      1      0      0      1      0      2      1      0      0      0      0      2      0      1      0      4      4      0      0      0      3      0      2      0      1      1      1      1      0      0      1      0      0      0      1      0      0      0
33     0      000033 001973 5.000e-01     22     10      4     27      3     12      7     21      2     32     10     15      6     37      6     10      6     51      7     11     35     30     13     20     34     59     13      7     25      6      5      4     29      6     24     36     24     19     39     20     15     31      9     32     39     11     10     21     36     36     18     22      7     15     51     39     15      3     26     12     14      4     49     34     15     21      4     13     11      7     43     11     25     30     12     15      7     42      2     10     46     41      4     21     11     38      8      9     21     44     22      6      7      5     33      6     18     37      8     24
1292   33     000021 001211 5.000e-01      7      7     14     23     19     27      9      3     26     12      5      2     22      1     13     18     32      2      2     11     21      3      2      2      8      4      3     39     19      3      7      9      8     12      0      2      8     38      4     34     15     11      4     11      5      9      6      3     11      7     28      6     11      5      5     20      6      1     34      6     15     12     11     26      9     10     10     16     21     16     18      7     12      3     16     20     14      3      8      1     12     11     20      8     46      9      8     29     15      7      2     24     21     16     18      1      6     16      4      5
29166  33     000012 000751 5.000e-01     29      6     10      2      4      6     23      7     12      7      5      1      9      2     13      3      3     14     13      6      1      0      0      5      4      5      7     10     11      8      8      0      3     13     14      3      3      1      5      6      4      9     12      7      1     18      6     10      2      3      6      8     17      0      9      9      7     16     15      7     16      2      2      6      6      5     12     12     21      1      4      5      7      7      6     13     14      1     11      1      4      7     18      6      3      4      0     19     11      4      8      9     17     12      7      5      8      7      1      1
31150  0      000003 000173 5.000e-01      0      3      1      2      0      0      2      2      0      0      2      7      4      0      1      0      3      3      0      6      5      1      0      1      1      3      2      2      8      3      7      4      0      1      0      0      0      4      0      0      0      1      1      2      1      2      2      1      2      0      1      0      1      5      0      3      6      1      1      0      2      1      1      0      2      3      1      3      1      1      9      3      0      3      0      1      0      0      0      0      1      1      2      0      2      6      4      3      2      3      4      0      3      0      0      1      0      1      1      0
31759  31150  000002 000113 5.000e-01      1      0      1      1      0      1      0      1      0      4      2      1      0      3      0      1      1      0      0      1      2      0      2      0      2      0      2      0      2      0      2      0      0      2      1      0      3      2      0      0      1      0      1      0      0      2      2      1      0      1      0      1      0      3      0      0      0      2      1      1      4      1      2      1      3      1      1      0      5      0      1      1      3      1      0      1      1      3      0      2      0      4      0      0      4      0      4      1      0      0      4      4      0      0      1      1      3      1      1      0
31763  31150  000001 000084 5.000e-01      0      0      3      0      2      0      0      0      0      5      0      2      1      1      0      0      0      0      1      2      0      1      0      0      1      0      1      0      0      1      1      1      1      2      2      2      0      2      2      2      2      0      1      1      3      2      0      0      0      0      0      1      0      0      0      0      1      1      0      0      1      1      0      2      2      3      2      1      0      1      0      0      0      1      0      0      2      0      0      4      0      0      0      3      1      3      0      0      0      0      1      0      2      5      1      0      0      0      0      0
