SCORE -1.38042547624001e+05
ITER 7000
ETA        1.50000000000000e+00 1.50000000000000e+00 1.50000000000000e+00
GAMMA      5.00000000000000e-01 5.00000000000000e-01
GEM_MEAN 5.00000000000000e-01
GEM_SCALE 1.00000000000000e+02
SCALING_SHAPE 1.00000000000000e+00
SCALING_SCALE 5.00000000000000e-01
ID     PARENT NDOCS  NWORDS  SCALE     WD_CNT
0      -1     000100 012625 5.000e-01    150      6     42    106    199    134      7    111      4     97     95     96     19      9    258     32    184     95    260      9    115     29    584     64    140    323     87    290     36     11    106     22      9     41    215    200    168    115    336    241     46    344    222     99    107     71     29     11     69     56    143    271    198    109     77    180     63     14    338      8     32     64    133    154     58    245     15    112    267    129    126     27    190     68      0    132    296     82     11    152    182     70     65      5    160    162    137     61    519    114    156     44    194    168    152    121     32    103     53    334
1      0      000016 000926 5.000e-01     16      7     12     13      0      1      7      1      8     11     14      4      5      5      3      5      4      6      0     25     15     16      1      5      7      4      6     16     13      5     18     13     14      1     10      6      4     13      3      2      1     20      1     13      8      4      4     13     35      5      4     31     11     17     20      5     10      9      5      9      1      8      8     36      3      8     18     10      7      1      2     12     19      5     14      0     20     10      0      3      2      0     18     20     17      7      1      9      4      1     29     12      3      5     16     11     12     11      0     19
31036  1      000016 000952 5.000e-01      0      8      5      7      6      5     11      5     21     13      8      9     20      7     11      9     12     17      5      1     11      2      8     23     12     22     14     29     12      3     22     11     11      7      5      6     10      7     10      8     10      9     16      5     22      4      6      7     10     11      6      4      6      3      8     18      3      8     16      8     17      7     18      4      2     13      5      2     12      7     15      4      3      7     11      4      9     17     15     21     14      2      1      3     14      4     13     14      4      5     19      8      4     16      3      0     11      9     15      7
5      0      000010 000586 5.000e-01      3      5      0     12      1      0      4     30      2      9     30      0      4      0      0      1      2      4      1      4      9      0      4      0      0     11      8      3      2      8     23     13      6     13     12      4      0      5      3      7      3      9      1      6      2      5      2      3     14      4     22     10      3      1     14      1      3      8      9      6     11      3      9      9      2      5      3      2      3      2      0      9      1      4      9      3     12      3     12     10      1      5      5      3      0     11      9     13      2      6      8      1      7      3      5      5      0      2      4     15
24575  5      000009 000559 5.000e-01      5      4      2      3      3     13      5      0     12      5      6     10      0      8      2      0      1      5     21      3      4     30      0      1      1     11      5     15      5      5      8      5      5      2      3      2      9      0     10      6     15      3      2      3      5      3      1      7      4      8     11      7      9      5      5      3      0      4      5      6      6      4      1      0      3      2     10      8      7      9      7     12      0      0      0      3      8      2      5      8      1     10      7      0      5      4      2      6     10     13      8      1      3     25      1     10      3      8      5      1
36578  5      000001 000089 5.000e-01      1      0      1      1      2      0      1      1      3      0      2      2      0      1      0      1      1      1      0      0      2      0      2      0      0      1      2      0      0      0      1      1      1      2      0      1      2      0      2      2      0      0      0      1      1      0      0      1      0      0      2      1      2      1      0      5      0      1      0      0      1      0      0      0      0      3      2      0      0      0      1      2      3      0      1      1      1      0      0      1      3      1      0      2      1      2      3      0      0      0      1      0      2      1      2      0      0      1      1      1
51     0      000039 002484 5.000e-01     39      3     29     20     26     18     21     35     44     34      7      6      1     22      5     14     30     15     54     10     29     28     20     21     19     10     37    108     32     39     29     59      9      5     18      5     19     38     22     17     38     12      6     28     36     25     21     16     22     33     34     24     25     60     18      8     19     15      7      4      7      3     15     34      2     45      9     44     22     44     13     89     56     11     23      4     30     38     10     33     28     39      4     42     86      4     28     27      4     38     53     19     11     12      0     31     34     17     16     11
35895  51     000005 000261 5.000e-01      2      6      0      4      3      7      0      2      5      0      0      0      1      2      1      7      3      1      5      1      1      2      0      5      9      3      4      5      0      6      8      5      0      0      0      1      0      1      1      1      2     15      0      2      1      1      1      0      2      3      3      1      0      3      1      1      3      4      3      8      2      0      1      4      0      1      0      3      6      7      1      5      6      3      3      1      0      1      2      1      0      2      3      3      9      3      1      0      9      1      3      0      2      6      3      1      9      1      2      0
26651  51     000034 002166 5.000e-01     14     33     24     19     24      1     26     16     37     18     58     17     19     33     72      6     17      8      8     47      0     39     12     37     31     38     36     31     23     32     22      2     44     32      0     40     20     10      7      9     23     16     12     24     25      6      7     10     19     33     29     12      8     15     18     12     25     14     91     46     22      8      4     31     11     24     32     16     29     10     19     17     27      8     11      3     17     52     17     26     10     10     27     32     18     17     39     19     33      5     19      7     10     49     20     11     13      8     11     17
33     0      000033 001847 5.000e-01     24     11     20     19     16     17     62     15     39     14     27     18      6     23     52      7      2     17     22      8      8     41     19     22      4      8     16     24     41     22     52     20     37     36     14      7      3     16      5      9      6     28      7     16     29     37      8     31     10     37     73      5     17      3     13      9     11     10      1     18     32      3     24     10      2     22     14      5      8     13     16     56     15     22      7      1      3     25      6     44     23     27     25     20      6      5     12     25     12      1     17     52      7     41     15      1     11     19      7      1
1292   33     000026 001705 5.000e-01      9      8      3     40      6     22      1     35      9     34      3      7     31     21      9      8     16      9     19     24     14     21      2      8     31      9     22     43      2      5     20     22      5      2     19     17      4     42     22     34     37     17      3     31      8     16     14      1     29      8     12      5      8     18      3     38      6      9     54     19      8      4     20     30      9      1     10      9     67     23     12     10     18      4     26      5     15     28      2     22     12     28     10      7     55     14     43     30     23     21     30     13     34      9      6      6     17      4      8     18
36225  33     000004 000298 5.000e-01      6      1      1      4      0      3      5      6      1      0      0      2      1      3     12      1      2      3      6      2      5      0      1      6      2      1      1      5      1      2      2      5      3      3      1      1      1      1      2      3      3      2     11      5      3      0      1      3      4      3      0      2      4      3      5      2      1      4      3      0      0      1     11      1      2     13      7      4      2      2      6      0      2      5      3      1      6      4      1      2      4      4      1      4      2      5      0      4      4      3      5      5      2      1      6      2      6      3      0      0
36499  33     000003 000181 5.000e-01      0      3      1      3      0      0      2      6      0      3      0      0      5      4      0      3      2      7      2      0      1      1      4      0      2      1      5      0      1      2      6      0      0      3      3      2      0      2      0      0      3      0      0      3      0      6      2      1      4      8      2      0      2      1      4      1      2      3      0      0      2      0      1      0      2      2      0      0      3      2      5      1      0      1      0      4      0      5      2      1      0      4      3      0      2      2      3      0      8      0      0      0      0      0      3      3      2      2      1      1
36574  0      000001 000084 5.000e-01      0      1      1      1      0      0      0      0      3      0      0      0      2      1      0      0      0      1      1      0      2      0      0      3      0      4      1      1      0      0      0      0      2      0      0      1      1      0      1      0      0      0      2      0      2      0      0      0      0      0      0      1      1      1      4      0      0      3      2      0      0      0      2      1      1      1      2      0      1      1      0      0      1      5      1      2      0      0      3      0      0      1      0      1      0      3      2      0      1      0      1      2      0      1      2      0      3      0      1      2
36575  36574  000001 000094 5.000e-01      1      1      0      1      0      0      3      0      0      0      1      2      2      0      2      1      1      1      3      0      0      2      3      1      2      1      1      7      0      0      0      0      0      3      0      0      1      1      1      1      0      0      3      0      1      0      0      1      1      0      0      3      2      0      0      2      2      1      0      0      1      0      0      1      2      0      0      0      2      0      2      0      1      1      2      1      0      0      0      4      0      3      2      0      0      1      0      2      1      0      0      0      1      0      3      0      1      3      1      0
36576  0      000001 000077 5.000e-01      1      1      1      0      1      0      1      0      0      1      2      3      0      0      0      0      0      0      2      1      0      0      0      0      0      0      3      0      3      1      3      0      0      0      1      0      0      1      1      1      1      2      0      1      3      1      0      0      0      0      0      4      1      2      0      1      0      2      1      0      0      1      0      2      0      2      3      1      1      0      4      0      1      2      0      0      0      0      0      1      0      1      0      0      1      1      2      0      2      0      1      0      2      0      1      1      0      0      0      0
36577  36576  000001 000066 5.000e-01      0      0      1      0      0      1      1      0      1      3      0      4      2      1      0      0      0      0      0      2      2      1      1      0      1      2      0      0      1      1      0      3      1      2      0      1      0      1      0      0      0      0      0      0      0      3      0      0      0      0      1      2      0      0      0      0      2      0      0      0      1      0      0      0      1      1      0      0      0      1      1      0      0      0      0      0      1      0      0      2      0      0      0      2      1      9      0      0      0      0      3      0      0      0      0      0      1      1      0      0
