SCORE -1.37613821757426e+05
ITER 9587
ETA        1.50000000000000e+00 1.50000000000000e+00 1.50000000000000e+00
GAMMA      5.00000000000000e-01 5.00000000000000e-01
GEM_MEAN 5.00000000000000e-01
GEM_SCALE 1.00000000000000e+02
SCALING_SHAPE 1.00000000000000e+00
SCALING_SCALE 5.00000000000000e-01
ID     PARENT NDOCS  NWORDS  SCALE     WD_CNT
0      -1     000100 012844 5.000e-01    123      3     39    102     65    102     29    122     18    166     60     58     22     29    310     22    172     18    193     18    162    128    517     64    119    340    127    317     80     13    251    119     70     43    158    141    128    122    300    266     80    346    174    150    155     31     26     33    119     41    214    326    242    108     15     91     55      3    418     42     64     54    170    137     34    291     11      8    360     45    153     71    206     67     40     12    306    117      8    226    180     46     83      2    219    135    182     75    484     50    247     29     97    215    139     61      2    103     26    284
1      0      000015 000939 5.000e-01      5      1      2      0     12      2     10      2     27      6     11      9      7      7      9      7      3     10      9     21      9      3     20     14     13     14     12     31      7      0      7      6      8      1     17     16     17      7      9      5      5     23      8     12     10     12      8      2     16      4      1     21      3     11     23     10      0      7      6      9      6      2      0     31      9     13      0     16      3      4      7      8     13      4     14     15     21     19      1      4      8      3     12     16     15      4      0     10     18     10      4      4      5      3      2     14     15     11      9     19
31036  1      000015 000834 5.000e-01     22     12     12     13     13     19      3      4      2      4     16      2     15      2      0      9      4     27     11      0      8      4      3     17     13      3      7     16      9      7      8      3      5     10     16      8     12      0     12      9      7      4      3      1     14     10      3     12     10     18      2      1     14      6      6     27     15     11      1      2      1      9      8      3      2      3     17     15      3     32      1     10     18      0      5      8      7      3      9     11     14      5      4     10      7      2     10      1     10      0     14     16      2      8     15      7     11      2      1      3
5      0      000012 000698 5.000e-01      3      2      0     17     13      0      4      6      9      5     28     12      4      4      0      1      0      1     27      0      2     32      1     11      1      6      9      2      1      1     24      2      1     14      6      3      4      9      8      9      9      6      2      4      2      3      3      2      5      8     13      9      5      5      1      2      7      5      3      4      8      4      6     10      1      7      3      5      2      3      1     12      3      9      6      7      4      1      2      5      7     17     11      1      4      7      1     21     10     29      6      3     22     16      4     15     10      7      5     23
24575  5      000011 000711 5.000e-01      1      9      1      8      6     27      6     22      6      4     16      5      2      9      4      4      1     23      4      7      0      5      9      1      5      5      2      8      3     12      3     11      4      1      9     14      3      2      9      5      4     10     14      0      2     12      1      3      8      7     17      7      2      5     26     16      3     14      3      4      9      2      6      5      2      4     15     16      2     17     11      9      5      4      2     15     13      9     18     10      0      4      0      2      4     14      1     11      1      1      3      6      8      9     10     13      0      4      5      7
47235  5      000001 000081 5.000e-01      1      0      0      1      1      0      3      1      1      0      1      0      2      1      1      1      0      3      2      0      0      1      3      0      1      1      1      2      2      0      0      1      0      1      1      2      1      2      1      1      1      1      0      0      6      2      0      0      1      1      1      0      1      0      0      0      1      0      1      2      0      0      2      1      0      0      2      1      0      2      0      3      1      0      1      1      0      1      1      0      2      0      0      0      0      1      0      0      0      0      0      0      1      1      2      0      0      0      0      0
51     0      000041 002487 5.000e-01      2     42     32      1     15     21     17     18     34      8     49     41      6     42     25     11     13     27     73     37      9     23     69      5     33     23     35     80     14     56      6      0      3     23     46     44     35     22     37      0      8      9     25      7     35     48      1     11     26     46     26      2     16     17     34     50     46     20     30     19     16      2     13     35      2     22      6     64     13     55      9     46     43     15      0     10      9     18      6     35     36     39     13     21      3     26     34     20     39     51     33     15     54     35      0     44     25      5     22      0
26651  51     000037 002349 5.000e-01     57      4     25     42     96     13     26     27     39     10     21      1     19     14     39     18     55     31     22     19      4      1      9     60     35     16     16     54     18     27      9     24     32      7     17     12      1     29     11     20     36     29     16     25      5     13     33      6      0     35     16      2      0     53     14      3      0     20     42     20      3      7      1     39     20     11     38     38     12     35     17     40     35     11     23     46     24     49     23     18      5      6     17     49     73     30     29     15     24     28      3     20     21     10     38     11     40     24     23     45
47215  51     000002 000091 5.000e-01      0      2      0      0      5      2      2      3      4      0      1      0      0      1      0      3      0      2      0      0      0      0      1      2      1      1      0      0      0      0      2      0      0      3      0      2      0      1      0      0      1      1      0      0      0      0      0      0      0      0      2      1      0      0      0      0      3      0      1      0      0      5      2      1      0      2      0      0      1      2      0      5      2      1      1      0      3      0      1      0      0      2      0      1      1      0      2      1      0      0      0      3      0      1      1      1      1      0      2      2
47233  51     000001 000075 5.000e-01      3      0      1      1      0      1      0      3      1      0      0      0      1      4      1      1      3      1      0      0      1      0      1      1      0      1      0      0      0      1      0      0      2      1      1      0      0      0      1      1      0      3      0      0      1      1      1      3      0      4      1      0      1      0      2      0      0      1      0      1      1      1      1      0      1      0      0      0      0      0      1      1      0      1      0      2      0      1      1      0      0      2      2      0      0      0      0      1      1      1      1      2      1      1      0      0      0      1      0      0
47234  51     000001 000084 5.000e-01      1      0      1      0      2      0      2      0      1      2      0      5      2      1      1      0      0      0      2      1      1      0      0      0      0      0      0      0      1      0      0      0      1      2      0      0      1      2      1      2      2      1      2      0      3      2      0      0      0      0      0      4      1      1      0      0      1      0      0      0      1      1      0      1      3      2      2      1      1      0      3      0      0      1      0      0      0      0      0      0      0      1      0      2      1      8      1      0      0      0      2      0      0      1      2      0      0      0      1      0
33     0      000032 001977 5.000e-01     25     19      6     50     52      6     46     35     30     17     35     33     10      8     21      8     10     24     37     13      2     12     18     11      9     17      7     53     20     16      0      7      8     25      8     40     28     48     17     16     15     29     17     26     14     12      7     12      4     27     35      1      5     17     48     67      9     14     10      9     12     10     12     38     14     19     23     27     16     22     12      4     12      8     15     39     13     34      4     16     19     31      7     15     34     17     11     47     17      4     23     35     16     12      4     20     33     12     24     21
1292   33     000015 000781 5.000e-01     11      1     17      9      5     11      5      4     11      8      1      0     22      5      1     10      4     15      8     12     10      0      8      1      7     12      4      2     11      4      1      4      8      5     18      5      7      3     14      4      9      7      7      5      2     19      8      4     17     14     12      1      1      3      8     10      4      2      3      9      2      0     12     10      4      6      1     16     18     23      7      7      0     18      3      5      4      4      2      4      3     26     11     11      4      1     17      0     12     20      3     20     19     12      6      5      4     15      4      9
46125  33     000009 000527 5.000e-01     12      2      4      0      2      6      0     11      4      9     11      6      4     10      8      0      7      7      1      4      6      0      1      2     14      5     16      9      0      2      8      2      2     11      2      4      1      4      1      2      8      2      4      5      1     14      3     11     13      2      2      1      3     11      0      5      3      6     12      6     13      2      7      0      2      2      5      5      2      7      3     21      3      1      0      0     11      7      2      1      2     16      4      5      5      2      2      2      3      7      3      4     23      8     10      9      6      3      0      7
45719  33     000004 000254 5.000e-01      4      0      2      3      0      1      3      0      0      0      0      8      0      0      3      0      1      1     12      1      0      0      0      6      6      5      4      3      4      1      0      0      2      1      2      0      1      1      3      1      0      1     14      0      1      2      1      2      2      0      0      7      2      0      5      4      1      4      4      1      6      2      6      3      1      5      4      2      1      1      2      5      1      6      1      2      1      0      8      0      0      4      2      3      0      6      1      3      6      3      9      5      8      3      4      1      5      1      1      2
47207  33     000002 000136 5.000e-01      0      1      0      4      0     11      1      3      0      0      3      0      2      3      3      0      4      0      3      0      3      2      0      1      3      0      0      0      1      0      0      2      0      0      0      2      1      0      0      0      1      4      0      2      1      0      1      0      2      1      0      0      1      2      0      1      2      1      1      2      0      0      1      3      3      0      0      0      1      1      1      0      1      0      0      2      2      4      0      1      2      0      3      3      6      1      3      2      1      1      0      2      4      0      1      2      0      3      2      5
47231  33     000002 000132 5.000e-01      1      0      1      2      0      0      0      2      2      3      0      0      0      0      1      0      0      0      5      4      1      1      1      0      1      0      8      0      1      2      1      0      1      4      0      1      2      1      2      0      2      1      0      0      1      1      0      4      0      1      0      0      0      3      8      0      0      1      0      2      1      5      0      0      2      1      3      2      2      2      2      2      0      0      0      1      0      0      0      0      2      5      2      3      1      0      1      1     10      3      2      0      1      2      0      0      3      1      0      0
