SCORE -2.43950774630517e+05
ITER 0
ETA        1.50000000000000e+00 1.50000000000000e+00 1.50000000000000e+00
GAMMA      5.00000000000000e-01 5.00000000000000e-01
GEM_MEAN 5.00000000000000e-01
GEM_SCALE 5.00000000000000e-01
SCALING_SHAPE 5.00000000000000e-01
SCALING_SCALE 5.00000000000000e-01
ID     PARENT NDOCS  NWORDS  SCALE     WD_CNT
0      -1     000100 023240 2.500e-01    168    157     83    126    177    194     90    502    241    295    324    291    217    435    298    286    270     92    183    237    239    304    106    281    209    200    305    161    230    200    210    246    137    141    154    307    148    226    392    375    283    207    351    173     78    224    266    129    190    290    247    226    172    161    252    238    297    191    198    165    136    197    342    295    322     68    559    181    177    100    216    385    132    136    191     46    492    344    343    510    196    182    258    367    183    109     92    107    198    219    555    187    162    118    165     99    342    247    232    475
1      0      000082 012618 2.500e-01    116     89     46     55     93    122     35    276    133    138    145    120    107    229    144    160    170     42    114    169    104    178     66    152    109    109    124     78    111    126    111    131     85     78     89    151     67    155    233    220    147     96    161     71     52    125    159     76     83    171    138    106    103     95    109    115    188    116    101    110     73    120    163    114    163     37    258     62    129     52    101    249     64     73     83     34    229    196    184    261    101    122    156    192    121     68     62     75     99    110    331    129    104     80    103     98    203    141    136    240
2      1      000065 009206 2.500e-01     65     70     22     49     51     37     17    237     93    115    115    109     94    154    133    102    124     32     78     73     88    144     48    121     81     87    126     67     74     81     85    105     65     56     76     90     54    130    147    146     90     83    168     56     28     96    112     61     82    101     81     85     81     80    114    112    134     77     87     74     48     79    113    105    143     29    159     72     87     64     75    182     74     53     57     22    169    113    144    210    105     55     99    113     73     29     47     49     91     63    284     71     52     42     79     41    146     99     83    144
13     1      000017 003660 2.500e-01     52     18     29     13     25     44     17     75     35     33     16     53     32     32     65     52     22     30     49     53     24     67     24     56     37     17     16     29     31     36     35     27     22     33     66     34     31     51     33     65     17     30     22     20     30     26     24     27     24     74     25     19     15     18     30     35     96     44     18     42     45     32     42     15     46     23     69      9     46     16     12     51     25     14     38     28     37     43     41     71     54     30     38     54     66     21     20     30     32     38    105     23     27     29     16     37     52     49     48     73
50     0      000004 000132 2.500e-01      2      3      0      0      1      0      2      1      0      1      0      0      0      2      2      1      2      0      1      3      0      0      1      1      1      0      6      1      2      1      0      0      0      1      2      0      0      1      1      4      0      3      1      0      3      3      1      1      5      2      3      0      1      8      0      0      0      2      3      2      1      4      1      3      4      1      2      3      0      1      2      0      0      0      1      3      1      0      1      1      0      4      1      0      3      1      1      0      0      1      0      0      3      2      0      1      0      3      1      1
51     50     000003 000050 2.500e-01      0      1      0      0      0      0      0      4      1      1      1      2      0      0      3      0      1      0      0      0      2      1      0      0      1      0      2      0      0      0      0      0      1      1      3      0      0      0      0      1      0      1      0      1      0      0      0      0      0      2      1      0      1      1      0      1      0      1      0      0      0      1      1      0      0      1      0      0      0      0      0      0      0      2      2      0      0      0      0      0      1      0      0      0      0      0      0      1      0      1      0      0      1      2      0      0      0      1      0      1
146    50     000001 000008 2.500e-01      0      0      0      0      0      0      0      0      0      0      0      0      0      0      0      0      1      0      0      0      0      0      0      0      0      0      0      0      1      1      0      0      0      0      0      0      1      0      0      0      0      0      0      0      0      0      0      0      0      0      0      0      0      0      0      0      0      0      0      0      0      0      0      0      0      0      1      0      0      0      1      0      0      0      0      0      0      0      0      0      0      0      0      0      0      0      0      0      0      0      1      0      0      0      0      0      0      0      1      0
82     0      000005 000186 2.500e-01      0      1      3      4      1      0      0      3      0      2      1      2      2      4      3      0      0      1      0      3      1      3      1      6      3      0      1      3      3      3      6      3      1      3      2      1      1      6      5      2      0      3      2      2      1      0      3      2      1      0      7      2      3      4      1      0      4      3      1      0      0      1      2      2      4      0      1      2      3      0      1      0      1      1      1      0      1      4      1      0      0      8      1      0      3      0      1      0      1      8      0      0      2      0      2      0      1      6      1      4
83     82     000005 000153 2.500e-01      3      7      2      0      1      1      2      0      0      2      1      1      0      0      3      2      0      0      2      2      2      0      1      3      3      1      0      0      3      3      2      0      1      1      4      2      0      0      4      3      2      0      2      1      0      1      3      0      2      1      1      0      4      5      0      3      6      2      0      1      0      2      0      2      1      1      3      1      1      1      1      3      2      1      0      2      1      1      3      0      2      2      2      2      2      1      3      2      2      2      2      0      1      0      0      4      1      2      0      1
94     0      000001 000205 2.500e-01      0      3      3      4      0      4      0      7      3      4      0      0      0      2      3      0      2      4      2      5      1      1      2      1      2      5      3      2      0      4      6      2      2      0      2      1      2      2      2      0      0      0      1      0      0      0      0      2      3      3      0      2      0      3      2      5      2      0      2      0      0      3      7      5      2      0      1      6      1      1      9      0      2      0      4      0      0      6      3      4      3      2      2      5      1      0      1      1      1      2      6      2      3      1      5      1      0      0      1      3
95     94     000001 000000 2.500e-01      0      0      0      0      0      0      0      0      0      0      0      0      0      0      0      0      0      0      0      0      0      0      0      0      0      0      0      0      0      0      0      0      0      0      0      0      0      0      0      0      0      0      0      0      0      0      0      0      0      0      0      0      0      0      0      0      0      0      0      0      0      0      0      0      0      0      0      0      0      0      0      0      0      0      0      0      0      0      0      0      0      0      0      0      0      0      0      0      0      0      0      0      0      0      0      0      0      0      0      0
106    0      000004 000166 2.500e-01      4      3      1      1      3      2      1      0      0      0      0      4      0      2      2      4      0      0      0      1      1      2      0      1      0      1      1      1      7      1      1      7      2      0      1      0      4      1      0      0      3      0      1      0      1      2     10      1      1      0      1      5      4      1      3      5      1      1      2      5      2      0      2      0      2      2      1      0      2      0      1      3      2      2      0      1      0      1      3      0      3      0      1      0      1      0      3      1      0      2     10      1      2      3      5      0      1      0      3      0
107    106    000004 000004 2.500e-01      0      0      0      0      0      0      0      0      1      0      0      1      0      0      0      0      0      0      0      0      0      0      0      0      0      0      0      0      0      0      0      0      0      0      0      0      0      0      0      0      0      0      0      0      0      0      0      0      0      0      0      0      0      0      0      0      0      0      0      0      0      0      0      0      0      0      1      0      0      0      0      0      0      0      1      0      0      0      0      0      0      0      0      0      0      0      0      0      0      0      0      0      0      0      0      0      0      0      0      0
124    0      000003 000168 2.500e-01      3      2      0      3      0      1      1      2      1      0      0      0      0      2      3      1      2      1      0      0      0      1      2      0      0      3      3      2      3      0      4      2      4      1      1      0      4      0      2      4      4      2      0      1      1      1      1      0      3      1      0      0      1      1      0      3      2      4      1      1      0      7      1      1      1      1      0      0      1      3      7      9      1      2      0      0      0      1      7      2      2      1      1      9      0      0      0      1      1      0      7      3      3      2      0      0      4      1      2      2
125    124    000001 000000 2.500e-01      0      0      0      0      0      0      0      0      0      0      0      0      0      0      0      0      0      0      0      0      0      0      0      0      0      0      0      0      0      0      0      0      0      0      0      0      0      0      0      0      0      0      0      0      0      0      0      0      0      0      0      0      0      0      0      0      0      0      0      0      0      0      0      0      0      0      0      0      0      0      0      0      0      0      0      0      0      0      0      0      0      0      0      0      0      0      0      0      0      0      0      0      0      0      0      0      0      0      0      0
149    124    000002 000032 2.500e-01      0      1      3      0      0      0      0      0      0      0      0      0      0      0      1      0      1      0      0      0      0      0      0      2      0      1      0      0      0      0      0      1      0      1      1      1      1      0      0      1      0      0      0      0      1      0      1      1      1      0      0      0      0      0      0      0      0      0      1      0      0      0      1      0      0      0      0      0      0      1      1      0      0      0      0      0      1      3      2      0      0      2      0      0      1      0      0      0      0      0      0      0      0      0      0      0      0      0      0      0
138    0      000001 000168 2.500e-01      2      0      1      3      3      1      0      3      2      2      1      0      2      4      2      0      3      1      3      1      0      0      0      0      4      0      3      1      1      3      2      0      2      3      3      0      4      1      7      1      0      1      5      0      0      3      0      1      5      4      1      1      2      0      1      0      3      4      2      4      4      0      1      0      0      2      4      0      3      2      2      2      0      1      1      1      0      1      2      7      2      0      1      2      1      0      1      1      0      2      1      2      2      1      6      0      0      1      5      1
139    138    000001 000004 2.500e-01      0      0      0      0      0      0      0      0      0      0      0      0      0      0      1      0      0      0      0      0      0      0      0      0      0      0      0      0      0      0      1      0      0      0      1      0      0      0      0      0      0      1      0      0      0      0      0      0      0      0      0      0      0      0      0      0      0      0      0      0      0      0      0      0      0      0      0      0      0      0      0      0      0      0      0      0      0      0      0      0      0      0      0      0      0      0      0      0      0      0      0      0      0      0      0      0      0      0      0      0
