SCORE -2.43358199399378e+05
ITER 38000
ETA        1.50000000000000e+00 1.50000000000000e+00 1.50000000000000e+00
GAMMA      5.00000000000000e-01 5.00000000000000e-01
GEM_MEAN 5.00000000000000e-01
GEM_SCALE 5.00000000000000e-01
SCALING_SHAPE 5.00000000000000e-01
SCALING_SCALE 5.00000000000000e-01
ID     PARENT NDOCS  NWORDS  SCALE     WD_CNT
0      -1     000100 042080 2.500e-01    300    310    129    216    283    311    120    990    435    526    566    474    393    803    551    532    537    137    309    446    411    578    198    506    367    383    549    260    400    383    396    448    258    251    263    529    256    472    762    702    503    366    679    260    140    423    529    236    347    482    450    395    352    320    445    441    547    365    362    303    191    378    604    512    590    115    913    315    332    195    393    777    252    239    271     78    829    607    649    888    366    323    462    672    316    182    160    205    361    363   1129    356    284    207    326    197    664    451    438    805
1      0      000064 004179 2.500e-01     83     15     19     11     34     46     28     78     29     21     11     74     34     39     77     46     28     25     66     57     25     90     27     44     37      3      3     30     34     42     18     50     37     45    102     31     43     60     35     63     11     42     13     11     33     27     18     32     21    118     24     23      9     24     43     26    134     51     20     44     75     36     19      0     21     28     98      1     33     16      2     58     10     36     38     23     58     69     39    114     65     72     68     42     68     16     45     38     38     21    130     12     40     33     23     63     61     66     52     88
13     1      000041 001464 2.500e-01     14      4     37      5     26     13      7     17     25     18      2      2      4     10      3     10      6     26     28     23     16      4      8     42     35     22     19     11     20      3     29      7      6      8      2     10      8     13     16     45      0      3      9     36      7      9     18     10      5     12      9      0      5     19      8     21     27     11      9     27     20     14     32     14     52     11     10      2     50     10      9      9     26      0     45     16     10      0     14     27     13      1      8      7     43      5      6      1      6     29     20     17      9     21      7     10     10      3      1     27
66251  1      000012 000669 2.500e-01      5     12      1      9      3     19      1      6     10      9      8     10     13      5     10     15      6      3     11      5      5      9      8     17      0      2      2     12      2     13      7      3      2      1      4     14      4     10      2      3     13      3      1      7      6      7      6      4     12      3      2     10      8      5      4     11      0      9     14     15      5      7      6      2     10      3      9      0      9      4      0      7      4      2     11      6      6      8      9      7     17      1      3      9      9     15      3      2     10     15      3      9     11      0      0      5      4      6      7      4
66338  1      000011 000305 2.500e-01      2      0      0      6      2      1      1      4      2      0      2      3      2      0      8      1      5      1      2      0      1     10      0      0      0      3      8      0      0      4      3      1      0      3      9      2      5      2      3      0      6      7      1      4      1      5      2      3      2     15      3      2      2      2      2      2      4      0      2      4      9      1      0      3      4      6     18      0     12      3      6      2      2      2      0      2      2      7      5      5      1      3      3      0      5      0      1      8      1      1      3      0      7      2      9      0      1      2      2      2
66116  0      000004 000020 2.500e-01      0      0      0      0      1      0      0      1      0      0      0      0      0      0      0      0      1      0      0      1      0      0      0      0      0      0      0      2      0      0      0      1      2      0      0      0      0      0      0      1      0      1      0      0      0      0      0      0      0      0      0      0      1      0      0      0      1      0      0      0      0      0      0      0      0      0      0      0      0      0      0      0      0      0      0      0      0      2      0      0      0      0      0      0      0      1      0      1      0      0      0      0      0      0      0      0      0      3      0      0
66284  66116  000004 000154 2.500e-01      0      2      1      4      0      2      0      0      0      2      0      0      4      0      3      0      4      0      2      1      0      1      1      5      4      1      0      7      2      5      1      0      6      2      3      0      0      0      0      1      2      0      1      1      1      1      0      1      1      2      1      0      1      1      7      0      1      0      2      0      2      0      2      0      0      0      3      2      0      1      1      0      0      1      3      0      1      7      2      1      0      4      1      0      3      2      1      1      3      4      5      4      1      2      2      0      0      3      1      4
65396  0      000032 000341 2.500e-01      5      5      1      1      1      4      2      4      2      1      0     12      0      3      0      0      3      4      0      5      3      2      5      5      3      7      0      4      3      3      1      5      6      0      7      0      0      0      0      3      5      1      3      1      4      3      0      7      3      5      7      3      3      0      0     12     12      1      2      5      2      2      6      2      2      0      7      4      1      0      0     10      1      1      6      4     15      5      6     11      3      1      6      4      3      4      2      3      1      6      6      3      6      3      4      2      2      3      3      4
66156  65396  000016 000415 2.500e-01      2      2      3      3      2      4      5      1      1     10     15      5      0      6      4      0      4      4      9      6      1      3      3      5      1      0      7     13      0      2      5      4      1      6      8      0      1     12      6      0      2      2      2      4      1      6      6      6      2     12      3     11      0      3      1      2      3      3      4      0      2      3      1      4      6      0      0      5      6     12      9     18      1      4      1      4      5      3      3      5      0      2      5      7      5      0      8      7      3      5      2      4      1      7      6      3      3      8      8      2
66372  65396  000010 000166 2.500e-01      1      1      2      0      0      5      0      1      1      5      0      2      2      0      3      3      3      2      2      1      0      2      0      0      1      2      2      4      5      2      3      3      2      0      4      1      0      1      0      0      0      2      0      1      1      0      1      2      6      0      0      0      6      3      1      1      1      4      1      3      1      2      4      1      2      1      0      5      3      0      5      2      2      0      3      1      3      0      3      5      1      1      2      0      0      3      0      1      0      0      1      1      1      1      2      1      0      3      0      6
66375  65396  000005 000207 2.500e-01      3      4      0      3      3      1      1      8      5      1      0      1      2      0      4      1      1      1      3      2      0      2      1      0      2      1      0      2      0      2      0      2      2      3      3      0      0      3      2      4      4      0      5      0      1      0      0      0      1      0      6      2      0      0      1      1      3      1      0      3      2      3      2      4      1      1      1      2      4      0      4      1      5      0      1      3      2      5      4      3      3      0      2      3      3      1      5      1      2      4      3     12      2      4      2      0      5      2      1      3
66376  65396  000001 000000 2.500e-01      0      0      0      0      0      0      0      0      0      0      0      0      0      0      0      0      0      0      0      0      0      0      0      0      0      0      0      0      0      0      0      0      0      0      0      0      0      0      0      0      0      0      0      0      0      0      0      0      0      0      0      0      0      0      0      0      0      0      0      0      0      0      0      0      0      0      0      0      0      0      0      0      0      0      0      0      0      0      0      0      0      0      0      0      0      0      0      0      0      0      0      0      0      0      0      0      0      0      0      0
