SCORE -2.42101918942349e+05
ITER 21000
ETA        1.50000000000000e+00 1.50000000000000e+00 1.50000000000000e+00
GAMMA      5.00000000000000e-01 5.00000000000000e-01
GEM_MEAN 5.00000000000000e-01
GEM_SCALE 5.00000000000000e-01
SCALING_SHAPE 5.00000000000000e-01
SCALING_SCALE 5.00000000000000e-01
ID     PARENT NDOCS  NWORDS  SCALE     WD_CNT
0      -1     000100 042468 2.500e-01    291    328    135    225    283    320    130   1021    414    515    561    480    390    795    557    526    532    148    326    447    405    553    197    496    380    382    557    273    395    389    387    448    260    239    273    507    239    464    762    696    526    369    684    267    130    450    546    247    354    491    447    387    356    315    435    452    542    379    375    315    205    382    625    505    588     98    930    312    360    194    409    786    255    232    298     74    851    616    665    928    372    320    467    669    345    183    171    205    366    347   1106    387    290    228    352    184    673    461    439    797
1      0      000082 004532 2.500e-01     93     13     26     11     49     69     25     68     64     52      2     74     37     38     97     59     30     25     64     75     32    107     31     91     38     13      9     33     32     46     29     61     34     46    102     30     44     60     31     76      7     29     15     14     47     17      9     38     25    114     28     17     14     36     47     52    118     40     15     39     61     43     26     12     47     39     76      5     51     10      1     58     27     20     51     28     32     76     40    110     74     50     67     51     77     30     44     38     37     44    144      2     43     20      2     58     55     74     63    109
13     1      000021 000889 2.500e-01     21      4     26      2      5      0      4      4     10      9      2     10      8      8      1      9      2     22     15      6      3      9      1      4      9      5      8      5     14      5     17      0      4     15      6      7      7     16     10     23      1      6      1     14      0      2     10      0      2     14      5      4      0      6      4      4     40      7      4     30     24      0     17      7     29      5     25      4     14     15      3     14      8      8     19      8      7      2      8     12     11     16      8      0     24      1      1      7     10      2     11     15      1     17     11     19      0      1      0     15
34397  1      000015 000026 2.500e-01      0      0      0      0      0      0      0      0      0      0      1      0      1      0      0      0      0      0      0      0      0      0      0      0      0      0      0      0      0      2      0      0      0      1      0      0      0      0      0      0      0      1      2      1      0      0      0      0      0      0      1      1      1      0      0      0      0      0      0      0      0      0      0      0      0      0      0      0      0      0      1      0      2      1      1      1      0      0      0      0      0      2      2      2      0      0      0      1      0      0      0      0      0      0      0      1      0      0      0      0
35200  1      000039 000457 2.500e-01      1      0      1      0      5      0      3      6      3      1     10      6      3     12      2      5      3      3     10      6      3      8     10      4     11      7      1      3      1      0     17      3      8      3      0      6      6      7      1      6      0      9      1     15      0      1      6      8      1      0      0      9      2      7      5      1      7      9      1     11      4      1      2      7      5     11      2      3      4      3      8      7      0      9      2     10      8      9      3      2      2      5      5      1      6      5      5      2      0     19      0      1      1      1      3      5      4      6      2      6
35743  1      000004 000313 2.500e-01      0      1      0      0      2      9      2      7      6      2      5      4      1      8      0      4      1      2      5      7      2      2      0      3      0      5      2      6      0      4      4      1      1      6      5     11      0      7      1      9      0      1      2      4      2      4      1      1      1      5      3      9      6      2      0      0      3      3      4      0      0      3      0      1      5      1     10      5      3      6      3      3      3      2      0      0      2      3      5      1      3      3      2      8      0      5      2      4      2      7      2      4      2      2      1      5      7      2      2      8
35759  1      000003 000136 2.500e-01      0      3      0      2      0      3      0      0      1      4      1      1      0      1      1      2      3      2      0      2      3      4      4      1      0      2      0      1      0      1      0      2      2      1      0      0      2      2      2      4      3      6      1      2      2      0      1      0      1      3      0      5      2      0      1      0      0      3      2      4      2      1      1      1      2      1      1      0      1      2      0      1      0      0      1      0      0      0      0      0      0      1      0      1      1      0      3      1      2      4      8      1      0      2      0      1      2      0      1      1
35549  0      000017 000413 2.500e-01      4      0      1      5      1      0      1      1      6      1     13      1      4      2      0      1      1      1      8      0     12      5      5     17      3      2      2      8      5      2      3      2      1      4      1      5      5      3      4      4      2      4      6      2      9      2      4      0     10      5      9      1      3      5      6      1     12      0      3      1      0      3      4      8      7      1      4      1      4      1      1      2      5      4      2     14     26      0      6      2      5      4      4      4      1      1      0      2      6     13     17      2     21      0      2      1      1      0      2      3
35628  35549  000011 000413 2.500e-01      3      6      3      7      3      1      0      0      1      6      6      3      6      1      4      0     16      0      4      3      0      6      1      7      6      1      8     12     13      7      4      4     11      3     12     12      3      4      9      1      1      1      0      2      0      2      0      2      1      9      5      6      2      4     10      2     10      0      7      0      7      7      0      0      2      2      7      5     13      6      2      7      0      2      2      0      1      5      6      8      0      5      3      1      0      1      3      3      2      6      6      2      1     10      9      1      5      4      3      5
35754  35549  000005 000299 2.500e-01      1      0      0      6      7      2      0      2      5      3      3      4      4      1      1      1      8      0      0      1      1      4      1      1      3      6      3      4      6      3      2      2      0      1      6      9     10      8      6      0      6      0      0      3      5      2      1      4      5      8      6      7      1      2      4      4      1      2      4      4      6      5      1      1      3      7      3      1      0      4      1      6      3      7      2      2      0      1      1      1      2      1      2      7      1      2      0      5      0      6      7      4      1      0      1      5      2      2      1      1
35760  35549  000001 000051 2.500e-01      1      0      1      0      0      2      0      1      0      0      0      0      0      0      0      1      2      0      0      0      1      3      1      0      0      1      0      0      0      0      0      1      0      0      0      0      1      2      0      3      0      1      2      1      0      1      1      1      0      0      1      0      0      0      0      1      0      2      1      0      0      1      0      0      0      0      1      0      0      0      0      0      0      0      1      0      4      1      0      2      0      1      0      0      0      1      1      0      0      0      1      0      2      0      0      1      1      0      0      0
35757  0      000001 000002 2.500e-01      0      0      0      0      0      0      0      0      0      0      0      0      0      0      0      0      0      0      0      0      0      0      0      0      0      0      0      0      0      0      0      0      1      0      0      0      0      0      0      0      0      0      0      0      0      0      0      0      0      0      0      0      0      0      0      0      0      0      0      0      0      0      0      0      0      0      0      0      0      0      0      0      0      0      0      0      0      0      0      0      0      0      0      0      0      0      1      0      0      0      0      0      0      0      0      0      0      0      0      0
35761  35757  000001 000001 2.500e-01      0      0      0      0      0      0      0      0      0      0      0      0      0      0      0      0      0      0      0      0      0      0      0      0      0      0      0      0      0      0      0      0      0      0      0      0      0      0      0      0      0      0      0      0      0      0      1      0      0      0      0      0      0      0      0      0      0      0      0      0      0      0      0      0      0      0      0      0      0      0      0      0      0      0      0      0      0      0      0      0      0      0      0      0      0      0      0      0      0      0      0      0      0      0      0      0      0      0      0      0
