SCORE -2.42124514041958e+05
ITER 44000
ETA        1.50000000000000e+00 1.50000000000000e+00 1.50000000000000e+00
GAMMA      5.00000000000000e-01 5.00000000000000e-01
GEM_MEAN 5.00000000000000e-01
GEM_SCALE 5.00000000000000e-01
SCALING_SHAPE 5.00000000000000e-01
SCALING_SCALE 5.00000000000000e-01
ID     PARENT NDOCS  NWORDS  SCALE     WD_CNT
0      -1     000100 041668 2.500e-01    294    306    136    222    287    327    119    981    427    532    555    468    374    806    521    503    538    125    291    463    401    575    194    500    361    389    562    276    379    403    379    453    262    249    268    507    250    447    742    672    491    361    667    264    131    418    515    237    345    490    438    398    339    324    424    443    549    361    347    292    210    379    593    499    596    109    906    302    334    199    400    771    243    232    275     70    848    599    640    904    361    315    456    657    318    167    169    221    357    359   1086    346    301    215    335    186    663    434    429    806
1      0      000068 003038 2.500e-01     19     16      2      4     20     55     12     84     48     41     24     57     38     22     71     40     41     15     46     55      6     57     18     59      4     13      8     27     16     43     32     36     22     15     43     30     13     52     31     45     33     32     18      9     35     29     30     13     34     90     22      9     19     15     39     40     48     30     34     26     18     36     26     16      8     14     68      7     10      4      9     43      4     27      8     18     33     51     41     37     33     37     27     52     33     30     26     22     32     25     87      3     30      6     20     14     55     73     34     36
13     1      000068 003935 2.500e-01     93     18     52     19     37     17     27     40     24     13      6     42     22     33     59     48      8     55     74     24     50     58     27     53     54      8     15     24     46      2     36     23     20     46     77     26     40     56     41     93      2     19     13     43     21     14     18     31     12     51     29     29      8     26     38     29    120     41     19     68     68     20     42     15     69     31     52     12     90     28      3     57     43     12     84     35     34     43     40    114     63     39     70     20     94     16     25     19     28     51    108     36     24     43     16     68     25     26     41     94
77055  0      000013 000267 2.500e-01      2      4      0      0      8      0      2      1      2      0      3      5      8      0      1      1      3      2      8      0      0      1      9      1      5      0      0      6      3      0      6      0      3      1      6      4      3      2      1      0      6      4      9      0      0      1      5      2      0      2      3      4      2      2      0      0      1      6      0      6      0      3      4      0      5      0      4      3      6      3      4      2      4      1      1      6      1      4      4      4      4      4      1      4      1      3      2      0      2      2      0     13      2      2      3      0      2      4      3      2
77407  77055  000013 000196 2.500e-01      0      0      0      6      1      2      1      1      1      5      4      1      0      1      2      1      3      1      2      0      2      0      0      1      8      3      0      0      5      3      5      4      1      1      0      7      2      2      2      3      2      3      2      0      0      7      7     10      1      1      2      1      4      4      1      2      0      1      0      2      0      1      0      2      0      2      1      1      1      0      1      1      2      0      2      3      1      5      5      0      2      0      0      7      0      2      2      0      1      2      5      4      0      3      0      5      0      3      1      0
76941  0      000016 000244 2.500e-01      0      4      1      3      0      0      0      0      4      0      9      5      4      1      1      0      0      0      3      0      0      4      0      2     12      5      2      8      8      2      1      1     10      2      5      8      3      0      2      3      2      1      1      0      1      1      1      1      0      0      3      0      2      2      2      1      3      2      4      0      3      1      1      4      5      0     12      3      2      4      2      3      0      0      4      0      7      0      1      2      1      4      1      1      1      6      0      1      1      5      4      4      3      6      3      1      1      4      0      3
76942  76941  000009 000260 2.500e-01      4      6      1      0      0      3      3      1      2      2      0      3      4      0      3     11      1      4      2      3      1      0      1      6      3      2      1      1      6      3      0      0      3      4      1      0      0      6      1      3      1      1      1      1      1      7      2      4      5      8      2      4      9      1      2      0      5      0      7      6      3      2      3      2      2      3      3      2      1      1      2      0      1     12      2      2      1      3      0      1      1      9      0      3      5      3      4      0      2      0      4      3      0      3      1      7      1      0      4      2
77411  76941  000007 000078 2.500e-01      0      0      0      2      1      0      0      0      1      0      0      0      0      0      1      0      1      0      4      0      0      0      0      1      1      1      1      0      0      1      0      0      1      0      1      0      1      0      0      1      4      3      1      3      1      2      0      0      2      4      0      0      0      1      1      0      0      2      0      2      4      0      0      1      0      0      1      3      1      0      4      1      0      0      1      1      0      2      0      0      2      0      2      0      0      0      1      0      2      0      0      5      0      0      2      0      0      0      0      0
77444  0      000003 000163 2.500e-01      2      0      1      1      1      0      0      1      0      0      1      1      1      1      2      3      3      1      2      0      1      0      2      1      1      2      1      3      1      2      2      4      0      1      2      3      1      4      0      2      1      2      1      5      5      1      1      0      0      1      3      0      1      2      3      1      4      1      2      2      1      2      0      2      1      3      4      1      5      2      1      5      5      1      1      2      6      5      0      2      1      0      2      0      1      0      1      4      0      2      4      2      1      1      0      0      2      2      0      1
77452  77444  000003 000151 2.500e-01      1      1      0      1      0      2      1      1      1      0      2      1      3      2      2      1      0      0      0      2      1      6      0      0      1      1      0      0      2      0      2      3      0      0      2      2      4      4      6      0      4      1      1      0      0      1      1      3      1      2      3      1      3      0      2      1      3      1      3      0      2      2      7      1      2      3      8      2      0      0      3      1      1      0      1      0      0      1      3      2      1      0      1      0      2      2      1      1      0      2      4      2      1      1      1      0      1      4      1      1
