SCORE -2.47957951426683e+05
ITER 49000
ETA        1.50000000000000e+00 1.50000000000000e+00 1.50000000000000e+00
GAMMA      5.00000000000000e-01 5.00000000000000e-01
GEM_MEAN 5.00000000000000e-01
GEM_SCALE 5.00000000000000e-01
SCALING_SHAPE 5.00000000000000e-01
SCALING_SCALE 5.00000000000000e-01
ID     PARENT NDOCS  NWORDS  SCALE     WD_CNT
0      -1     000100 040572 2.500e-01    301    273    129    209    284    316    107    918    415    493    544    482    361    792    529    518    513    121    302    439    376    556    192    480    372    365    527    267    383    384    375    439    251    239    280    507    240    472    727    646    487    338    647    249    112    403    505    216    328    483    450    368    336    270    436    404    576    356    345    300    176    348    587    477    574     86    935    300    333    186    385    784    236    216    274     65    803    570    638    887    329    316    442    631    292    162    154    185    342    355   1108    363    293    212    306    187    646    435    432    789
1      0      000034 003550 2.500e-01     64     26     16     15     27     59      7     68     30     22     14     46     34     29     72     57     26     16     60     64     26     75     17     69     11      0      7     18     12     36     20     51     29     27     68     36     40     56     30     43     17     33      4     16     45     22     15     28     24    113     11     16     10     28     24     43     83     48     25     46     49     28     22      1      5     12     61      3     37      8      3     31     15     18     29     30     38     47     33     89     59     36     46     57     70     39     34     37     27     35    118      1     27     19     13     55     59     73     40     72
13     1      000032 001582 2.500e-01     18      0     27      4     16      8     28     23     25     27      1     13      8      6      9      3      2     33     17      7      7     18     13     29     34     14     11     22     31      6     27      1      4     22     20      5      1     11      9     60      0      3      9     19      1      7     27      8      0     12     15     12      3     13     16      1     42     13      5     23     41     16     13      9     57     31     17      3     36     19      5     27     18      5     41      8     24     35     14     32     19     17     31      7     39      0      8      7     11     17     27     14      6     22     10      7      0      7      2     31
86142  1      000002 000220 2.500e-01      0      4      1      1      0      2      0      5      4      2      0      3      2      1      0      4      2      2      1      5      1      0      0      3      2      2      1      1      4      1      2      2      3      5      2      3      2      1      6      2      0      1      2      0      1      1      1      1      1      0      0      2      4      4      1      0      2      0      4      4      1      5      2      3      0      0      2      0      0      2      1      3      1      6      2      2      4      6      3      8      1      8      2      3      3      5      2      3      0      2      2      1      1      5      0      5      5      4      2      4
85799  0      000010 000086 2.500e-01      0      0      0      0      1      0      1      1      1      0      2      1      0      0      4      0      1      1      0      0      1      2      1      0      0      0      0      1      4      0      0      3      1      1      0      0      1      0      2      2      0      0      4      0      0      3      0      0      2      0      0      0      0      1      2      0      0      3      0      0      0      1      2      3      1      0      2      3      1      0      1      2      0      1      3      1      1      0      2      0      0      1      0      0      1      0      1      1      0      1      2      1      2      1      1      0      1      0      1      1
86027  85799  000010 000315 2.500e-01      2     16      2      6      1      7      5      3      9      0      1      1      6      6      4      0      0      3      1      2      0      0      0     17      9      7      2      8      0      4      2      2      7      0      2      0      1      0      0      6      0      5      1      9      2      6      3      2      0      0      1      3      0      5      3      9      1      4      7      0      5      5      9      2      4      1      5      0      4      2      0      0      4      1      3      1      2      6      2      8      6      0      4      3      8      0      0      1      2      2      2      2      2      3      0      2      1      2      3      5
86057  0      000008 000148 2.500e-01      1      3      2      1      1      2      1      1      0      3      1      1      3      0      0      0      3      0      4      0      1      0      3      1      0      1      0      0      1      4      1      0      4      3      1      0      3      4      0      1      3      1      2      0      0      0      5      2      0      0      0      1      3      2      1      1      0      0      5      0      2      5      3      0      2      4      4      0      0      2      0      1      0      2      0      0      1      3      3      3      4      0      0      1      0      1      2      2      3      1      2      0      0      3      1      3      4      3      0      2
86139  86057  000008 000213 2.500e-01      2      2      2      0      2      2      2      6      2      2      2      1      4      4      3      5      3      0      6      3      1      2      2      3      3      1      5      3      2      0      2      0      1      0      2      3      2      0      0      5      0      5      2      1      2      3      1      2      3      0      1      3      2      4      0      3      8      1      1      5      3      1      4      1      3      2      3      2      1      4      1      3      1      4      2      0      1      0      0      1      5      9      1      2      0      1      1      2      3      2      0      1      1      0      2      3      2      1      2      1
85851  0      000014 000468 2.500e-01      2      1      0      3      3      0      0     32      2      8      6      6      3      7      4      1      4      4      2      6      1      3      4      2      1     13      0      3      7      0      2      0      0      5      2      5     10      5      3      5      5      9      2      0      2      5      4     13     12      2      0     12      1      7      9      0      2      1      4      1      1      7      7      2      2      5      2      2      4      4     11      3      2      4      8      1     11     11      3      3      0      4      8     20     10      1      4     10      6      3     10      0      0      0     19      6      6      2      8      2
85899  85851  000007 000281 2.500e-01      5      3      4      2      1      2      0      0      0      4      0      0      5      2      4      0      5      1      5      4      0      5      0      1      1      4      6      2      3      1      3      2      0      2      1      0      1      2     18      9      5      2      2      3      0      2      3      2      5      2      1      3      3      4      0     19      2      2      5      0      0      3      7      5      0      0      1      2      0      2      2      7      3      1      1      0      4      3      0      2      3      1      5      1      3      0      1      4      0      4      8      4      7      2      6      1      4      4      3      4
86119  85851  000007 000356 2.500e-01      2      8      1      0      2      1      1      5      3      5      5     11      6      4      3      2      8      0      1      1      1      3      4      1      4      9     17      2      0      0      9      0      0      5      7      4      1      1      1      1      7      7     10      1      1      1      1      2      2     11      0      5      3     11      1      2      0      2      6      0      3      9      5      4      4      3      5      1      4      1      3      4      2      4      0      5      6      6      1      2     12      6      0      7      8      2      2      0      7      0      4      6      0      1      0      0      4      7      0      6
85893  0      000009 000396 2.500e-01      2      0      2      2      0      0      0      8      3      6      8      3      4      5     18      3      4      6      1      2     12     23      2      4      2      0      0      0      0      3      0      4      9      2      1      4      5      3      7      0      1      3      7      7      7      3      0      5      6      2      1      2      0      2      2      7      2      2      0      2      9      0      5      6      3      6      4     10     10      3      3      5      8      3      2      6      8      3      7      9     12      0      2      1      8      7      0      1      6      5      0      7      4      3      2      2      2      0      3      2
85974  85893  000008 000131 2.500e-01      0      3      2      5      1      0      1      2      3      1      0      0      4      0      1      1      0      1      6      0      0      0      2      1      3      0      0      2      6      0      1      0      0      0      2      1      0      0      0      2      0      2      3      0      0      0      2      2      1      4      2      0      2      1      2      1      1      0      1      0      3      3      2      4      0      0      1      0      0      0      0      0      1      0      1      7      2      0      4      6      2      0      0      2      2      0      0      0      0      5      3      0      3      0      2      1      0      0      1      1
86144  85893  000001 000007 2.500e-01      2      0      0      0      0      0      0      0      0      0      0      0      0      0      0      0      1      0      0      0      0      0      0      0      0      0      0      0      0      0      0      0      0      0      0      0      0      0      0      0      0      0      0      0      0      0      0      0      0      0      0      1      0      0      0      0      0      0      0      0      0      0      0      1      0      1      0      0      0      0      0      0      0      0      0      0      0      0      0      1      0      0      0      0      0      0      0      0      0      0      0      0      0      0      0      0      0      0      0      0
85936  0      000014 000292 2.500e-01      0      1      2      3      4      2      0      5      0      4      1      7      5      1      4      2      3      4      4      1     11      4      1      2      0      0      2      0      3      0      2      2      2      0      2      2      0      4      6      4      6      1      9      9      3      3      1      7      1      0      3      6      3      1      1      1      1      2      2     10      6      1      3      8      5      0      4      1      2      0      3      0      0      5      6      0      7      3      0      2      6      3      1      1      0      1      4      2      3      4      3      8      1      0      6      1      0      0      9     13
85964  85936  000006 000288 2.500e-01      5      0      0      2      4      0      2     14      2      2      7      2      2      1      0      5      8      1      6      1      7      1      3      3      2      1      2      2      1      8      5      2      4      0      0      0      0      1      2      6      5      6      1      4      2     10      2      2      8      4      4      1      8      9      4     11      0      1      2      0      3      0      0      5      2      3      3      1      0      1      4      3      1      3      0      1      4      5      2      4      1      2      4      1      2      5      3      0      1      0      0      1      4      0      9      0      6      2      3      1
86109  85936  000005 000268 2.500e-01      4      4      0      0      5      2      4     10      6      7      1      1      2      4      3      3      6      4      3      1      5      0      2      1      2      0      1      6      1      4      3      4      0      4      6      4      1      3      5     14      2      3      0      0      4      4      1      2      1      0      2      3      0      3      1      2      6      1      1      6      0      5      1      9      8      2      1      2      2      1      1      0      4      5      2      6      0      1      1      1      0      0      0      0      3      3      6      0      6      0      5      0      0      3      0      2      3      3      0      4
86138  85936  000003 000194 2.500e-01      2      1      0      1      0      0      1      1      2      0      5      1      0      1      0      2      1      1      1      0      5      5      1      1      2      1      2      2      1      2      2      9      1      1      0      3      1      6      1      6      2      2      5      6      5      0      3      0      2      4      3      0      2      3      5      2      3      2      0      2      0      2      1      0      1      3      7      1      6      3      0      2      1      2      0      0      2      6      1      1      4      0      7      1      1      0      2      3      2      0      3      0      0      0      0      4      1      1      1      2
86009  0      000009 000124 2.500e-01      1      2      1      2      1      1      1      0      0      0      0      0      0      1      1      1      0      0      3      4      1      0      0      0      0      2      0      0      0      2      2      2      0      0      1      2      2      0      2      4      2      2      0      0      5      3      1      0      0      3      4      1      0      3      1      4      1      3      2      1      2      0      0      1      1      2      0      2      2      1      4      3      2      0      2      0      5      0      3      0      3      0      2      2      0      1      1      0      0      0      1      0      3      0      0      0      2      1      2      1
86010  86009  000008 000147 2.500e-01      1      2      1      0      0      1      1      4      0      0      2      0      2      0      0      0      1      3      0      5      2      0      0      0      0      0      3      1      1      2      3      0      0      0      1      6      1      2      1      4      0      1      0      1      0      2      1      2      2      1      0      6      4      0      0      3      1      2      0      1      4      3      0      0      2      2      0      1      1      1      1      0      0      0      0      1      0      1      5      1      3      1      3      1      2      0      5      6      3      4      3      4      1      4      1      1      0      2      0      3
86141  86009  000001 000199 2.500e-01      1      3      1      2      1      0      2      4      3      5      3      3      0      1      3      0      4      1      5      2      1      4      1      2      1      2      1      5      4      1      1      1      3      3      2      0      5      2      1      0      1      2      4      0      2      2      1      0      2      3      5      1      2      6      3      1      2      1      1      0      1      3      1      1      9      1      2      1      2      0      1      2      1      2      1      2      5      5      1      4      0      4      1      1      1      0      1      2      3      3      1      2      5      0      0      0      4      1      1      1
86132  0      000002 000160 2.500e-01      0      3      0      0      1      1      1      0      0      2      1      1      3      1      0      1      3      1      4      0      3      0      3      4      1      2      3      0      2      1      1      0      3      0      5      2      0      0      5      2      3      1      0      0      1      1      3      5      0      5      2      0      1      0      0      3      0      1      0      2      0      1      2      0      5      1      0      1      5      1      0      4      3      3      2      1      2      2     11      2      0      0      1      2      2      1      0      2      0      5      0      3      2      2      3      1      0      2      0      0
86143  86132  000001 000000 2.500e-01      0      0      0      0      0      0      0      0      0      0      0      0      0      0      0      0      0      0      0      0      0      0      0      0      0      0      0      0      0      0      0      0      0      0      0      0      0      0      0      0      0      0      0      0      0      0      0      0      0      0      0      0      0      0      0      0      0      0      0      0      0      0      0      0      0      0      0      0      0      0      0      0      0      0      0      0      0      0      0      0      0      0      0      0      0      0      0      0      0      0      0      0      0      0      0      0      0      0      0      0
86140  86132  000001 000003 2.500e-01      0      0      0      0      0      0      0      0      0      0      0      0      0      0      1      0      0      0      0      0      0      0      0      0      0      0      0      0      0      0      0      0      0      0      0      0      0      0      0      0      0      0      0      0      0      0      0      0      0      0      0      0      0      0      0      0      0      0      0      1      0      0      0      0      0      0      0      0      0      0      0      0      0      0      0      0      1      0      0      0      0      0      0      0      0      0      0      0      0      0      0      0      0      0      0      0      0      0      0      0
