SCORE -2.43837643257898e+05
ITER 29000
ETA        1.50000000000000e+00 1.50000000000000e+00 1.50000000000000e+00
GAMMA      5.00000000000000e-01 5.00000000000000e-01
GEM_MEAN 5.00000000000000e-01
GEM_SCALE 5.00000000000000e-01
SCALING_SHAPE 5.00000000000000e-01
SCALING_SCALE 5.00000000000000e-01
ID     PARENT NDOCS  NWORDS  SCALE     WD_CNT
0      -1     000100 041552 2.500e-01    307    299    130    212    279    298    116    950    398    529    577    466    370    807    523    496    531    142    304    419    416    565    198    476    362    389    539    260    383    382    391    430    274    242    236    523    249    453    759    698    509    371    691    257    140    417    517    241    350    463    444    379    337    308    433    449    535    348    363    317    203    356    606    519    603    104    920    307    354    185    412    762    241    236    289     87    849    585    653    901    372    316    434    659    316    173    161    204    343    359   1098    376    286    229    343    189    661    427    422    765
1      0      000096 005531 2.500e-01     80     36     41     10     50     66     34    100     86     46      5     90     52     36    118     86     45     43     93     66     27     97     43    113     49      7      8     32     44     60     31     67     30     53    129     34     30     61     52     92     15     40      4     29     48     37     41     47     32    157     28     47     24     32     44     45    148     74     22     51     77     54     38      4     52     50    118     16     27     23      4     77     18     17     56     24     60    113     57    138     84     50     90     55     91     37     54     38     51     53    168     22     57     25     18     65     64     77     69    133
13     1      000014 000717 2.500e-01     18      1     18      2      7      0      6     11      2      4      4      4      5     10      3      9      0     15     12      2     11      4      1      0     14      8      9      7      7      0     15      4      3      2      5      4      8     18      8     18      1      1      1     12      2      7      9      3      4      6      5      1      1      7      5      2     26      1      3     18     17      0     10      5     16      5      4      5     29     12      3      1      8     10     22      9      6      0      2      4      3      5     10      2     31      2      4      4      0      2     18     15      0     16      4     15      2      3      2     17
48367  1      000043 000947 2.500e-01      1      4      0     10      7     31      1     32      9     12      3     20     20      5      2      0      1      1      6     39      2     19      5      9      4      8     14     29      2      3     13     12      9      7     24     20     21     15      1      8     11      6      7     18      3      6      6      8      5     20      4     11     17      3     10      7      9     16     16      6      0      2      7      3      8      3      5      4     30     12      2     21     25      7      1     11     11      4      4      5      6     12      8     12      5     14      6     15     14     18      1      0      1      4      0      3     13     25      6      1
47572  1      000021 000673 2.500e-01      5      4      3     16      3      5      7     13     10      1      6      0      3      3      8      5     13      0      8     18      2     10      3     19     13      5      6      6     15      1      7      3      3     15      4      0      5     20      1      2      7      5      6      1      1      4      3      0      7      1      6      2      4     19      9      7      7      4      5      8      0     28      5      5      2      1      0      1      9      3      4      8      7     12     10      4      1      5     13     11      3     21      8      7      5      1      2      5     15     10     11      1     13      4     11      4      6      8      8     24
49466  1      000005 000011 2.500e-01      0      1      0      0      0      0      0      0      0      0      0      0      0      0      0      0      0      0      0      0      0      0      0      0      0      0      0      1      0      0      0      0      0      0      0      0      0      1      0      0      0      0      1      0      0      1      0      0      0      0      0      0      0      0      0      2      0      0      0      0      0      0      0      0      0      0      0      0      0      0      0      0      1      0      0      0      0      1      0      0      0      0      0      0      0      0      0      0      0      0      0      0      0      0      1      0      0      0      0      1
49471  1      000007 000034 2.500e-01      0      1      0      1      0      0      0      1      0      0      0      0      0      0      1      0      1      0      0      0      0      1      0      0      0      0      0      1      0      1      0      1      1      0      0      2      0      1      0      0      0      1      0      0      1      1      1      0      0      1      0      1      1      2      0      0      0      0      0      2      2      0      0      1      0      0      0      0      0      1      0      2      0      0      0      2      0      1      0      0      0      0      0      0      0      0      0      0      0      0      0      0      0      0      0      1      0      0      0      0
49473  1      000005 000190 2.500e-01      0      2      0      3      7      1      1      1      3      0      0      0      1      2      6      6      1      1      1      0      2      1      0      5      0      4      8      2      4      2      3      0      0      0      3      1      1      3      2      1      1      2      3      4      0      0      0      0      1      1     10      3      0      2      3      2      2      0      2      1      1      0      4      4      1      1      8      0      0      1      3      7      1      2      0      0      3      0      1      5      1      2      4      2      2      0      1      1      0      1      2      1      2      0      1      2      3      1      5      2
49474  1      000001 000001 2.500e-01      0      0      0      0      0      0      0      0      0      0      0      0      0      0      0      0      0      0      0      0      0      0      0      0      0      0      0      0      0      0      0      0      0      0      0      0      0      0      0      0      0      0      0      0      0      0      0      0      0      0      0      0      0      0      0      0      1      0      0      0      0      0      0      0      0      0      0      0      0      0      0      0      0      0      0      0      0      0      0      0      0      0      0      0      0      0      0      0      0      0      0      0      0      0      0      0      0      0      0      0
49415  0      000004 000203 2.500e-01      0      5      1      4      1      3      0      1      2      1      5      1      2      2      2      3      6      1      6      2      0      4      1      1      4      0      3      5      7      6      0      4      2      0      1      2      3      1      0      0      1      1      0      1      0      4      2      1      1      0      6      0      0      3      6      0      5      1      3      0      7      2      1      1      6      1      3      1      0      2      1      6      2      1      1      0      1      4      3      1      0      0      5      4      1      0      2      1      1      0      3      3      3      0      2      1      1      4      0      1
49464  49415  000004 000141 2.500e-01      4      2      0      0      1      2      0      1      0      0      4      2      1      1      0      3      0      0      2      1      2      0      0      1      4      3      3      2      4      4      3      3      0      0      3      1      0      0      3      3      1      0      1      3      0      4      1      1      0      0      2      2      3      1      2      3      0      1      2      1      2      4      5      0      0      0      1      2      1      2      0      0      0      0      0      0      0      0      1      1      0      2      1      3      4      2      1      0      1      5      1      0      0      2      1      1      0      5      1      1
