SCORE -2.42499054346754e+05
ITER 46000
ETA        1.50000000000000e+00 1.50000000000000e+00 1.50000000000000e+00
GAMMA      5.00000000000000e-01 5.00000000000000e-01
GEM_MEAN 5.00000000000000e-01
GEM_SCALE 5.00000000000000e-01
SCALING_SHAPE 5.00000000000000e-01
SCALING_SCALE 5.00000000000000e-01
ID     PARENT NDOCS  NWORDS  SCALE     WD_CNT
0      -1     000100 042260 2.500e-01    305    317    136    235    274    317    129    990    436    525    561    461    388    791    544    511    537    136    322    445    407    577    204    500    371    384    542    277    412    393    376    436    268    248    254    530    255    455    757    695    506    355    685    279    117    444    523    247    359    490    467    405    352    331    449    440    529    372    363    304    210    384    591    490    590    113    954    303    354    200    396    766    248    247    291     76    856    621    646    899    366    325    477    661    320    167    168    190    373    369   1109    366    300    219    348    181    681    452    433    802
1      0      000068 004078 2.500e-01     76     28     15      8     39     68     12     82     41     50     20     75     48     26     90     51     38     28     73     60     34     94     25     89     11      7      4     28     23     47     18     54     25     47     96     38     29     57     16     52     23     56      9      9     61     14     11     21     23    127     21     13     24     14     46     42    101     47     18     33     56     43     36      3      9     13     42      5     40     15     10     67     24     27     28     39     39     60     35     82     77     46     37     45     67     44     38     43     14     49    137     11     28     17     18     42     59     81     41     76
13     1      000065 002392 2.500e-01     27      5     32      7     25      8     21     21     26     13      3     25      8     28     16     29      7     28     26     26     10     21     15     23     58     19     19     22     22      6     35     19     17      5     40     11     26     40     25     61      1      0     17     36      8     18     32     17      5     20      7     18      4     24      0     15     78     20     13     63     42      2     36     24     70     32     60     14     52     14     13     21     24      5     51     16     19     20     38     71     17     26     37     19     54      3     14     18     23     24     45     28     17     34      7     40      7      6     25     53
80445  1      000003 000173 2.500e-01      0      0      0      8      0      1      0      4      4      2      3      1      1      1      0      0      5      0      1      2      0      0      1      4      3      2      2      3      1      5      2      2      2      1      4      2      3      3      5      0      1      3      0      1      0      0      2      3      1      4      2      2      3      4      2      4      4      0      2      0      1      4      1      1      0      0      3      1      1      4      1      0      0      1      1      1      1      2      4      3      3      0      2      0      2      0      0      2      6      0      1      2      5      0      0      0      0      1      1      2
80360  0      000031 000630 2.500e-01      3      2      3      0      8      4      0      2      0      1     16     17      3      7      5      6      5      5      6      7      2      6      2      3      1     10     22     14      5      6     23      8      4     14      7      2      3     17     15     14      9      9      1      0      6      3     12      8     11      6      3      4      3      1     14     12     12      3     12      0      0      8      4     16     11      4      0      8      0      2      7     15      5      1      4      2      8      5      2     10      4      3      3     11      1      4      6     13      4      3      5      8      5      2      5      6      1      9      9      9
80378  80360  000017 000208 2.500e-01      3      1      5      0      3      1      2      9      1      2      1      2      6      1      8      2      4      3      0      3      8      2      4      3      1      1      0      0      1      0      7      5      4      0      1      1      1      0      1      0      4      3      0      0      2      1      0      2      0      2      4      0      1      0      0      1      4      2      3      0      0      0      7      2      5      2      0      3      2      5      1      0      1      3      2      1      3      0      1      0      2      5      2      0      2      4      3      0      1      1      3      0      7      6      2      5      0      0      1      0
80420  80360  000014 000259 2.500e-01      1      2      2      0      6      7      1      2      2      0      0      2      0     12      0      9      2      3      4      4      1      1      0      2      5      1      1      1      2      2      2      0      2      4      3      3      0      1      7      0      2      1      2      0      1      1      0      3      1      0      1      4      0      3      1      3      5      1      5      4      0      5      1      6      3      1      0      2      1      1      1     15      1      1      2      2      5      5      8      1      0      3      2      8      9      7      2      2      4      2      2      3      0      2      1      7      2      1      3      3
80446  0      000001 000000 2.500e-01      0      0      0      0      0      0      0      0      0      0      0      0      0      0      0      0      0      0      0      0      0      0      0      0      0      0      0      0      0      0      0      0      0      0      0      0      0      0      0      0      0      0      0      0      0      0      0      0      0      0      0      0      0      0      0      0      0      0      0      0      0      0      0      0      0      0      0      0      0      0      0      0      0      0      0      0      0      0      0      0      0      0      0      0      0      0      0      0      0      0      0      0      0      0      0      0      0      0      0      0
80447  80446  000001 000000 2.500e-01      0      0      0      0      0      0      0      0      0      0      0      0      0      0      0      0      0      0      0      0      0      0      0      0      0      0      0      0      0      0      0      0      0      0      0      0      0      0      0      0      0      0      0      0      0      0      0      0      0      0      0      0      0      0      0      0      0      0      0      0      0      0      0      0      0      0      0      0      0      0      0      0      0      0      0      0      0      0      0      0      0      0      0      0      0      0      0      0      0      0      0      0      0      0      0      0      0      0      0      0
