SCORE -2.42389766240751e+05
ITER 24000
ETA        1.50000000000000e+00 1.50000000000000e+00 1.50000000000000e+00
GAMMA      5.00000000000000e-01 5.00000000000000e-01
GEM_MEAN 5.00000000000000e-01
GEM_SCALE 5.00000000000000e-01
SCALING_SHAPE 5.00000000000000e-01
SCALING_SCALE 5.00000000000000e-01
ID     PARENT NDOCS  NWORDS  SCALE     WD_CNT
0      -1     000100 041923 2.500e-01    310    300    132    208    292    313    110   1002    410    495    566    477    385    807    556    499    545    131    326    449    405    578    194    501    377    368    545    263    405    394    397    424    267    255    266    511    246    462    752    681    497    360    682    259    134    432    525    239    345    485    446    391    340    300    444    438    554    377    373    306    196    381    587    503    601    116    906    309    347    207    376    785    257    231    284     88    850    595    623    913    356    327    460    654    319    176    160    197    358    360   1105    373    294    198    347    185    655    430    459    824
1      0      000061 004657 2.500e-01     75     21     26     18     44     70     16     79     72     45     18     82     32     28     98     78     28     36     73     69     27     92     27     90     25     15     18     27     28     38     36     56     27     40     94     43     36     73     44     81     22     29      3     32     48     22     26     31     28    112     19     26     18     39     31     40    110     37     26     44     67     46     40     16     34     26    104      5     43      8     15     80     12     39     30     30     49     86     64     96     76     57     57     52     79     35     47     41     19     43    148     21     35     25     16     77     64     80     45     82
13     1      000021 001160 2.500e-01     10      3     22      4     10      2     18      8      6     15      2      1      9     10      1      6      0     22     16      5      8     12      7     13     29     11      6     15     14      4     13      7     10      7     11      7      4     17     14     23      1      3      7     10      2      8     17      9      3     19      7      6      4      7     11     11     42     17      6     30     27      7     18      5     41     18     15      3     33     11      5      0     18      7     39      7     12      7      1     36     12     13     14      4     36      0      6      7     10     16     21     11      4     26      5      8      3      3      2     27
41493  1      000022 000471 2.500e-01      5      8      2      3      1      5      2      3      7     19      3      4      2      2      0      1      7      2      5      5      3      3      4      0      3      4      0     12      2      9      1      3      3      5      5     10      9     10      2     14      8     10     10      8      2      2      0      1      1      6     12     10      4      0      1      5      1      6      1      4      0      1      4      1      1      0      1      2     10      1      9      1      9      1      2      4      0      1     11      4      7      0      5     19      2      2      4     11     13      8     10      3      1      8      1      2     16      8      1      7
41320  1      000007 000212 2.500e-01      2      1      5      0      1      3      3      4      2      2      1      6      5      0      0      0      1      1      3      1      1      1      3      5      0      1      0      0      3      2      3      0      2      4      2      2      0      1      4      2      1      4      1      1      5      2      0      2      2      6      4      2      0      6      0      5      2      0      4     11      1      1      3      1      1      0      0      2      3      4      0      2      2      1      4      1      3      1      3      1      2      0     11      1      5      3      5      0      7      5      0      0      0      0      0      0      1      2      0      1
41459  1      000005 000267 2.500e-01      2      6      0      2      2      1      5      7      2      2      1      1      2      7      3      3      2      2      0      3      2      2      0      4      2      2      4      3      3      0      0      0      6      2      4      3      3      1      2      2      3     11      1      7      2      7      1      2      1      3      5      4      3      1      5      3      6      1      1      2      4      0      5      2      1      1      1      4      4      0      4      1      3      1      3      1      4      1      0      3      6      3      3      1      7      1      1      0      5      3      6      5      3      2      3      2      3      3      0      0
41540  1      000001 000000 2.500e-01      0      0      0      0      0      0      0      0      0      0      0      0      0      0      0      0      0      0      0      0      0      0      0      0      0      0      0      0      0      0      0      0      0      0      0      0      0      0      0      0      0      0      0      0      0      0      0      0      0      0      0      0      0      0      0      0      0      0      0      0      0      0      0      0      0      0      0      0      0      0      0      0      0      0      0      0      0      0      0      0      0      0      0      0      0      0      0      0      0      0      0      0      0      0      0      0      0      0      0      0
41550  1      000001 000000 2.500e-01      0      0      0      0      0      0      0      0      0      0      0      0      0      0      0      0      0      0      0      0      0      0      0      0      0      0      0      0      0      0      0      0      0      0      0      0      0      0      0      0      0      0      0      0      0      0      0      0      0      0      0      0      0      0      0      0      0      0      0      0      0      0      0      0      0      0      0      0      0      0      0      0      0      0      0      0      0      0      0      0      0      0      0      0      0      0      0      0      0      0      0      0      0      0      0      0      0      0      0      0
41551  1      000004 000020 2.500e-01      1      0      0      0      0      2      0      1      0      1      0      0      0      0      0      0      0      0      1      0      0      1      1      0      0      0      0      1      0      0      0      0      0      0      0      0      0      0      0      0      1      1      1      0      0      0      0      0      0      0      0      1      0      0      0      0      0      0      0      0      0      0      0      0      0      0      0      0      1      0      1      0      0      0      1      0      0      0      0      1      0      0      0      0      0      0      1      0      0      0      0      0      0      0      1      1      0      0      0      0
40685  0      000025 000290 2.500e-01      2      1      0      1      1      2      3      1      2      1      2      3      6      6      0      4      2      2      2      5     11      0      4      6      7      6      2      2      6      2      4      8      3      0      3      0      1      1      0     12      3      1      2      3      0      0      4      5      1      1      0      1      6      2     10      4      4      0      3      1      5      9     11      3      0      0      1      6      4      1      1      0      0      1      5      2      4      2      5      2      1      3      2      6      3      2      1      0      3      3      4      2      3      5      1      1      2     10      0      1
41079  40685  000015 000538 2.500e-01      3      7      3     18      3      1      0      5      8      8      6      5      3      1      5      6     10      1      5      9      2      4      6      2      0     10      2     11      2      5      5     21      3      2     10      5     16      2      8      4      3      7      1      1      2      1      4      9      7     12      8      4      7     12      4     10     12      4      1      2      1      0      2      3      4      3     22      3      3      2     12      4      0      2      9      4      1     13     24      4      2      5      5      5      3      5      3      8      7      4      2      0     17      4      3      3      5      1      0      2
41543  40685  000006 000028 2.500e-01      0      0      0      0      0      1      0      0      0      0      0      0      0      0      0      1      0      1      1      0      0      0      0      1      1      0      0      0      0      0      0      0      0      0      2      0      0      0      0      0      0      0      0      0      0      1      0      0      1      1      0      0      0      0      0      0      0      0      0      0      0      0      0      0      2      0      0      0      0      0      0      0      0      1      1      0      1      4      1      1      0      0      0      0      0      2      0      0      0      0      1      1      0      1      1      0      0      0      0      0
41549  40685  000004 000086 2.500e-01      1      1      0      0      0      3      2      0      0      0      0      0      0      1      0      2      0      0      0      0      1      1      1      0      3      3      0      0      0      0      0      0      0      1      3      2      0      1      0      0      1      1      0      1      0      0      2      1      1      2      1      0      1      4      1      0      1      1      0      1      2      0      2      3      2      0      0      2      2      1      0      3      1      0      0      0      0      0      0      4      1      0      1      2      0      2      0      0      3      3      0      0      3      1      0      0      0      3      0      0
41527  0      000013 000280 2.500e-01      4      5      1      4      0      3      4      0      0      4      4      4      9      4      0      7      1      3      0      0      0      5      3      2      2      2     13     10      3      4      1      5      1      3      5      4      2      4      0      3      5      0      4      2      0      5      1      1     10      1      2      1      4      6      5      1      0      1      0      2      6      0      3      4      1      1      8      0      0      4      6      8      0      0      1      0      6      2      2      0      4      0      1      0      1      1      3      3      0      1      4      2      1     10      2      2      1      7      4      1
41541  41527  000013 000049 2.500e-01      0      0      2      0      1      0      1      0      1      1      1      0      1      0      0      0      2      2      0      1      1      2      1      0      1      2      0      1      0      1      2      0      0      0      0      0      0      1      0      0      0      0      2      1      0      0      0      1      0      0      0      0      0      0      0      0      1      1      1      0      0      1      1      0      0      0      1      0      0      1      0      0      0      0      0      0      0      1      0      1      2      0      1      0      0      0      0      1      0      1      1      0      0      0      1      0      0      3      1      0
41552  0      000001 000000 2.500e-01      0      0      0      0      0      0      0      0      0      0      0      0      0      0      0      0      0      0      0      0      0      0      0      0      0      0      0      0      0      0      0      0      0      0      0      0      0      0      0      0      0      0      0      0      0      0      0      0      0      0      0      0      0      0      0      0      0      0      0      0      0      0      0      0      0      0      0      0      0      0      0      0      0      0      0      0      0      0      0      0      0      0      0      0      0      0      0      0      0      0      0      0      0      0      0      0      0      0      0      0
41553  41552  000001 000019 2.500e-01      0      2      0      0      0      0      1      0      0      0      0      0      0      0      0      1      0      0      0      0      1      0      0      0      0      0      0      0      0      0      1      0      0      0      0      0      0      0      0      0      1      0      0      0      0      1      0      0      0      1      1      0      0      0      0      0      0      0      0      1      0      0      0      1      0      0      0      0      0      1      0      0      1      1      0      0      1      0      0      0      0      0      0      0      0      0      0      0      0      1      0      0      1      0      0      0      0      0      1      0
