SCORE -2.42956698087083e+05
ITER 34000
ETA        1.50000000000000e+00 1.50000000000000e+00 1.50000000000000e+00
GAMMA      5.00000000000000e-01 5.00000000000000e-01
GEM_MEAN 5.00000000000000e-01
GEM_SCALE 5.00000000000000e-01
SCALING_SHAPE 5.00000000000000e-01
SCALING_SCALE 5.00000000000000e-01
ID     PARENT NDOCS  NWORDS  SCALE     WD_CNT
0      -1     000100 042240 2.500e-01    276    323    134    233    287    320    117    966    413    514    540    478    384    797    520    509    547    146    304    460    417    594    210    479    364    391    563    290    392    388    396    454    273    245    280    527    246    444    785    698    506    359    680    263    132    437    512    253    335    470    469    403    356    318    439    418    543    338    365    307    200    378    623    515    603    116    931    321    365    200    399    813    255    239    291     76    867    598    651    921    371    321    454    656    312    181    160    200    350    382   1093    378    309    221    344    185    647    447    427    833
1      0      000091 003489 2.500e-01     70      6     10     16     32     62      3     81     55     44     32     70     57     45    109     62     25      5     67     49     14     63      5     57     20      5     16     30     16     33     25     50     29     41     48     23     34     84     21     32     28     38     11      9     45     25     33     25     44     74     14     15     17     35     29     68     81     43     39     22     24     47     19      1     10     10     35      2     38     13      9     23     14     31     15     23     21     53     23     65     33     45     44     52     55     45     26     23     47     23     98      9     26      3      5     24     53     76     41     44
13     1      000085 003429 2.500e-01     60     22     47      6     29     20     33     44     37     27      9     29      2     16     25     32     11     49     58     34     30     37     28     76     60     22      7     23     48     27     34     13     12     24     69     32     24     31      9     83      6     18     15     49     14     12     24     17     12     92     11     10      8     19     29     19    104     52      0     69     77     13     23     18     70     34     78      4     43     22     13     40     25     12     68     31     27     54     53     68     58     35     50     32     77      1     37     34     19     35     96     19     20     51     25     64     34     13     33     64
58636  1      000006 000189 2.500e-01      0      0      0      1      2      0      7      1      2      2     13      0      0      2      4      3      1      0      1      3      0      1      0      2      2      2      0      0      6      3      5      2      2      2      0      2      4      4      0      0      2      2      1      0      1      3      1      0      3      7      7      2      1      1      1      1      1      6      5      0      1      0      0      4      0      1      2      2      0      0      1      2      0      1      0      2      4      0      2      5      1      1      0      0      1      0      2      0      3      1      5      7      2      0      1      2      3      4      5      0
58462  0      000002 000035 2.500e-01      0      0      0      0      0      0      1      2      1      0      0      0      1      0      0      0      0      0      0      0      0      0      1      0      0      0      0      0      1      0      0      0      0      0      0      0      0      1      0      0      2      0      0      0      0      0      0      0      0      0      2      1      0      0      0      3      2      0      1      0      1      1      0      0      1      0      0      2      0      1      0      0      0      0      0      0      0      0      1      0      0      0      0      1      2      0      0      2      0      0      0      0      0      1      0      2      0      1      0      0
58711  58462  000002 000165 2.500e-01      1      3      0      0      3      2      3      3      0      0      3      1      0      2      0      0      2      0      1      1      0      1      0      2      3      1      2      1      1      1      1      0      3      2      4      0      4      2      0      2      1      3      0      2      2      1      3      1      0      0      1      4      1      1      5      5      0      1      1      0      4      1      5      2      0      1      7      2      0      1      2      0      3      1      2      0      2      5      0      1      2      2      4      0      5      1      1      2      2      1      4      3      2      1      0      1      5      1      1      1
58724  0      000005 000062 2.500e-01      1      1      1      0      0      1      0      2      0      0      3      1      0      0      1      1      2      0      0      0      1      2      0      3      0      1      0      0      1      0      0      3      2      0      0      0      0      1      1      0      0      1      0      0      0      0      0      0      1      0      0      1      0      1      0      0      1      0      0      1      1      1      2      0      0      0      1      0      2      0      2      0      0      1      0      2      0      0      2      1      1      0      0      0      1      0      1      0      0      2      1      1      0      0      1      0      1      1      1      1
58727  58724  000005 000184 2.500e-01      5      0      0      1      0      1      1      5      0      4      1      0      5      1      0      1      2      0      1      0      0      1      1      4      1      1      1      0      0      4      1      2      1      3      1      0      1      3      9      3      0      0      3      1      1      2      4      4      5      2      1      4      0      0      7      1      0      2      4      2      0      3      3      1      0      1      2      0      2      2      0      3      5      0      2      1      9      0      0      3      2      4      2      0      1      0      1      6      3      1      1      0      2      2      2      3      1      6      1      1
58735  0      000002 000029 2.500e-01      0      0      0      1      1      0      0      0      0      0      0      0      0      2      2      0      1      1      0      0      0      0      0      0      0      0      0      1      0      1      0      0      0      0      0      1      0      3      0      0      1      0      0      1      0      0      0      0      0      0      0      0      0      1      0      1      0      0      0      0      0      1      0      1      0      1      1      0      0      0      0      0      0      0      0      1      0      0      1      0      0      0      0      0      0      0      1      0      0      2      0      0      1      0      1      0      0      0      0      0
58736  58735  000001 000178 2.500e-01      2      0      1      0      1      0      0      6      2      2      3      4      5      1      2      0      7      2      0      0      0      2      6      1      0      1      1      0      1      2      1      0      0      2      3      2      4      0      1      4      0      6      4      0      0      1      3      1      0      4      0      6      4      1      2      1      1      3      1      3      1      1      1      0      4      1      2      3      0      2      3      3      1      0      1      1      1      3      1      2      1      0      6      3      1      1      2      1      1      1      4      1      0      1      2      0      6      1      4      1
58737  58735  000001 000000 2.500e-01      0      0      0      0      0      0      0      0      0      0      0      0      0      0      0      0      0      0      0      0      0      0      0      0      0      0      0      0      0      0      0      0      0      0      0      0      0      0      0      0      0      0      0      0      0      0      0      0      0      0      0      0      0      0      0      0      0      0      0      0      0      0      0      0      0      0      0      0      0      0      0      0      0      0      0      0      0      0      0      0      0      0      0      0      0      0      0      0      0      0      0      0      0      0      0      0      0      0      0      0
