SCORE -2.42118267705033e+05
ITER 6000
ETA        1.50000000000000e+00 1.50000000000000e+00 1.50000000000000e+00
GAMMA      5.00000000000000e-01 5.00000000000000e-01
GEM_MEAN 5.00000000000000e-01
GEM_SCALE 5.00000000000000e-01
SCALING_SHAPE 5.00000000000000e-01
SCALING_SCALE 5.00000000000000e-01
ID     PARENT NDOCS  NWORDS  SCALE     WD_CNT
0      -1     000100 041781 2.500e-01    308    297    142    225    287    319     99    968    406    528    568    483    374    802    547    501    557    123    318    443    414    586    207    495    364    380    549    270    384    389    392    447    246    245    277    496    244    465    730    683    512    372    675    253    140    423    529    238    357    503    440    394    344    319    440    444    547    369    361    310    193    376    599    500    587    104    910    297    347    186    398    773    247    226    277     91    857    582    629    897    366    322    436    650    331    174    168    192    360    364   1083    388    290    203    337    183    667    446    417    800
1      0      000064 005041 2.500e-01     91     23     16      5     42     62     23     95     62     27     24     83     52     36     99     73     22     42     83     88     36     86     36     77     48     15      3     39     44     47     35     60     42     51     78     53     45     88     58     70      7     38     14     39     40     23     21     37     20    128     21     34     13     31     45     54    140     49     25     50     75     52     14      6     54     40     93      3     48     22      2     83     21     35     57     21     43     78     56    109     86     59     91     64     86     36     43     55     38     62    171      1     45     29     10     71     53     76     64    101
13     1      000038 000982 2.500e-01      6      3     25      3     12      3     16     15     15     18      1      8      6     14      2     13      4     20     12      2      1     12      1     17     11     14     14      9      9      2     13      1      0      4     23      4      3      0      8     45      1      0      8      9      2      2     11      4      3      2      9      0      3      8      3      2     26      8      7     26     11      1     28     16     26     11     16      6     26     13     11     12     14      4     20     13     20      5     11     19      0     11      8      8     22      5      5      0      2      3     18     15      3     16      7     11     10      4      5     23
9532   1      000022 000498 2.500e-01      0     12      0      6      4     12      7      6      4      1      1      2      4      1      8      5      6      6      5      1      3      1      0     18      6      1      6      5     12      3     10      6     14      5      3      8      2      4      4      3      6      6      0      0      2      8      1      4      0      7     19      2      6      5     10      0      5      0     10      2      7      2     10      1      2      0     12      3     11      5      4      0      2      3      1      2      3     14      4     17      2      1      8      4      5      5      4      5      5      2      8      0      7     14      8      2      3      5      2      7
10098  1      000003 000058 2.500e-01      3      1      0      1      0      0      1      0      0      1      3      0      0      0      0      2      1      1      4      0      1      2      2      2      0      1      3      0      0      0      1      0      0      0      0      2      1      0      2      0      0      0      0      0      0      2      0      0      0      0      2      2      0      0      0      0      0      1      0      0      0      0      2      0      1      0      0      0      0      0      1      0      0      2      2      0      0      1      0      0      0      0      0      1      2      0      0      0      0      0      1      0      0      0      1      0      0      0      1      1
10101  1      000001 000001 2.500e-01      0      0      0      0      0      0      0      0      0      0      0      0      0      0      0      0      0      0      0      0      0      0      0      0      0      0      0      0      0      0      0      0      0      0      0      0      0      0      0      0      0      0      0      0      0      0      0      0      0      0      0      0      0      0      0      0      0      0      0      0      0      0      0      0      0      0      0      0      0      0      0      0      0      0      0      0      0      1      0      0      0      0      0      0      0      0      0      0      0      0      0      0      0      0      0      0      0      0      0      0
8604   0      000013 000292 2.500e-01      1      0      3      0      0      2      3      4      0      1      2      2      3      0      0      3      0      1      2      1      0      7      3      2      2      1      5      5      3      3      2      1      0      2      4      5      2      0      8      5      4      4      1      0      0      4      6      5      2      1      1      2      2      1      2      4      0      1      1      1      7      5      3      4      0      1      6      1      0      2      0      3      1      6      8      3      3     16     18      7      7      2      4      5      1      0      4      7      1      3      0      4      4      2      2      3      4      3     11      1
9951   8604   000012 000201 2.500e-01      0      3      1      0      7      2      3      0      3      3      0      1      2      0      1      0      4      2      0      0      0      0      1      1      4      1      0      4      2      6      2      1      1      2      8      2      0      2      1      6      4      1      1      1      3      2      1      2      2      2      0      2      1      0      0      3      2      4      2      4      0      0      1      1      3      2      5      7      5      3      8      3      2      1      6      1      1      0      3      0      0      2      2      3      1      1      2      1      0      2      4      0      2      8      2      1      1      0      1      3
10102  8604   000001 000148 2.500e-01      2      2      0      2      0      0      2      3      4      2      2      0      1      0      0      1      1      0      2      2      1      0      0      2      2      1      0      5      1      0      1      0      3      2      0      1      4      2      0      2      2      0      4      1      3      1      2      0      1      0      3      2      1      2      0      0      5      1      3      0      0      1      0      1      4      1      8      0      0      0      2      3      1      1      2      3      0      1      2      4      0      0      1      1      1      1      1      1      3      1      1      1      3      0      1      1      6      2      2      3
9952   0      000018 000222 2.500e-01      1      5      0      5      1      0      0      0      4      4      1      1      4      2      3      1      0      0      2      2      0      1      0      2      0      1      0      0      3      1      2      3      6      4      4      6      4      4      6      1      0      1      3      9      3      2      4      1      2      0      4      1      4      1      3      3      2      0      1      3     10      0      2      7      2      2      1      2      5      5      0      0      1      1      0      1      3      3      4      9      1      1      2      1      2      1      0      1      5      7      0      0      1      1      9      0      0      0      0      1
10019  9952   000005 000140 2.500e-01      0      1      0      4      1      1      0      4      5      1      0      1      2      0      1      2      0      3      0      1      1      1      0      0      6      0      2      1      0      3      2      2      2      1      1      1      6      2      0      3      0      1      3      0      0      2      1      2      0      0      1      2      4      0      5      0      3      6      3      1      0      2      0      2      0      0      0      2      4      0      0      2      5      0      0      1      0      0      2      0      4      0      2      2      0      0      2      0      3      0      1      2      1      0      0      1      2      1      4      0
10082  9952   000013 000229 2.500e-01      1      5      2      2      0      1      7      7      5      2      0      0      2      6      1      4      1      1      2      0      3      2      0      1      1      4      5      4      1      1      1      1      1      0      3      5      1      0      4      2      5      1      3      6      1      5      1      3      7      1      1      1      5      4      0      1      1      1      0      3      3      2      3      3      2      3      3      6      1      2      2      3      2      1      2      1      0      5      4      0      1      0      1      1      1      5      0      3      2      1      4      1      4      2      1      3      0      7      4      1
10080  0      000003 000030 2.500e-01      0      1      0      0      0      0      0      0      0      0      0      0      0      0      0      1      0      0      0      0      0      1      0      0      2      0      0      0      2      1      0      0      1      0      0      0      0      0      1      0      0      0      1      0      0      0      0      0      0      0      0      2      0      0      0      2      0      1      0      1      1      0      2      0      0      0      1      2      0      0      0      0      1      0      0      0      0      1      0      0      0      0      1      0      1      1      0      0      0      0      0      0      0      1      0      1      0      0      0      0
10097  10080  000003 000207 2.500e-01      2      1      1      3      1      4      4      6      0      2      1      0      2      4      1      0      0      0      2      2      0      0      0      2      2      4      2      2      4      3      2      2      2      2      3      4      4      1      3      2      2      2      1      7      1      6      0      4      0      3      0      2      1      2      0      2      0      1      2      1      2      2      6      0      5      0      4      3      2      3      1      1      4      1      1      0      1      3      1      3      2      2      2      3      1      0      1      3      4      2      9      4      1      2      2      2      1      4      1      1
10085  0      000002 000000 2.500e-01      0      0      0      0      0      0      0      0      0      0      0      0      0      0      0      0      0      0      0      0      0      0      0      0      0      0      0      0      0      0      0      0      0      0      0      0      0      0      0      0      0      0      0      0      0      0      0      0      0      0      0      0      0      0      0      0      0      0      0      0      0      0      0      0      0      0      0      0      0      0      0      0      0      0      0      0      0      0      0      0      0      0      0      0      0      0      0      0      0      0      0      0      0      0      0      0      0      0      0      0
10086  10085  000002 000170 2.500e-01      0      1      3      2      0      0      0      2      2      3      1      2      2      1      0      2      2      4      0      5      2      2      1      5      2      1      1      1      1      0      0      0      4      1      1      0      1      5      1      0      3      1      0      0      0      1      3      1      6      2      4      0      3      4      4      2      2      3      1      2      0      3      6      1      2      1      0      4      1      0      0      1      2      4      3      0      0      3      0      1      0      8      2      1      1      0      1      0      2      1      2      2      1      2      1      2      3      2      1      3
