SCORE -2.42757395677205e+05
ITER 18000
ETA        1.50000000000000e+00 1.50000000000000e+00 1.50000000000000e+00
GAMMA      5.00000000000000e-01 5.00000000000000e-01
GEM_MEAN 5.00000000000000e-01
GEM_SCALE 5.00000000000000e-01
SCALING_SHAPE 5.00000000000000e-01
SCALING_SCALE 5.00000000000000e-01
ID     PARENT NDOCS  NWORDS  SCALE     WD_CNT
0      -1     000100 042428 2.500e-01    299    323    130    227    289    324    116    999    424    523    574    476    390    807    541    513    536    135    317    444    414    593    209    507    375    386    553    294    398    382    380    459    259    260    247    495    261    453    778    690    516    371    679    272    137    436    524    255    359    496    444    410    352    325    442    449    560    387    358    312    203    384    612    507    586    102    910    307    338    190    412    783    242    237    308     80    860    614    669    913    364    329    467    677    319    180    157    201    348    371   1118    380    311    209    339    187    652    450    452    796
1      0      000090 004434 2.500e-01     71     18     17     15     43     65     23     75     65     26      3     94     53     25    103     80     32     50     68     63     35     59     22     89     28     13      4     30     30     66     40     41     34     22     98     48     13     91     29     30     19     41      7     19     46     33     36     25     21    126     20      8     13     17     32     45    136     30     39     44     53     32     48     11     34     25     84      2     64     12      2     46     33     27     29     34     53     62     32    110     56     51     58     43     93     35     51     34     52     27    124      4     28     18     15     79     72     79     40    114
13     1      000036 001563 2.500e-01     31      1     41      0     11      3     18     18      8     20     13      4      2     16      7      7      6     11     31     18      0     32      8      7     35     19     10      7     14      2     22      9     10     28     20      5     23     13     10     75      0      2     11     31      2      3      7     11      6     14     20     10      6     19     16      9     23     25      2     35     34      4     10      7     48     19     47      7     37     21      8     22     11      5     37     15      6     22     23     26     24     11     20      7     30      3      5     10      5     21     35     20     11     23     16      7      5      6      9     19
31263  1      000008 000352 2.500e-01      4      2      0      5      3      3      0      3      1      8      2      4      1      5      1      1      4      0      3      6      0      0      1      0      2      3      1      7      4      2     10      1      1      2     14     13      5      6      6      1      1      1      5      0      3      2      3      0      0      4      8     12      5      1      1      4      6      0      5      1      2      6      0      3      5      5      4      4      7      7      4     11      5      1      0      1      1      0      6      2      2      0      5      4      0      2      7      9      4      9      2      5      1      9      1      2     11      3      3      2
31502  1      000012 000186 2.500e-01      0      1      0      3      1      2      0      0      2      4      1      0      2      1      2      1      7      0      0      3      1      1      2      4      4      0      3      3      5      1      0      0      4      0      5      7      0      0      0      4      0      0      2      0      0      0      2      0      1      2      2      0      1      5      4      0      1      1      2      0      3      1      2      1      5      1      4      4      1      3      3      4      0      0      2      0      1      6      0      2      2      4      2      1      1      3      6      0      0      3      6      0      0      7      1      0      3      3      3      1
31615  1      000012 000389 2.500e-01      0      4      3      1      3      5      5     12      5      9      6      5      4      6      1      1      5      1      1      6      4     10      4      3      5      2      3      1      5      0      1      5      7      6      2      5      8      7      1      9      6      6      8      2      2      2      0      7      7      1      3      2      5      3      9      4      3      2      1      4      9      4      1      0      1      1      2      1      1      2      0      7      4      0      1      3      3      3      1      2      5      4      5      2      5      4      0     10      4     10     13      0      7      8      2      0      1      5      3      7
31649  1      000022 000356 2.500e-01      9      4      2      3      0      2      0      3      3      0      5      0      0      5      3      0      6      1      5      6      0      3      2     11      0      0      6      3      7      4      5      1      4      1      6     12      5      0      2      9      2      6      2      0      2      2      6      1      4      3      5      1      4      3      8      2      1      0      0      3      3     10      1      6      6      7      5      8      0      4      0      8      5      6      2      2      3      3      0      8      7      5      1      8      4      1      4      3     10      4      3      8      0      3      0      5      4      4      2      0
31625  0      000007 000105 2.500e-01      0      2      0      1      2      0      0      0      0      1      0      0      0      1      1      2      2      3      1      0      2      2      3      2      0      0      4      0      2      0      4      1      2      0      5      0      0      0      0      3      1      0      0      0      2      2      0      2      0      1      1      2      0      1      0      3      0      0      1      4      0      1      0      2      1      2      2      2      2      0      0      2      2      3      0      2      0      3      1      1      1      0      0      1      0      1      1      0      1      1      1      1      0      2      1      0      0      0      1      1
31639  31625  000007 000133 2.500e-01      0      0      0      3      3      0      0      0      1      2      0      0      1      0      3      1      0      1      5      1      4      1      0      0      1      1      6      0      1      1      1      3      0      0      8      1      2      3      0      0      1      0      0      1      1      0      1      0      1      0      2      1      0      3      0      0      1      0      6      1      2      2      2      3      1      3      0      0      0      2      0      1      0      4      0      0      2      0      2      0      8      4      2      0      3      0      0      1      1      2      0      0      4      0      5      0      2      0      0      4
31657  0      000002 000039 2.500e-01      1      0      0      0      0      2      2      0      1      0      0      0      0      0      0      1      0      1      0      0      1      0      0      1      0      0      0      0      0      1      0      3      1      0      0      0      0      0      0      0      0      0      0      0      0      1      1      0      0      2      0      0      1      0      0      1      2      0      2      0      0      1      0      2      1      0      0      1      0      0      0      0      0      2      0      0      2      0      0      2      0      0      0      1      0      0      0      0      0      0      0      0      0      0      0      1      0      0      0      1
31658  31657  000002 000010 2.500e-01      0      0      0      0      0      0      0      0      0      0      0      0      1      0      1      1      0      0      1      0      1      0      0      0      0      0      0      0      0      0      0      1      0      0      0      0      0      0      0      0      0      0      0      0      0      0      0      0      0      0      0      0      0      0      0      0      0      0      0      0      0      1      0      0      0      0      0      0      0      0      0      0      1      0      0      0      0      0      0      0      0      0      0      0      0      0      0      0      0      0      0      0      0      1      1      0      0      0      0      0
31655  0      000001 000001 2.500e-01      0      0      0      0      0      0      0      0      0      0      0      0      0      0      0      0      0      0      0      0      0      0      0      0      0      0      0      0      0      0      0      0      0      0      0      0      0      0      0      0      0      0      0      0      0      0      0      0      1      0      0      0      0      0      0      0      0      0      0      0      0      0      0      0      0      0      0      0      0      0      0      0      0      0      0      0      0      0      0      0      0      0      0      0      0      0      0      0      0      0      0      0      0      0      0      0      0      0      0      0
31656  31655  000001 000004 2.500e-01      0      0      0      0      0      0      1      0      0      0      0      0      0      0      0      0      0      0      0      0      0      0      0      0      0      0      0      0      0      0      0      0      0      0      0      1      0      0      0      1      0      0      0      0      0      0      0      0      0      0      0      0      0      0      0      0      0      0      0      0      0      0      0      0      0      0      1      0      0      0      0      0      0      0      0      0      0      0      0      0      0      0      0      0      0      0      0      0      0      0      0      0      0      0      0      0      0      0      0      0
