SCORE -2.45396793694734e+05
ITER 7000
ETA        1.50000000000000e+00 1.50000000000000e+00 1.50000000000000e+00
GAMMA      5.00000000000000e-01 5.00000000000000e-01
GEM_MEAN 5.00000000000000e-01
GEM_SCALE 5.00000000000000e-01
SCALING_SHAPE 5.00000000000000e-01
SCALING_SCALE 5.00000000000000e-01
ID     PARENT NDOCS  NWORDS  SCALE     WD_CNT
0      -1     000100 041247 2.500e-01    308    260    119    217    280    297    106    984    411    518    564    465    384    812    531    477    520    140    283    429    390    548    184    477    371    377    554    270    375    372    394    427    262    231    263    518    250    471    766    655    489    360    683    261    148    436    543    242    347    489    459    394    349    301    415    444    487    368    357    295    175    355    609    494    593    101    896    303    325    207    407    764    254    238    275     79    816    596    629    902    351    307    462    631    317    166    163    187    360    346   1078    376    292    187    350    185    653    453    448    790
1      0      000100 005672 2.500e-01     93     26     20     18     51     77     21    104     71     43     12     92     44     25    107    117     28     51    104     86     39    124     36    116     46     12      4     39     64     56     41     65     43     62    107     44     33     80     33     97     16     35      4     32     42     21     11     39     29    135     24     21     19     47     48     47    174     61     34     66     99     56     23      9     46     45    140      8     68     21      1     84     22     30     64     41     72     94     66    122     86     64     61     65     98     40     38     60     35     69    181      6     50     55     17     79     63     77     36    145
13     1      000021 000789 2.500e-01      8      4     32      4      4      3     11      5      5      5      0      2      3      5      4      0      3      7     12     13      5      3      6     12     11     13      7     13      6      4      9      3      3      8      8      4      6      4     14     36      0      1      1     15      3      4      6      1      1      9      4      8      0      6      5      4     26      7      5     21     14      6     27      9     33     12      1      5     29      2      3      2      7      4     27      8      5      6     10     11      7      9     16      1     26      0      7      0      4      9      8     17      3      8      7      2      2      2      4      4
10188  1      000025 000636 2.500e-01      1     31     11      2      5     15      6      1      3      8      2      2     10      4      3      1     20      0      9      5     14     10      3      3      9      0      1      2      3      7      1     11      6     11      0      3     16      5      0      4     15     11     10     11      1      4      3      0      0      7      2     12      4      2     28      6      6      2     15      5      6      1      8     12      5      1     13     11     12      1      2     19     14      2      2      1     14      4      2     10      2      4      8      9      4      5      6      4      3      9     11      3      1     15      0      1     12      3      3      1
10510  1      000009 000494 2.500e-01      3      2      7      4      1      1      8      4      3      9     14      6      3      7      7      2      5      0      2      4      4      9      1      1      9     12     14      4      3      3     12      2      4      1      4     10      5      9      1     11      4      9      2      3      0      5      6     13      8      1      4      2      2      7      7      4     17      0      2      8      8      5      5      8      2      1      1      0      6      6      2     10      1      5      4      1      6      1      4      9      3     10      7      3      2      1      6      5      7      6     13      2      2      1      3      5      3      3     12      0
11449  1      000016 000579 2.500e-01      0     19      2     10     12      5      7      6     11      1     10      8      1      9      3      5     18      2     15      7      5      1      7      2      3      4      3      9     10      7      1      7      1      5     14      4      0      2      7     11     12      0      0      1      0      4      8      6      0      7      9      0      8      6      1      6     20      2      0      7      3     14      2      7      2      0      2      9      7      0     10      1      1      3      3      2     10      4     14      9      5      4      2     16      5      9      2      9     16      3      7     10     10     13      1      2      8      2      0      1
11606  1      000018 000356 2.500e-01      2     11      0      2      2      0      1      4      3      5      1      5      9      4      7      3      4      2      1      0      4      2     13      6      1      4      1      5      5      8      1      6      0      0      6      3      4      0      3      7      3      8      9      2      1      2      3      0      1      1      0      6      5      8      7      4      2      0      1      1      2      7      2      2      3      5      5      0      3      4      4      4      3      2      2      4      5      3      7      3      5      9      4     14      2      3      5      1      0      0      2      0      3      0      2      6      7      7      3      4
11625  1      000009 000226 2.500e-01      0      2      2      1      0      8      5      2      3      4      1      3      0      0      1      3      0      1      6      3      1      4      1      7      0      2      6      3      0      2      4      3      3      1      3      1      3      2      2      1      7      3      5      0      0      5      0      0     14      0      3      3      0      0      1      2      1      5      2      1      2      2      0      1      4      0      1      0      0      0      0      0      1      1      2      1      3      5      2      0     10      1      0      5      0      5      4      2      0      6      2      4      1      1      1      1      2      3      7      0
11639  1      000002 000001 2.500e-01      0      0      0      0      0      0      0      0      0      0      0      0      0      0      0      0      0      0      0      0      0      0      0      0      0      0      0      0      0      0      0      0      0      0      0      0      0      0      0      0      0      0      0      0      0      0      0      0      0      0      0      0      0      0      0      0      0      0      0      0      0      0      0      0      0      0      0      0      0      0      0      0      0      0      0      0      0      0      0      0      0      0      0      0      1      0      0      0      0      0      0      0      0      0      0      0      0      0      0      0
