SCORE -2.43402706312668e+05
ITER 30000
ETA        1.50000000000000e+00 1.50000000000000e+00 1.50000000000000e+00
GAMMA      5.00000000000000e-01 5.00000000000000e-01
GEM_MEAN 5.00000000000000e-01
GEM_SCALE 5.00000000000000e-01
SCALING_SHAPE 5.00000000000000e-01
SCALING_SCALE 5.00000000000000e-01
ID     PARENT NDOCS  NWORDS  SCALE     WD_CNT
0      -1     000100 043123 2.500e-01    307    307    131    227    299    338    123   1017    437    497    575    503    395    832    574    525    543    136    314    449    426    592    194    517    383    383    558    286    386    405    402    436    256    242    295    544    266    501    766    701    517    382    697    272    138    448    517    250    365    518    471    405    362    321    428    468    554    372    366    306    201    394    626    504    582    110    957    310    345    204    398    802    271    238    280     84    876    642    658    937    386    317    465    691    319    174    179    199    372    379   1134    376    311    227    357    207    672    452    442    820
1      0      000057 002598 2.500e-01     59     18     13      6     25     45     21     45     26     15      4     46     35     12     66     38     16     13     54     72      5     55     21     62     12      0     10     20      4     39      6     35     20     35     46     23     32     30     10     25     18     15      3      6     39     11     19     24     21     70      5      5      4     17     13      7     63     12     16     21     17     27     24      3     20     12     56      5     27      8      5     31      4     23     15     24      3     32     30     39     51     36     29     29     56     31     21     47     25     30     60      6     27      9      3     37     50     53     43     42
13     1      000055 002562 2.500e-01     32      3     42     11     18     15      6     37     29     35      6      8     20      9     15     29      9     38     41     12     19     38      9     32     44     25      6     18     47      0     39     29     19     24     43      6      2     28     32     72      0     20      3     41      7      9     18     11      4     38     14     25      3     27     36     35     87     42     18     57     70      5     19     10     57     37     26      3     51     21      6     28     17     13     71     19     33     20     23     73     17     36     48      5     69      1     23      4     16     13     90      9      2     36     12     30     10     22     12     63
51467  1      000001 000000 2.500e-01      0      0      0      0      0      0      0      0      0      0      0      0      0      0      0      0      0      0      0      0      0      0      0      0      0      0      0      0      0      0      0      0      0      0      0      0      0      0      0      0      0      0      0      0      0      0      0      0      0      0      0      0      0      0      0      0      0      0      0      0      0      0      0      0      0      0      0      0      0      0      0      0      0      0      0      0      0      0      0      0      0      0      0      0      0      0      0      0      0      0      0      0      0      0      0      0      0      0      0      0
51468  1      000001 000000 2.500e-01      0      0      0      0      0      0      0      0      0      0      0      0      0      0      0      0      0      0      0      0      0      0      0      0      0      0      0      0      0      0      0      0      0      0      0      0      0      0      0      0      0      0      0      0      0      0      0      0      0      0      0      0      0      0      0      0      0      0      0      0      0      0      0      0      0      0      0      0      0      0      0      0      0      0      0      0      0      0      0      0      0      0      0      0      0      0      0      0      0      0      0      0      0      0      0      0      0      0      0      0
51416  0      000003 000029 2.500e-01      0      0      0      0      0      0      0      0      0      1      0      0      0      0      0      0      0      2      0      1      0      0      0      0      0      0      0      0      0      0      1      0      0      0      2      1      1      1      0      0      0      0      1      1      1      0      0      1      2      0      0      0      0      0      0      0      2      1      0      0      0      0      0      0      1      0      0      0      1      0      0      2      0      0      0      1      0      0      0      0      0      0      1      0      0      0      0      0      2      0      0      0      0      0      0      0      0      0      2      0
51424  51416  000003 000173 2.500e-01      0      2      1      6      0      2      2      1      3      6      3      1      1      0      1      0      1      2      1      0      1      5      0      1      0      3      0      2      3      2      2      6      0      2      3      1      2      1      3      0      0      1      0      0      0      2      2      0      0      7      0      0      0      0      4      0      0      0      3      0      4      2      0      4      0      1      1      0      5      1      5      4      5      0      2      0      4      0      6      1      1      1      1      2      3      1      0      7      0      4      3      2      1      1      2      1      0      3      4      2
51320  0      000009 000103 2.500e-01      0      3      0      1      1      3      2      4      0      0      0      0      1      1      0      2      1      0      1      0      1      1      5      0      1      0      2      0      0      2      2      0      2      0      1      0      2      0      0      3      0      0      0      0      0      1      2      1      0      3      1      0      0      2      5      1      1      1      1      0      0      4      0      0      1      0      0      0      4      0      0      0      0      3      0      0      0      2      0      1      4      1      4      1      1      1      0      0      0      3      1      2      3      1      2      0      0      0      1      2
51442  51320  000007 000069 2.500e-01      1      0      0      1      0      1      0      0      0      0      1      1      0      0      2      0      1      0      0      0      0      0      1      0      1      0      0      0      0      1      1      2      5      0      3      1      4      3      1      0      1      4      0      1      2      0      0      0      2      0      0      0      0      1      0      1      1      1      0      2      4      0      0      0      1      0      0      2      1      0      3      0      0      3      0      0      1      0      0      0      0      1      0      0      0      1      0      1      0      0      0      0      0      1      0      0      0      2      1      0
51465  51320  000001 000000 2.500e-01      0      0      0      0      0      0      0      0      0      0      0      0      0      0      0      0      0      0      0      0      0      0      0      0      0      0      0      0      0      0      0      0      0      0      0      0      0      0      0      0      0      0      0      0      0      0      0      0      0      0      0      0      0      0      0      0      0      0      0      0      0      0      0      0      0      0      0      0      0      0      0      0      0      0      0      0      0      0      0      0      0      0      0      0      0      0      0      0      0      0      0      0      0      0      0      0      0      0      0      0
51469  51320  000001 000111 2.500e-01      1      0      0      1      1      0      0      0      0      0      2      1      0      1      1      4      5      0      1      1      1      0      2      0      1      0      0      0      1      1      1      0      6      2      0      2      1      1      1      1      3      0      1      0      1      1      0      0      0      0      0      1      3      1      4      0      3      1      0      1      2      0      2      2      4      2      2      2      2      1      1      3      0      0      1      0      0      2      1      1      1      0      0      1      2      2      0      1      0      2      4      1      0      0      1      0      3      3      1      1
51178  0      000031 000334 2.500e-01      5      9      2      0      4      0      0      2     13     19      3      8      0      0      4      1      1     10      4      6      2      1      7      9      1      4     10      1      5      4      3      3      7      3      4      2      2      0      5     11      0      1      1      1      1      2      4      7      1      2      3      1      0      1      2      1      5      6      4      0      3      8      3      1      9      1      2      5      0      0      3      2      1      1      2      4      2      4      7      3      4      2      1      0      0      9      2      1      2      5      2      4      7      0      2      0      3      5      0      6
51183  51178  000016 000428 2.500e-01      6      8      3      4      7      2      9      3      1     12      6      8      2      3      0      8     16      1      6      4      3      6      9      2      1      2      1      4      8      2      4      5      0      4      3      5      1      2      8      7      4      2      1      0      0      3      5      6      5      2      5      7     10      2      0      3      6      8      2     17      3      2      0      4      4      1      2      6      8      2      7      8      3      2      5      4      7      0      4      2      2     11      5     12      0      3      3      2      3      2      1     13      4      3      1      3      5      4      1      2
51452  51178  000012 000353 2.500e-01      2      5      0      1      0      0      2      0      1      7      3      1      0      7      0      1      4      0      7      1      4      2      2      1      4      5      2     13     11      3      1      2      6      7      3      0      4      3      0      2      3      0      7      2      5      4      7      0      0      6      6      1      3      5     16      0     11      1      6      0      1      2      1      6      8      0     13      2      5      2      1      2      0      1      3      1      3     10      4      9      1      3      4      2      3      5      2      5      5      6      6      4      7      2      1      2      6      6      2      7
51466  51178  000003 000117 2.500e-01      2      0      1      0      0      0      0      1      0      1      1      6      0      1      0      0      1      1      3      1      0      1      1      0      2      2      1      1      1      0      1      6      1      0      2      2      0      3      0      0      0      2      0      1      1      0      6      1      0      3      0      1      2      0      4      1      0      0      0      0      4      2      1      8      1      1      0      1      1      2      0      2      2      1      0      0      2      1      1      0      2      0      2      1      2      1      1      1      0      4      1      1      0      0      0      1      1      0      4      0
