SCORE -2.44974935492119e+05
ITER 1000
ETA        1.50000000000000e+00 1.50000000000000e+00 1.50000000000000e+00
GAMMA      5.00000000000000e-01 5.00000000000000e-01
GEM_MEAN 5.00000000000000e-01
GEM_SCALE 5.00000000000000e-01
SCALING_SHAPE 5.00000000000000e-01
SCALING_SCALE 5.00000000000000e-01
ID     PARENT NDOCS  NWORDS  SCALE     WD_CNT
0      -1     000100 040378 2.500e-01    268    303    124    228    265    304    117    924    416    498    537    466    356    789    526    501    522    121    313    413    371    539    180    481    365    355    542    272    379    369    384    445    240    225    273    508    224    430    719    685    473    345    652    263    124    412    506    231    346    465    431    380    335    312    426    429    531    339    353    289    194    350    569    491    568    114    904    296    338    186    397    747    246    224    272     83    803    590    623    888    358    303    440    643    295    155    160    186    331    341   1061    374    296    210    331    159    631    415    411    776
1      0      000076 003559 2.500e-01     43     28     12      2     24     63     12    113     46     39     16     49     71     29     82     13     44      1     56     63     46     95     23     75      8     20     11     27     16     45      9     45     36     21     57     40     31     36     47     41     36     37     21      8     47     17     36     21     36     81     32     13     28     21     30     55     49     33     34     33      5     29     22      9      8      3     65      9     28     19      6     55     12     14      6     15     43     68     41     54     28     49     31     36     35     40     19     60     45     42    131      4     45     13      9     19     58     86     51     44
1304   1      000004 000271 2.500e-01      1      0      0      2      3      1      2      7      3      1      7      2      0      1      3      2      3      0      0      2      7      2      3      8      6      1      3      2      2      7      5      2      3      5      2      7      1      0      2      6      0      1      3      1      0      9      0      6      2      1      0      1      7      0      1      4      8      2      0      2      6      4      3      0      4      0      1      1      0      0      1      0      4      0      6      1      6      4      1      1      3      5      0      2      1      5      0      2      3      5      1      5      2      5      5     12      1      4      3      2
13     1      000071 004344 2.500e-01     76     12     48     18     39     29     29     47     32     30     25     57     14     36     41     83     18     71     55     56     27     48     32     56     61     29     22     26     52     21     55     23     27     54     69     20     40     84     37     81      0     29     25     42      6     35     21     28      7     91     20     38      8     31     43     22    127     50     18     63     95     41     56     23     88     41     71     13     67     21     18     64     34     36     79     28     59     31     47    107     72     47     68     54    103     14     41      2     23     43     95     24     10     43     23     73     40     23     35    108
1451   1      000001 000000 2.500e-01      0      0      0      0      0      0      0      0      0      0      0      0      0      0      0      0      0      0      0      0      0      0      0      0      0      0      0      0      0      0      0      0      0      0      0      0      0      0      0      0      0      0      0      0      0      0      0      0      0      0      0      0      0      0      0      0      0      0      0      0      0      0      0      0      0      0      0      0      0      0      0      0      0      0      0      0      0      0      0      0      0      0      0      0      0      0      0      0      0      0      0      0      0      0      0      0      0      0      0      0
1419   0      000004 000150 2.500e-01      3      0      0      0      6      0      2      0      0      1      1      0      0      4      0      1      0      1      2      1      1      1      3      1      2      1      2      0      0      0      2      0      1      0      1      1      2      2      4      0      2      3      5      1      4      0      1      1      2      4      3      0      0      1      0      0      2      6      0      1      0      2      1      0      1      0      3      0      5      3      0      6      1      1      2      1      4      1      2      0      3      0      6      1      1      4      2      0      1      0      0      1      2      0      2      8      0      2      1      1
1433   1419   000004 000166 2.500e-01      4      0      1      3      1      0      1      1      0      6      4      0      1      1      0      0      3      3      3      0      1      5      3      0      0      4      3      2      2      0      2      3      0      1      0      3      1      2      2      0      2      1      0      0      4      1      4      2      3      1      0      2      0      0      1      1      6      5      0      2      2      3      0      0      7      1      5      3      0      1      3      1      0      2      2      0      1      0      1      5      1      1      0      0      4      1      0      3      1      2      0      3      1      2      1      2      3      0      1      2
1373   0      000014 000313 2.500e-01      6      4      6      4      4      1      0     10      1      0      1      1      4      0      0      2      4      1      0      6      1      1      4      1      0      5      2      8      2      8      1      2      3      5      2      0     11     10      1      0     19      1      2      1      0      6      1      5      2      0      8      7      0      1      3      2      4      6      1      3      2     12      5      9      4      1      3      0      0      4      0      1      0      0      3      1      3      6      6      1      0      0      4      3      2      1      3      4      7      8      4      5      1      1      1      0      7      4      1      2
1435   1373   000009 000190 2.500e-01      5      3      1      1      4      1      0      1      3      3      3      0      1      1      5      5      2      1      0      0      0      2      1      0      0      5      0      2      8      1      1      2      1      5      0      1      3      1      2      0      4      5      0      0      1      0      0      0      0      1      0      1      5      1      5      1      1      0      1      4      1      1      2      3      0      4      1      5      4      2      1      1      2      2      2      2      2      1      1      2      0      0      4      0      3      3      1      4      2      1      0      0      3      3      4      0      1     10      5      2
1450   1373   000005 000142 2.500e-01      6      2      0      0      0      1      0      1      1      3      3      1      0      1      2      0      0      2      0      4      1      3      0      0      0      0      1      1      3      2      0      0      8      2      0      1      0      0      4      3      7      3      0      1      1      0      7      1      0      1      2      2      1      3      0      1      0      4      1      1      2      0      5      1      0      0      0      4      2      2      2      2      0      1      2      0      1      3      7      1      0      1      1      0      1      0      0      2      4      0      1      0      1      0      1      0      1      1      0      1
1445   0      000006 000199 2.500e-01      1      2      0      0      2      4      2      3      2      3      5      2      3      2      3      0      0      1      2      0      2      1      1      1      4      1      0      3      0      1      0      1      0      0      1      4      2      4      6      4      0      0      2      4      3      0      0      5      2      2      4      1      0      5      3      1      1      0      3      1      0      0      4      2      3      0      4      1      0      2      1      5      1      1      0      4      3      4      2      3      1      1      2      3      9      0      1      4      4      0      7      2      1      2      0      0      3      0      5      4
1446   1445   000001 000133 2.500e-01      2      0      1      0      2      0      0      2      1      1      1      4      0      1      0      1      2      0      0      1      3      3      0      1      2      3      3      2      2      0      1      1      2      1      0      2      0      4      0      2      1      2      4      1      4      0      4      0      0      0      0      1      1      1      0      0      1      0      3      3      0      4      1      2      4      0      1      4      5      0      0      0      1      2      0      1      2      0      2      2      1      1      2      0      0      2      3      1      1      4      0      0      0      0      0      2      3      4      0      1
1448   1445   000005 000155 2.500e-01      0      1      0      0      5      2      0      1      5      8      1      1      4      1      1      0      0      1      1      1      2      1      1      0      2      0      1      0      0      5      3      0      1      0      0      0      2      0      2      0      2      0      0      3      1      1      0      1      0      2      5      0      2      1      0      1      3      0      2      2      2      0      8      2      1      1      1      0      1      1      0      2      2      2      5      1      4      5      1      2      2      0      2      2      1      4      1      0      3      2      2      0      0      1      4      6      2      1      0      2
