SCORE -2.45918769410870e+05
ITER 47000
ETA        1.50000000000000e+00 1.50000000000000e+00 1.50000000000000e+00
GAMMA      5.00000000000000e-01 5.00000000000000e-01
GEM_MEAN 5.00000000000000e-01
GEM_SCALE 5.00000000000000e-01
SCALING_SHAPE 5.00000000000000e-01
SCALING_SCALE 5.00000000000000e-01
ID     PARENT NDOCS  NWORDS  SCALE     WD_CNT
0      -1     000100 041999 2.500e-01    293    291    134    213    275    305    121    994    414    517    565    495    396    814    550    525    497    116    301    424    393    583    181    519    373    374    539    298    400    381    389    428    266    252    279    536    254    489    730    702    488    366    661    281    135    427    524    246    319    486    446    388    342    315    449    433    547    373    382    285    218    359    617    508    584    107    978    305    327    194    374    791    239    246    287     75    855    608    621    931    373    326    442    664    353    160    164    203    345    353   1119    373    290    226    332    188    668    463    427    807
1      0      000039 002283 2.500e-01     21     13      3     10     18     50      6     73     25      8      4     35     29      6     68     30     24      1     29     53     16     45     22     36      5     13      9     16      4     40     19     25     10     24     46     28     21     35     13     25     14     18      4      6     33      4      7     24     25     82     14     19     12     13     19     33     42     28     22     14     18     31     29      0     15      6     16      2     10     15      1     44      6     14      9     18     13     36     28     37     33     22     10     34     34     30     19     35     18     25     45      3     22      3     17     23     51     41     39     40
13     1      000039 002834 2.500e-01     71      4     48      8     33     20     25     13     38     32      9     38      6     14     16     27     16     53     57     26     21     44     20     55     41      9     14     17     37      6     21     29     37     24     53      5     17     31     32     62      5     15      4     27     12     22     25      8     12     39      5     10      1     19     12     11     95     27      3     63     61     13     13      4     46     38     48      1     72     16      8     16     29     14     57     19     31     41     21     62     47     46     66     14     58      7     31     14     24     35     90     10      9     32     10     50     11     35     19     72
82433  0      000015 000297 2.500e-01      6      0      0      2      6      1      0      0      7      2      1      3      1      4      3      1     12      1      5      1      3      0      1      0      0      3      6      2      7      2      8      5      1      2      0      0      2      1      1      3      3      4     14      1      1      2      2      2      2      4      3      0      3      3      4      0      3      4      0     15      1      8      2      7      0      0      4      2      6      2      6      2      0      2      1      4      1      3     11      5      4      0      5      7      0      2      6      2      5      2      2     10      2      3      0      1      0      3      2      1
82480  82433  000007 000163 2.500e-01      2     10      0      0      0      0      3      0      0      3      0      0      2      2      2      7      3      4      4      5      2      1      0      0      1      0      2      2      0      6      0      0      1      5      1      0      1      2      0      2      1      1      1      1      3      0      1      0      5      4      1      1      3      2      1      0      1      3      2      2      0      1      1      3      2      3      0      1      1      0      4      1      0      3      0      3      0      1      3      4      2      2      5      1      1      0      0      1      0      0      1      0      1      1      2      1      3      0      1      4
82504  82433  000008 000117 2.500e-01      1      0      0      0      2      1      4      1      0      3      2      2      0      0      1      0      0      1      0      1      2      1      2      1      2      0      1      1      1      1      0      2      1      0      0      2      2      2      4      0      1      1      5      2      0      0      1      0      0      5      0      2      2      0      0      3      1      0      1      3      0      2      1      0      1      1      2      0      0      1      0      3      2      1      3      3      2      3      5      1      0      0      0      1      0      2      0      0      0      2      1      0      1      1      0      0      3      0      4      0
81630  0      000046 000663 2.500e-01      4     20      7      4     10      9      1      6      9     13      5      1      3      9     10     10     17     17     19      1      1     15      6      6      6      7      7      2      6      3      7      2      1      4     10      5      1      0     24     14      8      0     10      0      3      4      5      7     14     10      6      5      7      5      7      2      4      2      0     11      2      2      3      6     15      0      2      9     18      3     15     14      7      0      7      0      9      0     19      9      0      3     22     13      0      6      1      0      4      3     17      5     10     11      7      2      3      0      2      2
82447  81630  000015 000298 2.500e-01      3      2      0      3      3     10      1      2      4      5      1      0      7      4      1      1     10      2      3      6      0      4     10      0      3      3      0      3      1      0      4      4      0      2      0      0      1      0      6      8      6      4      6      1      0      1      4      1      3      4      3      4      1      1      0      1     11      1      0      1      1      2      0      4      4      0      4      1      1      4     14      1      1      1      6      6      1      0      9      6      2      0      1      3      1      5      3      3      5      7      0      3      6      0      8      3      0      2      4      6
82295  81630  000009 000548 2.500e-01      4      4      0     11      3      1      1     16      0      2      8      4      4      6      7      7     11      1     11      6     14      1      5      1      2      3      3      4      6      4      1     14      4      2      4      2      7      3      9      2     14     11      6      2      4     10      7      3      7      2      5      7      6     12      1      7     19      2      2      2      1     19      0      6      9      5      3      9     11      1      2      0      4      3      3      8     10     17      8      1      2      2      1      7      3     11      2      5     12      5      4      1     16      1      2      0      6      3      5     13
82408  81630  000012 000492 2.500e-01      9      7      1      5      5      4      1      2      8      6      8      1      2      6      5      0      1      6      1     21      9      1      4      5     16      9      7      0      4     13      7      6      0      3      5      9      4      7      4      4      2      6      3      4      2      6      0      5      6      7      4      3      7      4     14     19      7      3      1      7      4      5      6      3      7      2      1      1      1      2      1      8     11      1      3      1      6      3      8      3      4      3      2      0      0      4      5      1     10     13     20      4      0      0      1      9      3      2      8      0
82487  81630  000008 000275 2.500e-01      1      2      0      2      0      4      2      3      4      1      1      4      3      1      0      0      7      1      2      3      1      6      0      0      1      0      2      0      0      3      7      9      1      1      6      0      7      2      2      0      4      1      0      0      2      5      4      5      6      6     16      7      2      3      4      6      3      1      3      1      2      3      4      1      5      3      1      5      3      3      4      4      4      0      3      0      2      1      1      7      1      3      6      0      4      2      0      4      2      3      3      9      5      1      2      3      2      0      1      0
82503  81630  000002 000031 2.500e-01      0      2      0      0      0      1      0      0      1      1      0      0      1      0      0      0      0      0      0      0      0      0      0      1      0      3      0      0      0      0      0      0      0      0      1      0      0      1      1      0      0      0      0      0      0      0      0      0      1      0      2      0      1      0      1      2      0      1      0      0      1      1      0      0      0      0      0      0      0      0      0      0      0      0      0      0      1      0      0      0      1      1      0      0      1      0      0      0      0      0      0      0      0      1      0      1      0      1      1      0
