SCORE -2.43607809071009e+05
ITER 43000
ETA        1.50000000000000e+00 1.50000000000000e+00 1.50000000000000e+00
GAMMA      5.00000000000000e-01 5.00000000000000e-01
GEM_MEAN 5.00000000000000e-01
GEM_SCALE 5.00000000000000e-01
SCALING_SHAPE 5.00000000000000e-01
SCALING_SCALE 5.00000000000000e-01
ID     PARENT NDOCS  NWORDS  SCALE     WD_CNT
0      -1     000100 042853 2.500e-01    325    313    137    222    293    320    124   1002    411    517    575    489    399    823    564    531    563    132    323    452    429    570    204    510    388    380    547    286    416    394    394    447    275    236    306    527    258    462    769    712    515    389    696    279    135    432    531    257    342    520    458    410    353    332    429    431    556    370    343    313    220    373    608    506    604    105    948    311    361    199    408    786    267    232    278     80    882    610    682    925    390    322    438    680    321    175    166    213    373    354   1123    383    302    211    340    171    671    458    432    829
1      0      000073 002624 2.500e-01     19     21      0     19     28     63      8     44     55     26      8     50     29      5     85     34     16     14     43     37     12     66     20     38     17      4      3      7      2     42      0     21     27     43     32     17     25     36     12     25     17     16      3      8     43     22      1     10     35     65      6      4      3     13     38     36     67     12     36     31      6     32     29      7     14      3     38      1     17     16      2     39     19     26      8     31     11     58     18     42     25     22     38     32     45     32     19     34     39     21     94      4     18      3      4     37     54     68     50     49
13     1      000047 002774 2.500e-01     58      3     46      1     24     15     21     41     21     15      2     35     15     17      0     38     11     43     54     37     16     44     17     63     33     11      7     33     33     11     46     30      7     17     57     26     18     50     17     64      3     12      3     31      8      6     25     20      6     53     18     20     20     26     27     13     94     47      9     42     68     20     15      6     47     39     51      0     60     12      9     30      6     12     72     18     19     21     25     63     43     42     52     15     65     14     29      7      4     39     49     21     19     48     15     52     14     12     12     49
75572  1      000014 000254 2.500e-01      5      5      2      0      0      2      3      6      2      9      1      0      1      0      2      1      1      2      2      5      1      2      0      1      0      6      1      2      3      0      5      5      0      4      1      2      0      6      2      4      3      5      2      1      1      1      5      0      6      1      2      2      3      0      2      3      1      4      8      3      0      3      0      6      4      3     12      1      0      3      1      2      0      2      3      2      2      2      0     11      3      6      6      2      5      1      4      0      1      4      2      1      3      3      2      1      1      0      2      3
75711  1      000012 000519 2.500e-01      5      2      3      5      1      2      5      5     13      9      5      3      6      7      1      1      1      4      1      8      1      5      0      3     10     11      9      9      6      7      6      7      2      8      0     12      1      6      1      8      3      1      7      1      1      5      5      4      4      1     12      1      2      1      6     18      5      4     13      9      4      5     13      4      4      5      5     10      1      3      1      9      5      0      2      0      4      1      1     13      2      7      9      5      6      0      6      3      5     11     17      6      2      3      4      8      2     11     14      6
75490  0      000027 000291 2.500e-01      0      4      3      5      5      2      1      6      3      4      2      3      1      9      3      0      1      7      6      2      1      1      3      3      0      3      5      0      3      2      4      3      4      2      7      0      3      2      2      4      3      3      0      0      4      1      8      2      0      1      5      1      5      3      3      2      8      1      4      0      2      3      0      3      4      1      4      6      3      1      2      0      1     11      1      1      1      4      4      2      3      4      4      0      6      2      0      1      1      5     13      0     11      2      2      5      1      0      1      3
75508  75490  000020 000408 2.500e-01      2      4      2      3      4      1      2      3      2     12     10      2      1      3      6      0      4      1      3      3      1      4      6      5      1      8     12      1      0      1      4      4      3      1      0      3      6      8     15      4      0      1      2      2      3      6      5      5      7      3      1      8      0      2      4      7      0      5      0      4      3      9      6      6     11      2      0      3      3      4      4      6      3      0      9      4     10      8      2      4      3      3     11      8      4      4      5      5      0     11      3      2      5      3     12      4      4      0      2      2
75762  75490  000002 000016 2.500e-01      0      0      0      0      0      0      0      0      0      0      0      1      0      1      1      2      0      0      0      0      0      0      1      0      0      0      0      1      0      0      1      0      0      0      0      0      0      0      1      0      1      0      0      0      0      0      0      0      0      1      0      0      0      0      0      0      0      0      0      0      0      1      0      0      0      0      0      0      0      0      0      0      0      0      0      0      0      0      0      0      0      0      1      1      0      0      0      0      1      1      0      0      0      0      0      0      0      0      0      0
75756  75490  000005 000261 2.500e-01      1      3      0      3      0      1      1      3      3      1      1      0      2      1      1      1      1      0      0      3      1      9      0      1      1      1      6      6      3      2      3      7      4      8      2      0      6      3      7      1      1      0      1      3      0      8      0      3      0      4      3      0      1      0      3      7      2      2      3      2      6      0      5      4      0      7      1      4      5      3      2     12      2      2      6      1      2      9      2      6      0      2      1      1      3      1      2      5      1      2      1      1      2      7      2      3      3      1      0      4
