SCORE -2.46463912591147e+05
ITER 23000
ETA        1.50000000000000e+00 1.50000000000000e+00 1.50000000000000e+00
GAMMA      5.00000000000000e-01 5.00000000000000e-01
GEM_MEAN 5.00000000000000e-01
GEM_SCALE 5.00000000000000e-01
SCALING_SHAPE 5.00000000000000e-01
SCALING_SCALE 5.00000000000000e-01
ID     PARENT NDOCS  NWORDS  SCALE     WD_CNT
0      -1     000100 041207 2.500e-01    274    305    130    215    283    303    114    957    413    507    547    457    379    794    557    496    518    126    315    450    369    574    185    489    347    362    535    273    391    403    379    436    267    240    268    520    238    457    728    688    484    351    677    258    135    425    527    242    341    482    457    389    327    309    423    427    541    369    356    283    192    379    607    456    601     92    934    294    348    205    354    771    225    239    280     81    833    621    619    896    364    315    456    648    299    168    145    185    359    350   1113    357    300    212    329    173    645    448    422    800
1      0      000065 004462 2.500e-01     99     18     19      7     38     63     14    105     46     41     14     85     45     50     75     60     25     35     73     70     36     75     35     96     39      9      0     20     38     41      9     52     36     42     85     32     34     84     47     83     19     39      2     19     45     28     20     36     25    129     21     15     12     28     41     56    124     45     19     46     50     41     36      2     19     30     52      4     46     12     13     60     20     23     37     23     58     63     33    106     59     56     58     47     76     39     37     43     47     48    133     30     37     25     11     68     57     71     52     96
13     1      000051 001470 2.500e-01      5      2     33      5     17     11     13     13     23     11      5      2      5      1      5     21      4     27     23      9     20     20      5     10     27     26     21     15      9      0     27      3      4     15     27      8     18      0     14     25      1      1      9     34      1      5     18      1      3      3      5      9      7     14     15      0     34     16      9     41     40      9     14     21     48     18     42      9     36     11      9     12     12      6     43     20      9      5     37     24     14      8     30     11     54      0     14      9      1     19     28      5      4     25     12     17      8      0      7     24
39668  1      000012 000298 2.500e-01      1      1      0      2      5      2      5      1      4      4      0      2      2      0      1      5      4      1      4      0      1      2      1      4     18      3      4      5      0      1     10      2      2      3      0      7      0      3      4      3      1      8      0      1      1      1      1      6      3     15      4      1      1      3      4     12      1      2      3      0      2      2      2      2      0      6      5      3      2      1      0      8      9      0      1      0      6      3      4      5      4      5      0      1      1      2      5      3      1      4      3      0      2      1      0      5      0      2     13      0
39673  1      000002 000113 2.500e-01      0      3      2      1      1      1      2      1      0      2      0      0      1      0      0      2      3      2      1      0      0      5      1      2      1      1      0      2      1      3      3      2      2      1      0      1      1      3      1      0      3      1      1      4      1      0      0      1      0      0      1      3      2      1      2      1      1      0      1      0      1      0      0      1      0      0      0      0      4      1      1      0      2      1      0      0      1      0      1      0      2      1      0      3      1      4      0      4      1      1      1      0      0      1      0      1      2      3      0      0
39660  0      000008 000238 2.500e-01      0      1      0      4      3      5      0      1      1      2      1      2      1      4      4      1      6      0      1      4      0      5      0      0      3      3      2      0     10      0      4      4      1      4      2      4      2      2      2      0      0      5      2      2      2      4      3      8      0      0      2      2      1      5      5      0      1      0      3      8      3      0      5      1      4      3      0      1      0      2      5      1      9      0      1      2      4      1      4      7      4      2      1      5      2      1      3      2      2      0      5      3      1      2      5      1      0      3      0      1
39661  39660  000003 000188 2.500e-01      2      1      1      3      2      2      1      4      1      0      0      0      3      1      4      1      0      0      1      1      0      3      3      1      3      3      1      4      0      0      3      5      1      0      1      0      1      0      7      0      5      5      2      3      2      2      0      2      2      1      0      8      0      0      0      0      4      1      2      0      1      2      2      0      0      1      6      4      1      1      3      0      2      1      4      1      0      1     12      7      0      3      3      4      2      0      0      1      1      5      1      3      3      0      4      1      1      2      1      1
39674  39660  000005 000172 2.500e-01      2      3      1      0      1      0      1      2      1      2      0      5      2      1      2      1      4      1      0      1      0      3      7      1      0      6      3      1      0      1      0      0      0      3      0      1      3      0      2      5      1      5      9      0      0      3      1      0      1      2      0      5      3      1      0      3      2      0      5      2      0      2      2      1      1      3      1      0      4      0      5      2      1      3      1      0      0      2      3      1      2      1      5      3      4      2      2      0      1      1      1      1      0      0      2      0      3      2      1      0
38521  0      000020 000561 2.500e-01      2      3      1      5      1      4      5     12      5      6      8      8      4      3      8     14     11      4      4      2     22      8      5      3      5      1     14      5      3      3     14      2      2      1     11      3      4      8      2      1     11      4      0      0      4      2      0      1     11      7      7      3      9      5     13      8      3      1      1     10      5      2      3     14      5      1      8      9      5      5     15      9     15      7      5      5      4      4      3      5     10      4      0     10      4      6      5      1      2      8      3      0      3      1      8      1     14     13      7      5
39587  38521  000017 000575 2.500e-01     26     15      5      2      1     10      6      7      5      7     20     10      8      6      2      0     21      1      4      5      9      0      1     10      4      5      4     13      7      3      0      9      6      2      6      0      4     13      9     10      3      2      8      0      0      6      3      0      9      3      1      0     15      8      1      6     11      5      6      6      4      4      0     27      2      2      0      4      0      0     16      0      1      1      2      2     10      1      7      0      5      3      2     11      9      1     15      7      8      5      3      5      7      7      1      4     17      3      4      6
39678  38521  000003 000078 2.500e-01      0      0      1      1      2      0      0      2      2      0      0      4      0      2      1      0      0      4      0      0      1      0      1      2      0      0      1      0      0      0      0      0      0      0      1      1      0      0      1      0      2      0      0      0      1      0      2      0      0      0      1      4      0      0      3      0      3      2      0      3      1      0      0      2      2      1      0      0      0      0      3      4      2      1      1      1      0      0      0      0      1      0      1      0      2      0      0      0      0      0      0      2      2      1      0      1      0      0      0      2
39648  0      000004 000114 2.500e-01      0      1      0      4      0      0      0      1      0      3      2      2      0      0      0      2      0      0      0      2      1      0      6      3      0      0      0      3      1      0      4      1      0      0      1      0      2      1      0      2      7      0      0      1      1      0      0      0      2      1      4      4      0      0      1      1      1      3      0      2      2      1      2      1      2      2      3      1      0      1      1      2      1      1      1      0      2      1      1      1      0      5      3      0      1      0      0      1      0      0      0      2      0      1      1      1      0      0      0      3
39649  39648  000004 000113 2.500e-01      0      0      0      1      0      2      2      3      1      2      6      1      2      4      0      2      1      0      1      0      0      2      0      1      0      3      0      0      2      0      2      1      0      2      0      1      3      0      1      3      2      4      1      0      0      0      1      0      1      0      0      1      4      1      0      0      0      0      2      0      1      0      2      2      1      0      1      3      4      0      0      2      1      0      2      0      1      1      2      0      1      2      0      0      0      1      3      1      1      1      0      1      1      0      0      4      2      3      3      0
39681  0      000003 000309 2.500e-01      3      1      0      7      0      1      0      1      5      5      0      4      2      0      3      3      1      0      2      1      1      3      1      1      3      0      1      4      4      4      5      7      1      3      2      8      7      2      8      2      2      2      1      3      0      4      2      2      2      6      2      1      5      0      4      1      5      0      9      1      5      4      0     11      3      6      5      4      0      2      4     13      3      1      1      2      0      9      6     14      0      2      1      1      0      2      1      7      0      6     11      6      2      0      8      4      1      0      0      6
39682  39681  000001 000002 2.500e-01      0      0      0      0      0      1      0      0      0      0      0      0      0      0      1      0      0      0      0      0      0      0      0      0      0      0      0      0      0      0      0      0      0      0      0      0      0      0      0      0      0      0      0      0      0      0      0      0      0      0      0      0      0      0      0      0      0      0      0      0      0      0      0      0      0      0      0      0      0      0      0      0      0      0      0      0      0      0      0      0      0      0      0      0      0      0      0      0      0      0      0      0      0      0      0      0      0      0      0      0
39683  39681  000002 000100 2.500e-01      1      1      0      1      1      1      2      0      3      1      1      1      0      0      0      0      0      2      3      2      2      1      0      1      0      2      4      0      0      0      3      0      0      3      1      1      0      0      0      0      5      0      2      0      2      1      2      2      0      0      0      1      1      2      0      2      2      1      0      2      2      0      1      1      0      0      2      0      0      0      0      0      0      1      0      0      3      1      2      0      3      1      0      0      0      3      1      4      1      0      0      3      0      4      0      0      0      0      3      1
