SCORE -2.41705665401525e+05
ITER 20000
ETA        1.50000000000000e+00 1.50000000000000e+00 1.50000000000000e+00
GAMMA      5.00000000000000e-01 5.00000000000000e-01
GEM_MEAN 5.00000000000000e-01
GEM_SCALE 5.00000000000000e-01
SCALING_SHAPE 5.00000000000000e-01
SCALING_SCALE 5.00000000000000e-01
ID     PARENT NDOCS  NWORDS  SCALE     WD_CNT
0      -1     000100 041076 2.500e-01    296    315    116    221    284    324    112    950    418    525    550    460    374    783    533    492    537    136    310    447    412    565    198    479    364    369    545    276    385    389    374    437    254    235    263    507    242    443    736    658    507    353    672    255    131    417    524    240    346    450    438    388    357    313    420    454    532    347    362    274    185    377    570    495    571    102    902    310    335    188    405    753    252    234    256     79    829    600    639    881    357    316    422    651    314    180    163    193    344    348   1070    374    290    220    344    172    640    431    418    772
1      0      000100 006568 2.500e-01    102     23     41     22     55     60     39    123     76     56     37    111     56     59    117     89     42     37    108     85     34    126     41    120     32     14     24     53     47     59     49     69     51     46    121     64     57    120     58     86     28     58     23     48     56     46     37     56     43    170     32     35     15     48     74     56    156     64     51     85     83     46     45      7     55     40    106      9     80     40      6    101     31     43     68     41     84    105     73    146     78     78    103     75    117     43     50     63     54     60    210     20     44     30     23     86     91    100     85    159
13     1      000054 001375 2.500e-01      6      6     31      6      9      4     12      8     11     10      2      1     13     19      5     14      8     20      5      1      8      2      4      9     42     26     11      7     23      7     28      0      4     23     14      1     15      5     20     54      1     12      7     20      2      6      9      0      4     12     19     16      4     11      3      4     41     20      0     22     38      4     53     29     57     15     34     10     29      9     10      4     11      6     37     11     14      6     15     33     24      5     19      6     15      3      5      4     19     22     20     19     13     27      5     14      4      5      3     11
34397  1      000026 000593 2.500e-01     11     11      0      3      1     16      0     25      4      0     11      6      9      4      3      8      0      4      4     10      6      5      7     15      9     10      5      5      8      2      3      5     10     12      0     11      0      3     11     23      8      4      3      1      5      9      7      2      2      3     12      5      7      3     11      1      2     11      1     16      0     11      5      2      1      2     10      3      4      4      5     15      3      2     12      3      1      0      1      1      3      3      2      9      6      0     13      3      8     16      1      2      3      2      7      8     10     14      2      3
34489  1      000014 000268 2.500e-01      0      0      5      6      6      1      0      4      0      2      2      3      1      0      5      3      8      6      4      4      2      2      1      0      2      3      4      3      2      0      3      9      2      0      6      1      1      1      1      1      2      0      8      1      1      1      3      3      4      8      2      1      3      1      3      1      1      3      1      2      2      7      2      6      1      4      6      4      0      0      2      9      2      0      5      3      1      0      5      0      7      4     11      1      3      2      0      1      0      2      0      3     12      0      1      0      4      0      5      0
34398  1      000006 000120 2.500e-01      0      0      0      0      0      1      2      0      1      0      2      2      1      1      0      2      3      0      1      0      0      1      0      1      1      2      1      1      1      2      6      4      1      3      1      3      2      1      0      0      0      0      1      0      0      2      0      0      1      6      2      1      1      1      1      1      1      0      1      5      1      1      1      3      3      2      1      0      2      0      1      2      4      0      1      0      2      2      1      5      0      2      3      2      0      1      0      4      0      0      1      0      0      1      1      1      1      0      0      0
