SCORE -2.44383341763458e+05
ITER 39000
ETA        1.50000000000000e+00 1.50000000000000e+00 1.50000000000000e+00
GAMMA      5.00000000000000e-01 5.00000000000000e-01
GEM_MEAN 5.00000000000000e-01
GEM_SCALE 5.00000000000000e-01
SCALING_SHAPE 5.00000000000000e-01
SCALING_SCALE 5.00000000000000e-01
ID     PARENT NDOCS  NWORDS  SCALE     WD_CNT
0      -1     000100 042045 2.500e-01    303    324    133    219    277    324    118    993    425    525    579    477    404    787    543    516    536    136    316    445    396    567    199    498    364    387    554    279    390    379    389    438    269    248    285    531    256    478    725    692    506    382    675    262    126    419    532    234    359    480    459    389    351    308    439    456    542    376    373    303    205    383    603    510    598     98    922    317    344    198    402    783    238    235    281     84    838    615    653    901    359    307    461    681    310    175    163    197    364    354   1092    361    314    217    325    189    649    420    437    787
1      0      000068 004022 2.500e-01     52     22     21     14     51     59      5     90     72     33      9     67     32     31     94     65     29     25     74     78     17     93     24     79     17      8      2     28     14     43     23     35     20     39     72     32     35     56     43     38     17     27     14     27     43     14     13     21     19     97     22     23      7     28     42     44     86     19     24     42     52     33     26      2     25     26     80      4     52     14      0     66     25     35     28     34     32     68     36     67     69     52     53     46     73     39     31     44     33     45    143      9     34     26     10     54     56     75     51    104
13     1      000052 001999 2.500e-01     39      2     33     11      2      7     33      4      2     19      4     13      5     26      1      6      9     32     23      5     28     18     13     33     50     16      9     13     40     11     31     25     23     19     29      6     10     22     13     76      4      8      9     21      5     29     11     27      7     42      4     18      3     23     10      9     77     31      3     38     35     10     31     11     43     24     23      4     39     17     15     14     19      5     48      1     40      5     33     65     18     22     31      4     59      4     18     10     12     23     40     23      0     21     19     25      8      9     13     18
67801  1      000008 000123 2.500e-01      1      1      0      0      2      3      0      1      0      0      2      0      0      0      6      0      2      1      3      0      0      0      3      0      1      0      2      7      0      1      3      3      0      0      4      0      0      3      3      1      3      0      0      1      0      3      2      1      0      2      0      5      2      2      2      0      0      1      1      0      0      1      1      0      0      0      6      0      3      2      2      5      0      0      3      0      1      1      1      0      0      2      0      0      0      2      1      1      2      2      0      0      2      0      0      0      0      4      2      1
67969  1      000007 000175 2.500e-01      1      0      1      3      5      1      5      1      2      3      0      2      0      0      1      2      3      1      2      0      5      6      2      2      5      1      3      5      1      0      1      4      2      0      0      0      7      4      1      0      2      1      0      3      2      0      1      0      0      4      1      1      5      5      1      0      5      0      0      0      0      6      0      0      4      0      5      0      0      1      1      3      0      1      1      2      2      2      1      2      0      2      0      2      0      1      2      0      1      1      3      0      0      1      5      2      1      8      0      2
67978  1      000001 000064 2.500e-01      0      0      1      0      1      0      0      0      0      0      0      0      0      1      1      0      1      1      0      0      2      0      4      0      3      0      0      0      1      2      0      0      1      0      0      1      0      2      0      0      1      0      0      2      0      0      2      0      0      0      0      0      1      0      3      0      2      1      0      1      0      1      2      0      0      0      0      0      0      0      3      0      0      2      0      1      1      3      0      0      0      1      0      0      2      0      1      1      1      2      1      0      0      1      2      1      2      0      1      0
67827  0      000018 000511 2.500e-01     10      0      2      4      2      5      0      7      2      3      2      4      5      3      6      6      6      2      3     10      1     11      1      2      3      1      8      2     10      5      1     11      5      8      1      3      6      2     30      2      5      0      5      2      6      2      5     11      1     10      3      0      0      0      8      5     11      0      8     12      7      4      3      6      2      9     12      1      2      4      3      7     10      1      7      4      2     12      1     15      6      7      0      0      2      0      3      6      2     10      3      4      1      5     12      6      9     18      1     15
67940  67827  000005 000018 2.500e-01      0      0      0      0      1      0      1      0      0      1      0      0      1      0      0      1      1      0      0      0      0      0      0      0      0      0      2      0      0      0      0      0      0      0      0      0      0      0      1      0      0      0      1      0      0      0      1      0      0      1      0      0      0      1      0      0      0      0      0      0      0      0      0      0      0      1      0      0      0      0      0      0      0      0      1      0      0      0      1      0      0      1      1      0      0      0      0      0      0      0      0      0      0      0      0      0      0      0      0      0
67954  67827  000012 000203 2.500e-01      0      0      1      2      0      0      0      1      1      4      2      5      2      2      4      2      2      1      2      0      3      1      0      4      1      2      2      0      3      2      7      2      0      0      0      0      0      0      5      1      0      0      2      0      4      5      2      2      3      3      0      0      5      3      0      1      5      1      0      2      2      3      3      3      2      0      0      5      2      1      0      1      4      2      6      1      2      0      7      1      2      6      1      2      2      3      3      0      0      0      6      7      7      1      7      1      3      2      0      3
67977  67827  000001 000051 2.500e-01      0      0      0      0      0      3      0      0      3      0      0      1      0      2      0      2      0      0      1      0      0      0      0      0      0      1      1      0      1      2      2      0      0      0      0      0      0      0      0      0      0      0      0      0      3      1      0      0      0      0      1      0      0      0      1      0      1      1      2      0      0      0      0      2      0      1      0      3      0      0      1      0      1      0      0      1      0      0      0      0      1      0      2      0      0      1      0      0      1      0      0      1      0      1      0      1      2      2      0      1
67898  0      000012 000294 2.500e-01      4      1      0      0      7      0      0      0      1      0      3      6      1     10      5      4      6      1      2      3      4      1      2      3      3      5      3      1      1      4      2      3      0      0      7     10      1      4      0      2      1      8      1      4      4      3      4      1      8      6      3      6      3      6      4      2      1      4      3      4      3      1      0      3      3      3      1      0      4      1      0      2      0      0      0      7      5      3      1      3      8      2      4      6      0      1      0      6      7      1      5      3      0      4      1      0     12      1      4      3
67899  67898  000003 000119 2.500e-01      1      0      0      0      3      3      2      3      0      3      1      4      1      2      0      0      1      0      2      3      1      0      1      0      0      1      3      6      0      1      1      0      0      2      6      3      1      1      1      2      0      0      3      3      1      1      1      1      0      2      3      2      1      0      0      0      2      0      0      0      0      2      0      0      1      1      1      0      2      1      0      0      3      0      0      1      1      0      0      3      2      0      1      1      0      0      4      1      0      1      2      2      0      0      0      0      3      4      0      3
67933  67898  000009 000182 2.500e-01      3      4      0      0      3      0      1      5      0      1      1      0      3      0      1      4      1      2      4      1      4      2      1      1      1      0      0      1      5      5      0      0      1      0      0      1      0      1      3      3      2      0      2      0      0      1      4      1      0      2      3      0      6      1      2      0      1      6      1      1      5      0      0      2      6      0      8      0      2      2      2      3      1      1      3      0      5      1      0      6      4      2      1      2      4      3      4      1      0      1      5      2      0      0      0      1      3      2      1      3
67957  0      000002 000041 2.500e-01      0      0      0      1      0      0      0      0      2      1      1      0      0      0      1      0      1      0      0      1      0      0      0      1      0      1      1      0      0      1      0      0      0      0      0      0      0      0      0      1      0      0      1      0      0      1      1      0      1      0      2      0      0      0      0      0      0      1      1      0      0      0      0      0      0      1      0      0      0      0      0      0      1      0      0      1      0      2      0      2      0      0      0      0      0      0      0      0      1      1      1      5      2      1      0      1      0      0      1      0
67961  67957  000002 000153 2.500e-01      1      1      1      4      1      1      0      5      0      0      0      4      0      2      0      0      0      1      0      1      1      2      1      1      2      1      0      3      0      3      3      3      1      3      1      0      1      0      1      4      5      1      1      0      1      2      1      2      2      0      4      2      3      0      0      0      0      4      0      1      0      2      7      3      4      1      1      2      0      0      0      0      1      3      1      0      2      1      0      1      0      4      5      0      3      0      1      1      1      7      1      1      2      2      0      0      2      5      2      5
