SCORE -2.46596531750450e+05
ITER 41000
ETA        1.50000000000000e+00 1.50000000000000e+00 1.50000000000000e+00
GAMMA      5.00000000000000e-01 5.00000000000000e-01
GEM_MEAN 5.00000000000000e-01
GEM_SCALE 5.00000000000000e-01
SCALING_SHAPE 5.00000000000000e-01
SCALING_SCALE 5.00000000000000e-01
ID     PARENT NDOCS  NWORDS  SCALE     WD_CNT
0      -1     000100 041929 2.500e-01    283    312    111    203    290    304    101   1006    438    517    555    493    389    811    547    538    538    130    301    422    419    588    199    527    381    356    545    273    399    388    377    451    279    236    259    515    251    466    768    677    492    382    682    264    130    439    543    235    362    492    438    390    356    299    435    464    556    374    359    299    204    387    588    488    598    116    914    280    350    181    366    804    244    232    271     92    858    586    633    919    370    324    433    645    310    169    170    186    342    368   1139    363    288    196    337    185    663    437    442    817
1      0      000039 002888 2.500e-01     63     16     15     18     28     47     19     57     31     28      6     43     49      4     69     24     32     38     48     70      4     61     24     35     24      0      1     12     14     46     10     39      9     36     68     19     26     58      5     40     15     16      5     15     44     19      3     22      5     93     17     15      8     16     23     19     68     36     12     27     35     30     12      4      0      8     45      3     31      9      4     29      1     21     17     19     33     54     19     52     33     41     44     39     69     38     13     36     25     11    101      9     19      6     21     46     53     58     40     46
13     1      000039 002172 2.500e-01     32      1     36      6     25     11     10     21     17      9      7     23      2     15      7     20      1     14     47     10     18     28     12     26     22     18     16     24     20      0     36     15     16     15     30      3     17     24     34     63      4     12      5     29      6      6     18      8      9     24     11     11      3     17     19     17     69     20     17     45     44      9     38     13     55     33     46      6     45     19      6     30     35     10     66     16     18     19     27     59     41     22     32     10     42      5     30     10     16     39     39     20     15     38      8     27      5     10      7     61
69661  0      000021 000095 2.500e-01      0      1      1      1      0      2      0      5      1      1      1      1      1      0      3      1      1      0      6      1      0      2      0      2      1      2      3      0      0      2      2      0      3      3      0      4      1      1      1      0      0      0      1      0      1      2      1      0      1      0      0      1      1      1      0      0      0      3      0      1      1      0      0      2      0      0      0      2      1      2      0      0      0      1      2      0      2      0      0      1      0      0      1      3      0      0      0      0      1      1      0      0      0      0      0      0      4      3      1      0
71346  69661  000021 000774 2.500e-01     24     12      4      3      3     14      4      5      7     18     11      1      1      8     11      2      6      3      6      8      6      3      4      3      7     10     13     19      3      8      9      1      3     10     11     15      5     14      2     16      9      2     11      2      4      3      4      3      4     16      4     10      6      3      2      6      4      1      8      4      7      6      2     16      5      0     18     18      5      9     15      2      4      7      1      2      3     10     22     10      6      6     20     27      7      2      9      6     21     12      2     15      6     16      4      4     16      7      1      6
70432  0      000015 000395 2.500e-01      2      3      2      0      0      2      6      2      0      5      6      1      2     11     19      0      2      3      5      8      1      9      0      9      1     14      6      3      6      3      4      2      4      3     15      3      0      4      5      2      4      1      2      1      1      2      3     10      0      1     13      4      5      7      3      1     17      0      2      9     11      2      8      0      0      1      0      2      5      1      1      2      4      5      3      3      3      2      3      4      3      2      3      4      0      1      4      5      9      2     10      3      6      2      6      2      0      5      2      7
71468  70432  000012 000385 2.500e-01      0      4      5     13      1      4      4      7      2      1      7      4      1      7      3     14      2      1      5      1      3      2      3      5      3      6      0      9      7      5      0     10      4      1      3      6      9      1      2      2      3      2      3      2      5      4      1      1      9     10      6      2      1     13      7      0     10      3      8      2      1      5      2      7      1      1      7      6      1      4      3      5      0      0      1      0      2      8      3      8      2      0      1      1      1      2      1      7      6      6      0      3     16      2      1      1      4      3      3      1
71730  70432  000001 000004 2.500e-01      0      0      0      0      0      0      0      0      0      0      0      1      0      1      0      0      1      0      0      0      0      0      0      0      0      0      0      0      0      1      0      0      0      0      0      0      0      0      0      0      0      0      0      0      0      0      0      0      0      0      0      0      0      0      0      0      0      0      0      0      0      0      0      0      0      0      0      0      0      0      0      0      0      0      0      0      0      0      0      0      0      0      0      0      0      0      0      0      0      0      0      0      0      0      0      0      0      0      0      0
71733  70432  000002 000058 2.500e-01      1      0      1      1      0      1      2      0      0      0      1      2      0      0      0      1      0      1      3      0      1      2      0      0      0      1      1      0      0      0      0      0      0      0      0      1      1      0      1      0      0      1      0      1      1      0      0      0      0      0      1      0      0      1      1      0      0      0      1      2      1      0      1      0      1      0      0      2      2      0      0      0      1      2      0      1      1      0      0      0      1      1      1      0      2      0      1      1      0      0      0      1      0      2      0      2      0      1      0      2
71268  0      000024 000262 2.500e-01      0      2      7      2      1      3     10      4      3      0      5      2      7      1      1      1      6      0      1      3      1      3      0      4      1      0      0      0      0      0     12      3      1      4      1      8      3      3      0     10      1      2      0      2      2      1      1      2      0      4      1      1      3      5     10      1      0      0      0      4      2      3      2      2      0      0     10      6      2      3      2      1      6      0      1      1      3      2      9      1      7      1      4      3      4      1      1      4      0      2      2      3      2      3      0      1      0     10      3      2
71269  71268  000002 000091 2.500e-01      1      0      0      0      1      1      0      0      1      0      0      0      2      0      1      0      2      1      0      1      1      2      2      1      1      0      1      0      1      2      0      0      0      3      1      0      0      0      0      0      0      1      0      0      0      2      2      7      0      0      2      0      0      0      0      0      0      0      0      0      1      1      2      0      1      0      2      5      1      2      0      0      2      1      4      1      0      0      0      4      1      1      0      0      2      3      0      4      0      0      0      0      1      2      1      3      0      6      0      0
71608  71268  000010 000459 2.500e-01      1      1      8     11      4      8      1      0      8      8      3      0      0      6      2      2      3      6      1     18      5      1      1      5      3     13      1      3     12      2     10      0      2      0      8      8      1      1      2      6      7      5      0      4      0      0      2      3      8      4      9      5      1     12      1      4      6      3      4      8      0      1     18      8     14      0      4      2      1      2     17      0      3      2      6      0      1     19     10      4      3      3     16      6     12      5      0      5      4      4      4      0      2      4      1      4      3      4      6      0
71719  71268  000003 000085 2.500e-01      2      0      0      0      0      0      4      0      0      1      1      4      0      0      0      1      2      0      1      0      0      0      0      1      3      0      0      1      2      0      0      0      1      1      2      0      1      0      1      2      2      1      0      1      0      1      1      2      0      0      0      1      0      0      5      4      2      2      1      0      1      1      1      1      5      0      1      1      0      4      0      0      1      0      1      0      0      2      0      1      1      0      0      0      1      0      1      1      0      0      2      0      2      1      0      0      0      1      0      1
71721  71268  000006 000250 2.500e-01      5      1      2      0      2      7      3      2      0      3      0      6      0      1      0      2      0      3      5      2      2      0      6      1      0      0      3      1      1      2      1      2      0      4      5      1      1      0      1      3      6      1      4      4      0      1      1      6      2      3      2      3      2      1      5      1      0      2      2      2      1      1      2      1      7      3     11      3      3      3     12      6      2      2      5      1      3      5      7      1      0      1      4      6      0      0      0      3      1      2      2      1      2      5      2      3      2      4      6      1
71731  71268  000003 000153 2.500e-01      1      2      1      0      0      2      1      1      2      2      1      2      0      1      0      2      2      3      3      3      1      0      0      5      3      4      0      0      1      0      2      1      0      3      2      4      1      1      4      1      3      1      1      0      1      1      0      2      0      2      1      3      1      2      1      0      1      1      2      1      0      0      0      0      1      3      1      0      3      2      3      5      0      2      1      1      4      6      1      2      1      6      1      0      5      3      1      0      0      1      1      0      3      3      0      3      0      1      2      1
71671  0      000001 000000 2.500e-01      0      0      0      0      0      0      0      0      0      0      0      0      0      0      0      0      0      0      0      0      0      0      0      0      0      0      0      0      0      0      0      0      0      0      0      0      0      0      0      0      0      0      0      0      0      0      0      0      0      0      0      0      0      0      0      0      0      0      0      0      0      0      0      0      0      0      0      0      0      0      0      0      0      0      0      0      0      0      0      0      0      0      0      0      0      0      0      0      0      0      0      0      0      0      0      0      0      0      0      0
71732  71671  000001 000000 2.500e-01      0      0      0      0      0      0      0      0      0      0      0      0      0      0      0      0      0      0      0      0      0      0      0      0      0      0      0      0      0      0      0      0      0      0      0      0      0      0      0      0      0      0      0      0      0      0      0      0      0      0      0      0      0      0      0      0      0      0      0      0      0      0      0      0      0      0      0      0      0      0      0      0      0      0      0      0      0      0      0      0      0      0      0      0      0      0      0      0      0      0      0      0      0      0      0      0      0      0      0      0
