SCORE -2.44197724934251e+05
ITER 45000
ETA        1.50000000000000e+00 1.50000000000000e+00 1.50000000000000e+00
GAMMA      5.00000000000000e-01 5.00000000000000e-01
GEM_MEAN 5.00000000000000e-01
GEM_SCALE 5.00000000000000e-01
SCALING_SHAPE 5.00000000000000e-01
SCALING_SCALE 5.00000000000000e-01
ID     PARENT NDOCS  NWORDS  SCALE     WD_CNT
0      -1     000100 041764 2.500e-01    298    288    123    215    286    298    115    989    421    521    562    473    365    776    533    521    542    139    308    437    380    582    205    499    361    373    529    285    411    371    403    446    253    243    278    515    261    452    766    688    476    367    694    256    136    423    509    243    347    467    461    401    334    318    446    443    545    373    358    283    197    371    600    517    631    104    943    297    329    196    392    769    253    230    295     66    827    613    672    915    355    313    469    648    314    167    156    195    355    370   1114    378    314    201    329    190    659    434    423    772
1      0      000075 004159 2.500e-01     68     25     21     17     48     39     28     71     59     34     12     67     29     18    106     40     29     27     72     77     28     65     25     85     36     17      8     34     14     51     26     47     24     30     65     22     31     79     27     55     23     26      2     19     42     27     24     36     32    119     22     19      5     25     29     35    104     44     34     55     52     42     19      1     14     19     79      5     61     13      7     58     24     27     36     33     58     70     34    109     63     50     50     46     75     28     39     46     43     30    131      2     23     12     17     57     62     86     60    100
13     1      000021 001477 2.500e-01     21      1     29      4     11     25      9     12     15     11      3     24     11     28      3     19      3     25     16      3      8     16      9     18     28     10      7     12     28      4     14      8     24     14     27      7      4     12     12     41      1      8      0     26      1      2     11      4      3     23      6      6      2     14      3     19     47     18      7     29     40      8     25      5     37     27     28      7     36      9      0     16     11      8     37     12     16      9     14     20     17     13     25      6     35      3     10      7      0     21     29     14     13     30      4     22      5      7      7     38
78561  1      000018 000662 2.500e-01      6      8      9      4      2     19      3     12      0     10      4      5     17     10      7      1      3      2      9     11     13     24      0      2      0      2      9      3      3     11      1      9     10     10      9     18      9     12      6     16      8      6      5      8      4      6      2      7      5     11      5     10     26      2     15      3     12      1      4      3      4      2      1      1      1      8      2      9      3     11      3     20      3      2      0      3      3      0      2      0     14      5      6     17      4      6      6      9     10     12      1      5      3      4      6      1      9      8      2      4
78819  1      000006 000133 2.500e-01      0      0      1      2      1      1      1      2      5      2      4      3      1      3      0      1      0      1      1      2      2      0      0      2      0      0      2      2      2      2      2      1      2      3      0      3      1      1      1      3      3      1      2      4      0      0      0      2      1      4      1      1      0      6      2      0      3      1      0      0      0      0      1      2      1      2      0      0      1      0      3      1      0      0      3      3      0      0      1      1      0      0      1      0      0      2      2      1      1      0      8      0      1      0      3      0      0      1      1      2
78896  1      000009 000260 2.500e-01      2      3      3      1      0      0      1      0      3      5      4      5      1      0      5      5      8      3      2      2      1      1      0      1      4      3     15      0      1      1      0      4      0      0      6      2      0      6      2      4      1      5      2      0      1      2      1      3      2      2      1      3      1      3      2      0      1      0      1      4      3      5      4      2      2      2      0      2      0      7      8      7      0      3      0      5      2      4      0      2      3     11      1      6      7      7      4      1      1      0      1      4      3      0      2      0      1      8      2      1
78895  1      000021 000143 2.500e-01      0      0      0      0      0      2      0      0      0      1      2      0      3      1      0      4      4      0      5      3      0      4      0      2      1      5      6      2      2      1      2      2      1      2      1      2      0      2      1      0      2      1      0      2      4      0      0      0      0      4      0      0      0      3      0      0      4      1      0      4      0      0      5      0      1      0      0      2      5      0      0      1      1      3      0      1      4      1      1      1      1      2      0      1      4      1      2      0      7      1      0      2      0      2      2      1      1      2      1      1
77678  0      000022 000627 2.500e-01     11     13      4      4      2     13      2      8      0      6      9      1     23     24      0     14      3      0      9      3     26      0      1      8      7     12      8      1      0      7      2      1      3      7     11      6      1      3      6      3     28      9      0      5      4      8     24      3      5     12      0      2      4      2      6     13      4      0      6      6      4     12     10     10      1      1      3      2     11      0      3     12      3      7      0      6      3     13      2      2      9      9      5      9     11      3      7      0      4      3      5      2      0     22      8      1      4      1      4     12
78624  77678  000019 000368 2.500e-01      8     14      1      4      1      5      4      4      3      1      1      3      0      4      3      0      5      2      5      7      1      0     10      0      4      0      1      6      3      7      3      4      2      6      2      5      3      6      2      1      1      3      1      2      1      5      9      1      1      0      7      2     10      2      3      2      5      1      4     16      1      4      7      3      0      0      1     10      0      0      9      0      1      1      6      4      5      1      4      5      0      0      1      6      3      9      5      7      3      7      4      6      0      7      1      8      7      3      6      6
78887  77678  000003 000039 2.500e-01      0      0      0      1      1      0      0      1      1      1      0      2      2      0      0      0      0      0      0      0      0      1      0      1      0      1      0      0      0      0      0      1      0      1      0      0      0      0      0      2      0      0      0      0      0      0      0      0      1      1      0      0      0      0      0      0      2      3      0      1      0      0      0      0      0      0      1      1      1      0      0      0      0      1      0      0      3      0      1      0      0      2      0      0      0      0      0      1      0      0      0      0      1      0      1      1      0      0      0      1
78889  0      000003 000062 2.500e-01      0      0      0      0      0      1      1      1      0      0      0      0      0      0      4      0      0      0      2      0      0      0      0      0      0      0      1      0      1      2      1      0      2      0      0      6      0      0      0      1      2      1      0      1      0      0      0      1      0      0      2      1      1      1      0      0      2      0      0      0      1      0      0      0      0      1      1      0      1      2      2      0      0      0      1      1      0      1      1      7      0      0      0      0      0      1      0      1      0      0      3      1      0      0      1      0      0      0      0      1
78894  78889  000003 000306 2.500e-01      1      3      2      6      3      3      1     10      3      1      3      0      2      2      2      3      1      4      3      2      3      8      1      6      9      1      4      0      1      2      9      1      1      3      6      1      7      0      3      8      1      0      8      2      2      8      0      1      3      6      0      1      4      1      6      2      4      3      2      3      7      2      4      1      0      1      1      1      2      3      2      0      7      3      1      3     10      1      2      4      7      3      2      5      2      2      0      0      1      4      6      4      4      2      7      0      2      0      7      7
