SCORE -2.42760671927399e+05
ITER 17000
ETA        1.50000000000000e+00 1.50000000000000e+00 1.50000000000000e+00
GAMMA      5.00000000000000e-01 5.00000000000000e-01
GEM_MEAN 5.00000000000000e-01
GEM_SCALE 5.00000000000000e-01
SCALING_SHAPE 5.00000000000000e-01
SCALING_SCALE 5.00000000000000e-01
ID     PARENT NDOCS  NWORDS  SCALE     WD_CNT
0      -1     000100 042904 2.500e-01    313    327    135    226    304    334    122   1009    428    523    565    488    382    817    537    523    554    132    310    451    418    591    197    511    396    405    546    275    404    393    374    465    274    251    271    543    261    462    791    686    506    385    697    270    131    431    553    252    364    499    471    408    356    314    426    460    549    381    361    316    201    391    620    501    609    123    948    315    363    187    399    806    265    231    292     78    873    629    668    934    380    332    470    657    319    171    160    193    372    368   1118    366    301    214    340    191    674    472    441    808
1      0      000059 002909 2.500e-01     45     13      9      9     17     42      8     66     31     37     11     48     45      9     75     31     16     10     53     47     24     66     27     47      7      0      9     14     16     33     35     37     22     27     50     23     29     59      7     30     22     30      4     11     47     16      5     23     21     92     13     18     14     18     31     31     71     27     31     30     40     37     25      3      3     12     29      2     37      4      3     40      8     19     12     18     27     27     29     67     46     20     39     53     56     34     18     40     26     29     80     17     21      9      8     33     46     55     39     59
13     1      000055 002343 2.500e-01     41      0     42      1     23      9     20     15     24     15      2     25     14     21     27     31      0     45     45     27      7     31     19     46     35      7      8     19     27     12     16      9     14     21     56      4     10     26     17     75      6      5      4     22      5     17     13     16      1     32      7     10      3     24     29      9     87     22      5     46     50      1     15     11     59     25     48      2     29     27      4     20     16     12     63     23     21     44     15     44     31     33     46     13     63      6     34     16     14     24     71     10     23     38     13     45      5      8     15     57
29489  1      000002 000180 2.500e-01      0      5      1      2      0      6      0      1      2      2      5      1      1      1      2      0      5      0      1      1      1      2      0      1      1      0      3      7      2      2      0      2      4      3      2      7      2      1      0      1      0      0      0      1      0      1      1      0      0      1      5      0      0      1      7      1      5      1      3      0      4      2      0      1      3      0      9      0      4      2      1      1      0      1      1      0      1      3      1      2      0      4      1      0      0      3      3      1      1      5      4      0      0      6      1      1      4      4      0      2
29490  1      000002 000038 2.500e-01      0      0      3      0      0      0      1      0      0      0      0      0      2      1      0      0      0      0      2      0      0      1      0      1      0      0      0      0      1      0      0      0      0      0      0      0      1      0      1      2      0      0      0      0      0      0      0      0      1      0      1      1      1      0      1      0      0      0      0      1      1      0      0      0      2      0      0      1      1      2      1      0      1      0      0      0      1      1      0      2      0      0      0      0      0      0      0      2      0      1      0      0      0      0      0      0      0      0      0      0
29331  0      000018 000284 2.500e-01      0      0      1      1      3      0      2      2      3      4      4      0      2      1      0      3      4      2      4      0      3      0      0      5      0      1      4     15      4      9      6      7      0      1      5      3      2      2      0      8      3      0      0      2      0      4      3      1      2      0      4      0      2      5      0      2      8      8      0      2      1      5      3      7      1      1      2      2      3      0      5      1      3      2      3      5      0      1      3      0      1      0      2      6      2      5      7      2      4      5      6     13      3      6      1      0      6      3      0      7
29332  29331  000008 000131 2.500e-01      2      0      0      0      1      2      1      3      1      2      2      1      2      4      3      2      2      2      0      0      0      1      0      1      3      0      1      0      0      2      1      0      0      3      1      0      1      3      1      0      1      1      0      0      1      1      3      3      1      0      1      3      1      2      0      1      0      2      4      1      0      0      3      3      0      0      4      0      0      1      0      0      1      1      5      3      0      0      1      3      1      4      0      3      1      2      1      4      0      0      4      0      0      2      7      1      0      0      1      1
29423  29331  000010 000312 2.500e-01      2      5      0      6      1      0      5      3      8      3     12      8      1      1      0      6      2      2      1     10      0      1      4      0      2      4      0      4      4      0      2      1      0      5      0      1      7      2      2      5      4      3      0      3      2      6      1      0      6     14      1      0      0      6      5      0     10      1      1      0      3      2      1      4      8      1      4      0      4      0      3      7      0      2      0      2      4      3     13      8      1      4      1      3      6      2      2      3      1      7      2      3      9      0      1      1      2      2      4      6
29124  0      000015 000335 2.500e-01      2      2      1      2      3      4      1      2      0      1      2      5      0      8     18      6      6      5      3      6      3      7      2      8      1      2     15      4      7      2     14      1      0      6      6      3      0      7      4      0      0      2      4      1      5      1      0      2      1      3      1      3      2      2      9      2      0      0      4      2      3      1      6      3      0      0      4      8      5     10      6      5      2      4      0      6      2      4      2      4      0      2      0      1      8      1      4      2      2      1      3      2      0      0      6      2      4      2      7      0
29390  29124  000015 000230 2.500e-01      3      0      0      4      2      8      1      3      3      0      1      3      3      0      0      0      0      1      8      1      2      1      1      0      3      2      0      3      0      5      8      0      5      1     13      3      4      2      1      5      0      1      0      9      3      2      0      2      0      4      0      2      6      3      1      1      2      2      2      0      0      3      2      4      0      1      7      4      2      4      0      0      2      4      1      1      1      1      0      1      5      4      0      2      0      1      0      3      2      5     10      0      3      3      1      3      3      4      2      1
29485  0      000008 000169 2.500e-01      4      1      1      6      0      0      1      0      9      2      0      3      2      3      1      1      2      2      1      4      0      0      1      4      0      0      1      4      0      1      6      0      2      0      0      0      0      4      2      5      3      0      1      4      0      1      1      0      0      4      1      0      0      1      2      3      0      0      2      2      2      1      0      3      1      1      1      2      2      3      6      1      5      6      2      1      1      0      1      1      0      1      1      1      0      1      1      2      3      2      4      7      1      1      0      1      2      0      3      0
29486  29485  000008 000165 2.500e-01      3      2      0      1      1      1      3      6      1      4      0      1      0      0      0      5      7      2      4      0      4      0      0      0      2      3      3      0      1      0      1      2      1      1      1      0      0      5      0      5      1      0      4      2      1      1      0      2      3      0      0      1      2      1      1      7      1      1      3      4      4      3      1      2      2      1      3      0      0      1      1      3      0      3      0      0      0      0      1      0      4      4      0      5      0      3      1      0      0      1      0      0      1      1      3      3      4      0      1      4
