SCORE -2.45360349906952e+05
ITER 26000
ETA        1.50000000000000e+00 1.50000000000000e+00 1.50000000000000e+00
GAMMA      5.00000000000000e-01 5.00000000000000e-01
GEM_MEAN 5.00000000000000e-01
GEM_SCALE 5.00000000000000e-01
SCALING_SHAPE 5.00000000000000e-01
SCALING_SCALE 5.00000000000000e-01
ID     PARENT NDOCS  NWORDS  SCALE     WD_CNT
0      -1     000100 040962 2.500e-01    272    318    130    216    283    309    116    979    389    494    539    485    377    784    542    498    536    134    295    419    414    548    202    476    360    364    539    271    367    371    366    417    235    229    269    517    247    468    736    700    497    367    670    262    122    427    502    237    346    479    434    377    350    288    416    425    513    351    352    286    182    326    590    507    596    102    898    294    356    185    395    775    248    231    262     70    846    632    659    894    359    321    450    640    329    147    159    173    357    342   1044    365    302    201    334    184    656    442    424    773
1      0      000075 004645 2.500e-01    102     17     17      6     27     63      5    106     60     34      2     78     35     22     86     68     33     37     81    101     22     84     38     70     26     22      9     19     31     55     36     51     37     52     87     29     43     83     57     41     24     43     12     17     42     27     34     33     26    134      5     23      3     30     52     65    123     41     43     63     73     55     43      6      1     24     88     11     37     19      4     66     12     49     38     35     57     58     32     88     75     40     43     56     57     53     43     46     48     49    169      8     20     36     29     70     58     74     70     93
13     1      000037 001828 2.500e-01     13      1     35      8     27      8     24      6     17     25     19      6     20     28     13     21      5     25     27      4     12     31      1     45     33     13     20     22     31      5     27     11      7     18     19      8     12      9     18     61      5      4     16     23      3      8     19      9      5      7     14     12     10     18      4      6     48     16      8     27     29      4     21     15     53     21     27      3     42     12     14     15     19      0     51     15     16     16     26     60     16     38     36      9     56      0     15      7      2     23     44     15     13     19      4     12      8     14      5     36
43038  1      000030 000534 2.500e-01     10      1      2      5      8      9      5      8     17      3      9      6      1     18      5      3      3      1      8      5      2     11      1      3      2     10      2      1     13      1      6      7     18      3      2      8      5      5      1      7      1      0      6      8     10      4      3      1      4      1     30      7      4      4      6      1      1     16      0     15      4     17      3      1     12      2      5      9      3      7      3     10      6      0      8      2      2      4      0      1      4      2     11      4      4      3      2      1      1      3      7      9      2      2      0      3      3      0      3     14
44672  1      000005 000248 2.500e-01      4      8      2      2      1      4      2      5      0      0      3      1     10      3      1      1      2      1      3      0      7      5      1      0      3      1      0      1      1      3      0      0      5      2      1      7      2      2      2      5      0      1      0      5      2      3      2      3      3      3      3      4      4      3      6      1      4      6      0      1      3      2      1      2      3      1      1      0      1      2      2      1      6      1      0      3      2      1      2      0      1      0      2     11      0      2      1      5      5      7      9      2      4      1      1      0      5      1      1      1
44679  1      000003 000184 2.500e-01      1      3      1      0      1      3      2      1      3      1      0      1      1      1      0      1      2      0      0      1      0      0      2      0      5      3      2      1      1      0      2      1      3      1      0      0      2      1      3      1      5      3      2      2      0      4      2      4      2      6      4      1      3      1      4      2      3      2      5      1      3      3      2      0      3      0      2      5      2      2      2      1      3      0      0      0      1      0      0      0      3      2      6      0      4      2      0      2      6      0      5      1      4      4      1      1      0      3      0      4
43375  0      000017 000552 2.500e-01      3      2      1      5      2      7      4      1      1     11     23      2      4      3      7     10      4      1      5      3      1      5      5     16     13      2      8      5     15     14      9      2     10      7      8      7      0      1      1      2      3      3      6      4      3      6      5      8      3      0      6      1      8     10      1      3     31      7      0      9      1     12      6      1      7      4     24      4      4      3      5      2      0      1      3      5      1      0     10     15      1      2      6      4      2      2      3     13      2      6      3      5      3      8      3      4     10      8      4      8
44574  43375  000011 000301 2.500e-01      1      2      1      4      0      1      1      0      6      7      2      1      4      1      3      2     10      1      1      4      0      6      0      4      0      3      1      8      4      2      6      8      0      4      8      2      3      1      2      1      0      1      2      1      4      1      3      3      3      6      1      3      1      5      8      0      4      1      6      0      6      6      0      1      1      5      4      2      5      5      0     11      6      1      6      2      1      0      2      1      0      0      4      4      1      6      1      8      0      6      9      5      1      7      3      2      4      4      2      1
44466  43375  000006 000331 2.500e-01      3      0      1      5      4      2      3      3     13      3      3      2      0      2      4      1      1      1     11      0      3      4      0      5      8      0      5     11      3      1      2     18      6      1      7      0      1      0      2      1      3      2      0      1      7      1      1      1      3      8      5      3      2     14      6      5      4      2      1      0      5     15      5      6      8      0      5      2      0      3      1      1      1      1      6      3      1      0      1      3      3      3      0      5      2      6      0      2      2      2      8      4      9      0      2      0      2      0      2      3
44575  0      000008 000199 2.500e-01      6      3      1      6      1      0      3      1      2     11      2      0      0      3      1      2      1      2      1      2      1      1      1      1      0      6      3      1      0      1      3      6      0      0      4      1      1      1      3      1      0      2      0      0      1      0      7      2      5      4      1      5      1      3      8      1      2      1      1      2      0      1      2      2      3      0      1      4      0      1      3      1      1      0      4      2      3      0      0      0      5      0      0      4      0      5      2      4      1      1      1      1      3      1      1      4      0      4      2      3
44650  44575  000008 000216 2.500e-01      0      0      2      1      1      0      0      0      2      4      2      1      2      1      1      1      1      0      0      8      0      6      0      4      0      0      1      5      0      6      6      3      1      2      0      8      1      2      1      2      8      1      0      2      1      0      2      0      0      1      2     10      1      1      1      8      0      2      0      0      3      5      3      1      1      6      4      2      0      2      0      1      1      1      1      0      1      2      2      4      2      0      2      7      0      3      5      7      1      9      3      3      1      1      3      1      4      0      0      9
