SCORE -2.43891171686012e+05
ITER 14000
ETA        1.50000000000000e+00 1.50000000000000e+00 1.50000000000000e+00
GAMMA      5.00000000000000e-01 5.00000000000000e-01
GEM_MEAN 5.00000000000000e-01
GEM_SCALE 5.00000000000000e-01
SCALING_SHAPE 5.00000000000000e-01
SCALING_SCALE 5.00000000000000e-01
ID     PARENT NDOCS  NWORDS  SCALE     WD_CNT
0      -1     000100 041111 2.500e-01    287    313    118    220    277    308    119    970    411    511    553    480    368    782    535    502    513    131    317    414    409    550    192    485    358    386    560    268    378    386    376    436    259    239    275    527    234    468    757    667    509    356    689    267    118    403    518    244    356    467    439    397    356    308    444    439    532    370    357    290    191    363    595    496    579    105    865    317    337    192    416    760    245    222    260     76    821    585    640    876    356    310    454    632    260    166    172    197    351    346   1076    370    294    206    322    187    634    446    419    774
1      0      000099 005906 2.500e-01     96     26     25     19     49     67     23     96     76     42     31     79     61     52    103     71     34     32     97    122     41    116     45     97     61     15     11     31     54     54     52     71     48     61     97     45     59     76     28     84     21     54     18     21     57     42     31     41     37    152     37     25     22     29     53     46    158     42     42     70     79     70     26     13     44     28    141      9     70     34      3     76     27     42     70     38     78    108     52    125     83     59     67     85    110     59     31     58     67     67    174     10     49     23     31     69     90     95     72    129
13     1      000057 001741 2.500e-01     22      2     35      5     21     14     16     30      8     23     12     12     12     23     12     14     20     30     13      4      5     24     11     14     22     16     12     21     25      7     27      2      7      7     18     11     14     10     19     59      3      7      4     27      7     26     21      9      2     17     16     11      1     29      6     10     35     20      5     31     34      1     29     19     56     19     35      2     40      5      7     34     19     13     32     14     19      8     28     43     21     18     24      5     56      1     11      2      1     20     44     21      7     33      7     18      6      7      3     33
22533  1      000020 000550 2.500e-01      4     11      8      3      6     13      2     12      2     10      3      4      7      4      4      7     17      5      1      2      3      6      0     24      3      2      5     17      3      5      1      4      4      3      4      0      0     13     16      5      8      2      0      7      6      0      4      1      0      5      4      3      1      6      5     15      0      7      2      2      0      5     20      5      4      1      8      1      2      5      1     10      8      5      3      3      4      2      4     15      4      9     11      3     18      0     11      3      3      4      4      5      5      7     12      1      5      0     11      7
23941  1      000005 000059 2.500e-01      2      0      2      0      1      0      0      0      0      0      0      1      0      0      2      2      0      1      1      1      1      0      1      0      0      2      0      0      0      0      1      2      0      1      0      1      0      0      0      1      0      0      0      2      1      1      0      1      1      0      0      1      0      0      2      1      1      1      0      1      0      1      1      0      0      1      2      2      0      0      0      0      0      0      0      0      0      1      0      0      2      1      1      1      1      0      2      0      0      0      0      2      0      0      2      0      1      1      0      1
23999  1      000006 000115 2.500e-01      3      0      2      2      1      1      3      0      2      1      0      0      2      0      2      2      6      2      1      1      1      0      1      1      0      0      0      0      1      2      0      0      1      1      0      0      2      3      0      0      1      0      1      0      2      4      0      0      1      1      1      3      1      1      1      2      2      0      1      2      2      1      1      4      1      4      2      1      0      0      0      0      0      0      4      1      3      0      1      0      1      2      1      0      1      1      0      1      0      1      1      2      0      1      3      1      6      0      0      0
24002  1      000008 000275 2.500e-01      1      1      0      8      0      0      2      0      1      3      4      4      2      4      3      2      6      0      1      1      0      4      1      0      2      1      1      5      2      2      6      7      1      1      8      0      5      0      4      2      4      3      0      1      4      3      3      3      1      7      6      1      3      2      0      3      4      2      4      2      2      1      2      3      0      6      4      4      1      2      0      4      4      3      4      2      1      5      6      5      1      2      2     11      6      1      1      5      0      9      1      3      3      4      4      2      4      1      5      0
24003  1      000003 000186 2.500e-01      0      2      2      0      0      3      0      2      8      3      0      3      0      0      1      8      0      2      1      2      2      1      0      3      4      1      1      1      2      3      0      1      2      3      1      3      1      3      1      3      0      4      0      0      0      2      3      1      1      0      1      4      2      1      0      1      1      3      5      6      1      4      2      2      3      1      2      0      0      3      1      0      0      0      4      1      5      4      1      1      1      7      0      6      3      0      1      1      1      1      2      2      3      4      0      3      4      0      3      1
23994  0      000001 000037 2.500e-01      0      0      0      0      0      0      0      0      2      0      1      0      1      1      1      0      2      0      0      0      0      0      0      0      0      1      0      2      1      0      0      0      0      2      2      0      0      0      1      0      0      0      1      0      0      0      0      0      1      0      1      1      1      1      0      0      0      0      0      0      0      0      0      0      0      0      0      0      0      0      1      0      0      0      2      2      0      0      0      0      0      0      0      0      0      1      0      1      2      0      0      3      1      1      0      0      0      0      0      0
23997  23994  000001 000020 2.500e-01      0      0      1      1      0      0      0      0      0      0      0      0      1      0      0      0      0      0      0      0      0      0      0      0      0      0      0      0      0      0      0      1      0      1      0      0      2      0      0      1      0      1      1      0      0      0      0      1      0      0      0      0      0      0      1      0      0      0      0      0      0      0      0      0      1      0      0      0      0      0      0      0      0      0      0      0      0      0      2      1      0      0      0      1      0      0      2      0      0      0      0      0      0      1      0      0      0      0      0      0
