SCORE -2.41941527694453e+05
ITER 16000
ETA        1.50000000000000e+00 1.50000000000000e+00 1.50000000000000e+00
GAMMA      5.00000000000000e-01 5.00000000000000e-01
GEM_MEAN 5.00000000000000e-01
GEM_SCALE 5.00000000000000e-01
SCALING_SHAPE 5.00000000000000e-01
SCALING_SCALE 5.00000000000000e-01
ID     PARENT NDOCS  NWORDS  SCALE     WD_CNT
0      -1     000100 042919 2.500e-01    307    317    125    219    303    328    134   1003    445    515    574    479    396    814    557    532    547    146    307    448    430    574    201    501    385    385    563    290    396    408    394    435    259    254    284    526    243    496    761    696    508    359    698    264    131    435    540    252    357    513    454    396    361    330    449    449    550    367    368    307    213    376    630    514    625    101    923    310    379    205    413    801    264    241    287     71    847    618    665    942    370    328    467    661    320    177    171    205    365    353   1128    378    302    233    345    208    669    472    453    824
1      0      000068 003296 2.500e-01     61     23     11      9     16     56      3     81     43     33      3     61     41     27     83     36     26      6     57     55      7     61     33     68      4      3      5     19     18     27     22     52     40     30     72     35     30     46     28     37     24     54      5     18     40     20     22     16     19     93     23     29      6     11     27     29     71     46     32     31     27     40     18      0      8      8     50      2     19     12      2     63     14     22     23     29     21     31     36     80     51     42     42     52     69     42     23     28     43     24    101      4     27     17     11     25     53     61     36     56
13     1      000048 002023 2.500e-01     29      0     43      2     25      9     22     18     13     25      7     17      5     10     17     29      1     42     42     19     12     44     10     30     36     22      2     22     30     12     25      9      5     21     34      9     17     17      8     58      0      3      0     22      6      6      7     19      9     35      5      4      6     19     16     11     85     20      1     56     46     15     11      8     39     38     51      7     39     14      0      7     14     12     57     12     30     34     17     19     33     20     36     18     48      2     22     11      3     38     48     18     10     20      5     37     10      9      2     35
27253  1      000006 000289 2.500e-01      9      3      2      0      5      4      1      2      1      2      0      1      1      9      1      4      4      5      6      0      3      5      2      6      2      0      4      0      4      3      2      0      6      1      1      4      2      0      4     10      2      0      0      2      6      1      1      3      0      4      2      4      1      4      4      2      1      4      6      0      8      1      4      0      2      2      3      1      2      0      1      0      2      0      6      1     11      8      1     10      1      2      2      1      2      1      5      4      7      1     11      0      3      3      3      7      0      1      1      5
27270  1      000014 000147 2.500e-01      1      0      0      3      0      0      0      1      0      0      2      7      2      0      0      2      0      0      1      0      0      1      1      2      0      0      6      1      1      5      0      3      2      3      1      0      0      3      3      4      0      0      0      5      5      2      2      1      0      0      1      2      0      2      1      2      1      0      0      1      3      3      3      2      1      0      3      6      3      3      2      0      0      1      0      5      3      0      0      3      3      2      0      1      4      0      1      0      1      0      0      1      0      0      4      1      4      0      2      2
26801  0      000026 000414 2.500e-01      0      7      2      6      1      2      3      0      2      4      6      2      3      0      4      0      7      0      9     13      2     12      0      3      2      3      0     10      4      1      3      6      6      1      3      3     19      2      5      2      2      2      8      1      3      1      4      3      5      0      3      1      1      5      6      6     19      3      6      0      2      4      3      0      1      7      2      0      3      3      7      1      1      1      2     11     13     12     10      2      4      2      1      0      4      2      3     16      1     12      8      3      8      0      3      1      3      2     14      5
27279  26801  000023 000397 2.500e-01      1      0      6     11      4      2      0      3      5      9      1      6      0      2      0      1      0      2      1      8      2      0      4      7      6      6      1      0     11      1      6     10      1      7      5      2      2      5      8      6      8      2      2      2      1      8      0      5      4      4     15      2      7      2      1      3      2      0      2      6      2      4      3      9      9      4     17      4      1      0      1      1      2      3      0      3      2      6      1      5      2      8     12      3      5      2      1      3      2      8      5      9      7      0      5      0      8      3      0      9
27299  26801  000003 000100 2.500e-01      0      1      1      2      1      0      0      0      0      0      2      3      1      3      0      0      2      0      1      2      1      0      0      0      1      1      0      0      1      1      1      2      0      1      1      0      1      2      0      1      0      0      0      1      0      3      0      0      4      0      0      1      4      0      1      7      1      0      0      3      5      0      2      0      0      1      2      0      1      1      1      2      1      0      1      3      3      0      2      0      1      3      0      1      1      0      0      0      2      2      0      2      1      2      0      0      0      1      0      1
27218  0      000006 000155 2.500e-01      1      0      2      3      0      5      2      0      0      1      3      1      4      0      0      3      1      1      2      0      5      0      0      7     13      0      0      0      0      0      3      2      3      1      2      1      1      2      0      0      0      5      1      8      0      1      1      1      0      0      1      3      0      4      4      2      1      2      1      0      0      0      2      2      0      1      8      2      0      0      1      1      3      3      0      0      0      2      0      2      4      1      0      3      0      1      2      1      1      1      0      1      0      2      0      1      0      0      1      5
27266  27218  000005 000235 2.500e-01      5      4      1      3      0      0      0      2      1      3      6      5      1      1      1      0     10      1      6      2      0      4      0      0      1      4      7      0      1      1      7      5      0      0      1      7      2      0      9      8      2      2      0      2      2      4      3      1      2      0      1      3      1      0      3      6      2      3      0      0      3      3      0      7      3      1      0      4      3      2      1      8      2      2      2      1      1      1      1      3      0      0      0      4      2      2      2      0      0      8      0      2      4      2      5      1      3      0      4      2
27300  27218  000001 000025 2.500e-01      1      0      0      0      0      0      0      0      0      1      0      1      0      0      0      1      0      0      0      0      0      0      0      0      0      0      2      3      0      0      0      0      0      0      1      0      0      0      0      0      0      0      0      0      1      0      0      0      0      0      0      1      0      0      0      0      0      0      0      0      0      0      0      0      0      2      0      0      0      1      0      0      0      0      1      1      0      1      1      0      0      0      0      0      0      0      1      0      0      1      1      0      0      1      0      0      0      1      0      1
