SCORE -2.45584591098092e+05
ITER 13000
ETA        1.50000000000000e+00 1.50000000000000e+00 1.50000000000000e+00
GAMMA      5.00000000000000e-01 5.00000000000000e-01
GEM_MEAN 5.00000000000000e-01
GEM_SCALE 5.00000000000000e-01
SCALING_SHAPE 5.00000000000000e-01
SCALING_SCALE 5.00000000000000e-01
ID     PARENT NDOCS  NWORDS  SCALE     WD_CNT
0      -1     000100 039625 2.500e-01    274    269    119    197    270    292    108    942    398    487    539    448    352    771    506    500    503    133    307    430    387    545    191    452    349    356    521    243    363    373    360    408    241    241    263    512    235    431    740    657    483    339    645    230    129    412    492    225    331    448    418    373    339    285    425    423    499    353    339    290    192    352    587    497    576    104    832    297    319    189    380    745    216    209    261     68    807    560    611    874    336    294    439    640    282    158    157    174    340    342   1016    363    270    190    323    176    651    413    422    772
1      0      000057 005084 2.500e-01     78     30     21     25     47     69     21    129     57     34     14     87     58     51    112     53     46     32     69     81     35     92     45     77     28     13     34     36     19     48     54     69     21     38     82     53     41     75     42     56     45     56     14     27     44     43     37     55     43    122     37     19     21     28     37     46    125     46     29     41     47     52     46      1     15     22    102     12     53      8     11     69     26     45     30     30     62     84     62     99     83     40     68     74     63     47     27     56     56     49    170     13     48     23     11     62     74     88     65    104
13     1      000051 002624 2.500e-01     35      7     40      5     23     10     21     15     21     46     20     34     11     25     14     36      9     30     41     12     23     40      5     39     49     24     15     18     44     15     20     17     36     28     33      2     17     30     25     82      2      4     20     40      6      6     22      0      0     38     15     29     10     25     23     15     64     23     20     48     44     16     36     20     77     26     53     13     46     27      9     35     20      9     68     20     39     21     36     65     20     36     32     20     83      6     22      7      7     35     59     22     14     29     21     32      3     16     10     43
22146  1      000003 000174 2.500e-01      1      0      2      1      1      5      1      1      2      1      2      3      2      1      0      0      1      2      0      0      0      3      1      1      1      1      0      4      3      0      1      0      8      4      3      1      0      5      0      0      3      2      7      0      1      0      0      0      3      5      0      2      3      2      1      2      2      3      2      4      5      1      0      3      2      3      5      1      2      1      1      4      1      2      3      1      1      0      3      1      0      2      0      0      0      1      0      2      2      3      1      3      3      5      1      1      3      0      2      1
22164  1      000003 000346 2.500e-01      3      6      0      5      3      0      3      6     11      3      8      2      2      0      5      3      4      0      6      6      8      4      1      5      2      2      2      4      5      3      2      4      5      0      0      1      8      5      2      5      0      8      6      1      3      2     12      1      6      1      7      1      2     10      0      4      5      0      3      0      0      5      1      3      2      1     10      2      5      0      3      3      4      1      0      4      1      9      3      7      3     14      7      0      6      3      4      5      0      4      0      1     10      0      2      1      1      1      1      3
19753  0      000029 000681 2.500e-01      4     16      3      8      2     13      3      6      2      5      4      1     11     10     11      5     18      0      0      3      0      2      0     15     16      4      5     19     22      7      1      2      4      2      9      7      5      3      5      8      2      4      2      6      1      5      5      1      1     14      7     10      5      4      7      8      8      4      8      2      7      8      4      6      7      2     36      2     18      6      6      1     12      3      6      1      5     20      4      3      5     14      7      2     10      6      6      1      5      4     41      4      8     10      2      4     10     11      3      6
22029  19753  000016 000350 2.500e-01      2      9      1      5      1      6      4      3      5      0      4      1      2      2      5      0      1      0      2      5      2      0      5     14      0      1      5      6      4      2      9      9      3      1      3      3      3     10      6      2      3      7      8      4      3      1      1      0      4      4      2      7      0      5      3      1      9      4      4      0     11      2      0      3      1      1      4      3      0      3      7      5      5      7      1      3      0      6      0      7     11      1      4      3      0      3      2      2      1      4      2      1      1     10     10      1      3      1      0      5
22150  19753  000013 000374 2.500e-01      3     11      2      4      1      5      1      1      6      3      0      2      2      5      2      2      3      4      1      5      1     12      0      6      3     13      0      5      0      0      8     10      0      1      2      1      4      3      1      8      1      3      2     11      4      2      1      8      3      3      9      0      4      2      9      6     10      0      2      9      3      4      1      3      3      4      6      1      1      3      4     17      9      4      2      6      5      5      3      2      2      3      0      1      2      0      0      9      0      2      3      3      2      4      4      2      1      7      7      6
22190  0      000013 000236 2.500e-01      5      3      0      4      0      0      2      3      3      5      4      0      4      0      0      4      8      1      3      0      0      0      2      3      0      1      0      0      5      3      0      2      0      0      5      2      2      8      2      3      1      1      5      4      1      0      4      0      4      9      3      1      3      1      0      4      3      3      2      0      0      4      0      2      0      1      6      0      2      0      4      4      5      1      0      2      4      1      7      2      4      1      1      3      4      1      5      1      8      0      1      5      3      2      3      0      2      5      2      4
22192  22190  000012 000260 2.500e-01      9      0      2      1      3      1      1      4      3      6      4      4      5      0      7      3      3      1      0      3      1      3      0      3      2      2      6      2      0      4      6      1      3      4      4      3      2      2      1      0      5      1      3      1      0      8      4      9      5      3      1      1      0      6      5      6      1      7      3      5      0      1      0      3      0      1      1      4      2      3      0      0      4      2      6      0      4      1      3      2      1      0      0      0      1      1      1      8      4      1      5      0      3      5      4      1      1      4      0      0
22209  22190  000001 000110 2.500e-01      1      3      2      1      2      2      0      0      2      3      5      1      1      0      0      1      1      0      3      0      1      0      0      3      0      1      1      5      0      4      1      2      0      0      1      1      0      0      2      0      0      0      1      0      0      1      0      2      0      1      4      1      0      4      0      0      3      1      0      1      0      1      1      1      2      0      2      0      1      0      2      1      0      0      2      2      0      1      1      2      2      1      1      1      2      2      4      0      1      1      1      2      0      1      0      0      0      2      0      1
22210  0      000001 000008 2.500e-01      0      0      0      0      0      0      0      0      0      0      0      0      1      0      0      0      0      0      0      0      0      0      0      0      0      0      0      0      0      0      0      0      0      0      0      0      0      0      0      0      0      1      0      0      0      0      0      0      0      0      0      1      0      0      0      0      0      0      0      0      0      0      0      0      1      0      0      0      1      0      0      0      0      1      0      0      0      0      0      0      0      0      0      0      0      0      0      0      0      1      0      0      0      1      0      0      0      0      0      0
22211  22210  000001 000128 2.500e-01      0      1      1      2      2      3      0      0      0      0      0      0      3      1      1      1      1      0      0      2      4      0      1      6      0      6      1      3      1      0      1      0      1      0      0      1      0      1      0      1      1      1      1      1      3      1      2      0      0      1      2      1      0      5      2      2      4      1      4      4      0      0      0      0      2      0      2      1      0      1      2      0      1      1      0      0      3      5      1      2      2      2      1      0      2      1      3      3      1      2      3      1      0      0      0      1      1      2      1      0
