SCORE -2.36895749006722e+05
ITER 19758
ETA        1.50000000000000e+00 1.50000000000000e+00 1.50000000000000e+00
GAMMA      5.00000000000000e-01 5.00000000000000e-01
GEM_MEAN 5.00000000000000e-01
GEM_SCALE 5.00000000000000e-01
SCALING_SHAPE 5.00000000000000e-01
SCALING_SCALE 5.00000000000000e-01
ID     PARENT NDOCS  NWORDS  SCALE     WD_CNT
0      -1     000100 041643 2.500e-01    298    315    135    230    281    318    116    952    414    519    557    461    388    777    534    503    537    145    314    431    405    562    196    477    376    386    546    281    394    385    382    451    262    251    285    513    258    453    730    682    493    357    669    271    136    427    502    245    351    484    454    387    354    314    440    442    536    361    358    310    200    374    597    505    590    109    898    314    350    200    394    768    245    220    281     87    832    595    627    888    361    323    445    644    326    180    172    203    357    367   1080    369    310    215    339    179    650    443    433    782
1      0      000099 005781 2.500e-01     88     26     24     21     53     72     29    131     67     58     38     98     45     64    114     94     55     29     75     93     42    113     32     94     42     11     32     34     54     55     34     61     46     46     72     55     43     97     73     70     45     55     35     27     51     32     43     40     39    133     30     37     23     52     63     52    147     55     50     44     53     65     55      6     34     33    119     10     47      6     18     94     26     33     42     32     97    101     75    103     59     69     66     75     68     43     47     41     51     41    196     22     41     29     18     75     82    103     68    105
13     1      000077 002054 2.500e-01     26      3     29      3     18     10     18     16     19     15      3     21     20     23     10     10      4     26     31     21     11     21     14     46     29     23      9     14     16     18     36     10     13     15     40      8     14     22     10     63      0      6      9     24      6     12     33     15      4     27     21     11      3      8      8     17     47     27      5     46     53      6     22     22     61     18     34     10     52     32     11     18     16     20     53     17      2     12     20     69     41     16     45      8     56      4     11     13     10     27     21     21      8     29     22     25      8      3      6     45
34301  1      000013 000333 2.500e-01      2     11      4      4      2      1      1      0     10      1      6      3      1      0      3      0      2      3     10      0      4      5      6      5      1      2      2     11      1      0     10      0      1      7      8     10      1      1     10      5      3      2      0      1      2      5      0      0      3      4      0      5      5      0      0      6      3      1      2      3      2      0      0      6      1      2      4      1      1      2      3      0     15      9      2      0      0      0      4      2      7      0      3     11      2      1      0     10      5      8      0      4      1      4      2      1      8      1      2     10
34329  1      000009 000012 2.500e-01      0      0      0      0      0      0      0      0      0      0      0      0      0      0      0      0      0      0      0      0      0      0      0      1      1      0      0      0      0      0      0      0      0      0      0      0      0      0      0      0      0      0      0      0      0      0      0      0      0      0      0      0      0      2      0      0      0      0      0      0      0      0      0      0      0      1      0      0      0      0      0      0      0      0      0      0      0      2      1      1      0      0      0      0      0      0      0      0      2      0      0      0      0      0      0      1      0      0      0      0
34332  0      000001 000000 2.500e-01      0      0      0      0      0      0      0      0      0      0      0      0      0      0      0      0      0      0      0      0      0      0      0      0      0      0      0      0      0      0      0      0      0      0      0      0      0      0      0      0      0      0      0      0      0      0      0      0      0      0      0      0      0      0      0      0      0      0      0      0      0      0      0      0      0      0      0      0      0      0      0      0      0      0      0      0      0      0      0      0      0      0      0      0      0      0      0      0      0      0      0      0      0      0      0      0      0      0      0      0
34333  34332  000001 000177 2.500e-01      1      0      1      0      1      5      1     11      0      0      0      0      0      2      2      1      0      0      2      2      0      0      3      1      1      2      1      5      1      1      1      2      0      0      0      1      1      0      3      2      5      7      1      2      0      5      2      1      3      1      0      6      2      1      1      0      0      1      1      1      1      1      2      3      2      2      4      1      0      1      3      4      1      3      1      1      0      3      7      3      1      0      1      6      3      1      1      1      0      5      5      2      2      3      0      0      2      0      4      3
