SCORE -2.44869915337642e+05
ITER 0
ETA        1.50000000000000e+00 1.50000000000000e+00 1.50000000000000e+00
GAMMA      5.00000000000000e-01 5.00000000000000e-01
GEM_MEAN 5.00000000000000e-01
GEM_SCALE 5.00000000000000e-01
SCALING_SHAPE 5.00000000000000e-01
SCALING_SCALE 5.00000000000000e-01
ID     PARENT NDOCS  NWORDS  SCALE     WD_CNT
0      -1     000100 024159 2.500e-01    209    164     95    122    172    183     73    571    222    291    331    297    214    408    343    296    284     86    179    272    216    371     96    290    189    189    282    152    226    220    218    267    139    159    215    298    166    284    428    399    261    213    361    149     86    215    289    143    164    312    244    223    211    177    251    222    368    219    166    195    141    229    351    272    355     95    569    149    202    116    213    436    140    127    185     60    436    347    381    513    225    179    260    389    214    102     93    132    175    220    610    214    162    136    184    116    363    282    239    462
1      0      000024 002222 2.500e-01     26      6     18      6     24     20     10     36     23     22      5     23     22     22     32     23     17     23     41     27     21     36     19     36     20     24     12     13     15     13     27     20     11     22     29     14     14     35     19     42     16     12      6     21     12     18     17     11      9     40     11     13      8     23     17     19     44     20     19     29     34     17     19     11     28     17     35      8     39     13      1     35     10     15     33     15     37     32     30     58     27     30     33     18     33      9     14     13     23     21     82     12     11     17     18     37     22     26     19     37
2      1      000012 000249 2.500e-01      0      6      0      1      0      4      5      3      7      1      1      0      2      2      2      2      3      2      3      1      1      2      2      2     13      1      4      0      1      2      2      3      2      1      4      4      0      2      5      3      5      3      3      2      1      1      3      1      3      2      3      2      2      0      2      2      8      5      5      2      3      1      8      0      1      1      0      3      6      1      4      2      7      1      5      0      5      3      2      3      2      0      2      0      1      2      2      0      2      0      3      5      7      2      2      1      2      1      1      4
5      1      000012 000145 2.500e-01      0      0      4      2      1      0      1      4      3      1      4      4      0      1      1      0      0      0      1      3      2      1      4      1      4      0      0      3      1      5      3      0      2      1      1      1      2      1      1      0      0      3      0      2      4      1      0      2      1      3      0      1      2      1      2      2      2      0      1      1      3      0      0      0      6      0      1      1      1      0      0      0      1      2      1      1      0      2      1      3      6      0      0      1      5      1      3      1      2      1      0      0      0      3      0      0      0      2      6      0
8      0      000034 009177 2.500e-01     69     88     31     45     76     77     24    191    104    128     97     79     86    186    100    102    120     40     80     88     72    119     50    114     99     87    119     62     83     91     82     90     54     47     45    104     49     96    179    144    122     86    148     58     30    111    102     47     81    126     95     82     62     70     85    127    123     82     90     65     38     83    128    108    112     16    191     69     79     37     87    162     67     53     60     23    205    137    128    208     86     64    126    139     80     34     36     39     95     78    256     66     74     39     75     43    127     77     87    176
9      8      000007 000288 2.500e-01      1      3      1      1      1      0      1      7      3      2      2      1      2      0      3      9      3      1      6      6      7      2      5      2      6      0      1      3      2      3      0      6      2      0      1      0      2      4      3     16      1      1      2      6      6      5      3      0      5      2      7      1      3      1      4      3      0      1      3      5      4      4      6      2      2      1      5      4      5      1      0     12      2      2      1      0      4      4      0      6      3      3      5      3      0      2      2      2      2      0      9      3      1      0      2      1      2      0      3      3
16     8      000016 000591 2.500e-01      1     12      2      3      1      8      3      9     10      9      3      6      9     10      2     19      1      3      6      9     10      1      1      7     11      8      2      5      6      4      3      3      5     10      8      6      5      6      8     11      8      5      7      5      1      5     16      2      5      4      6     11      2      2      7      3      8      1     11      8      2      6      0     11      7      1      5      1      5      6      5     15      1      5      4      3      5      6      3      9      2     13      9     11      3      7      0      4      5      7      8      2      8      9      4      7      7      6      5     11
112    8      000008 000499 2.500e-01      1      2      3      2      2      7      6      2      5      2      7      6      4      6      2      5     11      0      1      8      1      5      6      3      2      7      4      2     12      2      4      4      0      2      1      8      7      5     10     13     13      0      2      4      4      1      5      2      6      5      6      7      6      8      4      2      1     13     13      2      7      4     12     11      6      1     10      2      0      0      0      2      1      6      5      1      6      9      9     12      5      9      3      7      4      2      4      2      3      6      3      6      6      3      8      3     11     10     11      5
169    8      000003 000120 2.500e-01      0      1      1      0      0      2      0      4      1      1      5      0      1      2      5      0      1      0      1      1      1      1      0      2      0      0      2      2      1      1      0      2      1      0      4      2      1      2      0      0      3      1      0      0      0      1      1      4      1      3      0      1      0      1      1      0      3      1      0      2      1      0      1      1      1      1      3      3      2      1      1      0      2      0      1      2      2      1      4      1      0      3      1      3      1      1      1      2      1      0      0      1      3      0      2      0      1      1      0      0
35     0      000033 001850 2.500e-01     16     14     13     10     11     30      6     61     20     16     15     18     21     36     46     20     25      2     23     26      3     12      9     40      5      4     14     17      5     10     23     18     12     14     10     21      6     26     29     29     16     18      8     11     18     28     20      8     28     25     13     11     14      7     16     16     33     16     17     23     16     25     14     17     16      5     32     16     21     21      7     35     15     11      8      7     19     19     21     29     23     12     21     25     23     11     12     10     27     17     34     13     18      6      9     14     49     43     20     27
36     35     000033 009342 2.500e-01     78     46     17     55     61     58     33    203    103    105    127    135     74    181    114    121    122     36     68     91    117    135     45    111     94     99    143     73    107     90     88     95     78     57     73    108     55     93    137    143     94     72    167     55     22     81    112     65     83    101    112     80     69     77    113    101    124     69     82     57     49     61    125    100    138     22    192     65     75     38    101    169     46     51     68     17    201    131    136    212     70     79     86    131     79     44     52     45     74     83    266     85     57     52     69     43    136     87    108    194
43     0      000004 000200 2.500e-01      3      2      3      3      1      0      0      4      1      0      0      1      6      0      1      0      5      1      1      0      1      4      2      3      2      0      1      3      0      4      1      3      1      1      1      3      1      4      0      1      1      0      3      1      0      1      1      3      0      7      0      2      0      3      1      4      4      2      1      0      1      4      3      1      4      2      5      2      0      2      0      3      0      1      2      3      3      7      2      0      2      0      5      1      4      7      1      4      2      1      1      1      5      0      0      1      4      2      7      5
44     43     000002 000088 2.500e-01      0      2      1      1      0      1      0      0      0      0      0      1      0      0      0      1      0      1      1      1      1      1      0      1      1      1      2      2      0      3      2      0      3      0      0      0      1      4      1      0      0      1      0      0      1      2      1      0      1      1      1      1      1      0      0      2      0      0      1      0      0      4      2      1      0      0      1      2      1      2      1      4      2      2      1      0      0      2      3      1      0      0      0      4      0      0      0      0      1      0      2      1      0      2      0      0      0      1      0      2
91     43     000002 000313 2.500e-01      4      2      0      1      3      6      1      3      1      6      2      3      2      1      9      5      0      4      8      6      1      1      1      4      2      2      2      0      4      4      3      4      0      0      6      4      2      2      3      4      1      3      0      4      5      3      2      3      3      3      2      1      1      1      3      3      4      7      1      9      5      5      4      0      3      0      7      2      2      1      1      2      0      1      1      1      2      6      5     10      8      3      1      6      5      0      3      2      1      3      8      2      0      4      4      6     10      4      3      7
61     0      000002 000114 2.500e-01      0      0      0      0      0      0      1      0      1      1      0      0      1      2      2      0      1      0      2      0      0      0      3      2      0      0      0      3      1      3      1      1      0      2      1      1      2      1      0      0      1      0      0      0      0      3      2      1      2      3      1      6      0      0      3      0      1      4      1      0      0      2      0      2      3      2      0      1      3      1      2      3      3      0      0      1      0      0      2      0      0      1      0      0      0      0      5      1      2      3      0      3      1      4      1      1      4      1      1      1
62     61     000002 000144 2.500e-01      0      1      1      1      0      2      0      6      3      1      0      0      3      3      0      1      0      1      1      4      0      1      1      0      1      0      1      2      0      1      0      2      4      0      3      6      1      3      0      4      1      2      0      3      1      1      3      1      1      1      0      2      2      2      1      0      0      0      3      0      0      0      0      0      2      0      1      5      0      1      1      2      0      1      0      0      3      3      3      0      3      1      1      2      1      1      1      3      5      0      0      2      0      0      1      2      3      4      2      8
145    0      000003 000235 2.500e-01      4      1      2      3      2      2      0      2      2      4      2      6      4      4      0      3      3      1      4      0      6      0      4      3      0      1      0      3      1      1      5      2      5      0      0      2      0      3      3      6      2      3      6      2      2      4      3      3      4      2      4      0      2      3      2      6      4      4      0      4      1      0      2      4      3      1      1      3      2      0      3      2      1      3      2      0      0      1      4      1      2      6      1      1      1      1      0      2      0      1      9      2      6      2      2      2      5      1      1      2
146    145    000003 000264 2.500e-01      3      5      1      2      0      6      1      4      1      3      3      3      3      2      1      1      2      2      6      4      2      9      3      3      1      1      1      0      1      2      1      4      3      3      3      5      3      2      0      7      1      4      1      2      2      0      0      5      3      9      0      2      2      1      0      5      6      1      2      2      4      1      1      1      1      0      1      0      7      0      2      0      5      4      2      3      3      3      0      0      5      5      6      3      1      5      2      6      5      7     11      0      3      1      0      4      4      2      0      1
