SCORE -2.44358489297437e+05
ITER 4000
ETA        1.50000000000000e+00 1.50000000000000e+00 1.50000000000000e+00
GAMMA      5.00000000000000e-01 5.00000000000000e-01
GEM_MEAN 5.00000000000000e-01
GEM_SCALE 5.00000000000000e-01
SCALING_SHAPE 5.00000000000000e-01
SCALING_SCALE 5.00000000000000e-01
ID     PARENT NDOCS  NWORDS  SCALE     WD_CNT
0      -1     000100 042133 2.500e-01    296    310    132    215    288    317    118    978    437    517    564    481    363    811    543    516    549    122    316    438    409    579    184    523    389    382    549    279    398    387    410    445    254    247    283    527    252    496    789    689    484    367    675    250    114    427    524    225    359    511    466    373    330    322    430    429    554    378    340    296    206    386    610    511    577    102    934    299    352    197    392    771    262    233    296     89    845    604    638    928    378    333    458    651    328    173    168    183    369    359   1127    364    315    218    329    170    673    434    429    806
1      0      000040 001725 2.500e-01     38      3      4      9     19     34      3     25      2     13      6     31     24      0     55     23      6     14     18     34     20     32     18      9      9      3      9      8     13     18      1     20     12     23     43     21     29     11     16     15     14     22     13     15     31     10      3     21     10     44      1     14     16     23     25     11     50     24     14     16      7     22     12      3     12     14     31      3     11      6      3      5      1     14      6      3     23     35     45     20     14     10     15     26     12      6      8     22      9     10     43      0     19     14     11     25     33     31     36     37
5      1      000040 002697 2.500e-01     29      6     41      5     26      9     31     51     43     33     11     28     13     23     23     44     12     43     58     24     10     37     13     59     34     16      9     21     34     22     31     30     21     22     41      5      5     32      2     69      0     12      4     32      6     12     23     15      7     43      9      5      1      8     24     31     75     25     20     44     65     11     32     10     53     25     53      4     41     13      2     42     13     14     58     24     27     25     16     75     36     39     49     15     73     14     29     15     23     34     84     16     15     27     13     42      5     28     13     62
35     0      000041 000909 2.500e-01     15      8      4     11      5     12      1      1      0      3      8     15     29      1      3      1     10      4      7     13      0     20     11      2      7      3      3     17      5     11      3      8     15      7     12     14     18      7      6     11     24      0      4      1      6      4      4     21      5      5      6     19     18      0     15      5     18      4     18      5      7      2      0      9     20      8      9      4     20      9     10     42     10      1      0      5      7     21     13     15      9      0     13     21      6      4      4     27      3      9      5     14      1     17      0      4     16     12      9     10
2016   35     000004 000930 2.500e-01     16      8      8      7      8     18      4     28     16     13      4     13     10      8     22     17      6      4     18     22      2     17      4     15      4      0      4      8      2      9      2     11     10      8     12      6      4     21     10      7      8     10      2      4     13      4     11      2      9     32      8      4      0      6      6      6     24      6      7      9      5     11      5      0      5      4     19      0     16      0      2      6      8      6      5      7      3     17      3     12     18     13     15      9     19     13      9      4     12     12     27      0      6      1      1     15      9     18      8     10
7160   35     000020 000515 2.500e-01      7      3      1      0      4      8      2      5      5      6      1      0      3     11      3      0      5      0      3     12      5      2      1      4      1     10     12      4      0      5      2      2      0      4      2      6      5      0      1      6      3      2      7     10      6     12      6      8      1      5      3     13      7      7      7     25      3      0      7      1     13      5     14      0      9      2      2     16      5      7      8     11      0      5      4      3      0      0      2      5      5      0      1      1      5      8      2     11      2     16      4     15      1      0     14     11      3     13      7      1
7380   35     000015 000393 2.500e-01      7      3      2      1      1      0      0     16      1      2      3      5      3      4      3      5      6      1      4      2      3      9     17      6      1      3      3      4      1      1      2      3      2      2      4      4      2      0      1     11      5      6      2      8      3      6      3      3      6      2      4     10      2      4      0      5      0      5      3     13      1      1      0      1      7      6      6      3      1      3      8      7      5      5      1      0      9      0      6      0      3      9      2     15      0      2      4      1      6      5      2      4      1      0      9      3      8      2      2      7
7485   35     000002 000004 2.500e-01      0      0      0      0      0      0      0      0      0      0      0      0      0      0      0      0      0      0      0      0      0      0      0      0      0      0      0      0      0      0      0      0      0      0      0      0      0      0      0      0      0      0      0      0      0      0      0      1      0      0      0      0      0      0      0      0      0      0      0      0      0      0      0      0      0      0      0      0      0      0      0      0      0      0      1      0      0      0      0      0      0      0      0      0      1      0      0      0      0      0      0      0      0      0      0      0      0      0      1      0
7421   0      000013 000227 2.500e-01      1      3      1      3      0      0      3      2      2      1      4      2      6      2      7      2      0     11      2      1      4      2      0      0      0      1      0      1      3      3      9      2      2      1      0      1      0      2      0      9      5      5      5      1     10      3      0      1      1      3      5      2     11      1      2      1      1      1      0     12      1      3      1      2      1      0      3      2      0      0      0      0      0      2      3      1      2      1      1      5      1      0      4      0      4      4      0      0      0      0      4      0      0      1      0      4      0      6      5      3
7456   7421   000007 000089 2.500e-01      1      3      0      0      1      2      2      0      2      0      2      1      0      0      2      0      0      1      1      0      1      1      1      0      0      1      0      0      4      0      2      1      0      0      2      2      1      0      0      2      0      0      0      0      1      0      1      0      2      2      0      2      0      0      2      0      2      0      0      2      0      0      0      4      0      3      0      1      0      1      0      0      1      2      3      3      0      1      1      1      2      2      0      1      0      0      3      1      0      0      2      1      0      1      1      1      1      0      0      2
7479   7421   000006 000150 2.500e-01      3      2      0      4      1      4      0      1      0      1      0      2      1      2      1      0      2      0      0      0      4      0      1      0      3      3      1      1      2      1      1      0      2      4      2      0      1      0      0      0      1      1      0      1      2      1      3      1      0      0      0      2      2      5      1      0      1      1      6      4      0      0      1      2      0      0      0      3      3      4      3      0      0      2      0      0      6      6      3      1      2      0      1      3      1      1      3      3      0      0      3      0      0      1      2      5      2      4      1      2
7483   0      000006 000009 2.500e-01      0      1      0      0      0      0      0      0      0      0      0      0      0      0      0      0      0      1      0      0      1      0      0      2      0      0      0      0      0      0      0      0      0      0      0      0      0      1      0      1      0      0      0      0      0      0      0      0      0      0      0      0      0      0      0      0      0      0      0      0      0      0      0      0      0      0      1      0      0      0      0      0      0      0      0      0      0      0      0      0      0      0      0      0      1      0      0      0      0      0      0      0      0      0      0      0      0      0      0      0
7484   7483   000006 000219 2.500e-01      2      5      0      3      2      2      1      3      2      4      1      5      2      4      1      0      2      2      5      1      3      2      1      4      2      2      0      2      4      2      0      2      4      1      4      1      0      3      1      2      2      2      2      3      3      2      2      3      0      2      3      2      0      1      0      4      5      1      1      2      4      5      1      0      4      1      1      1      1      1      1      0      3      1      2      2      9      3      6      4      1      2      2      2      5      4      1      1      1      3      1      4      4      0      1      1      0      2      2      5
