SCORE -2.44724831628145e+05
ITER 5000
ETA        1.50000000000000e+00 1.50000000000000e+00 1.50000000000000e+00
GAMMA      5.00000000000000e-01 5.00000000000000e-01
GEM_MEAN 5.00000000000000e-01
GEM_SCALE 5.00000000000000e-01
SCALING_SHAPE 5.00000000000000e-01
SCALING_SCALE 5.00000000000000e-01
ID     PARENT NDOCS  NWORDS  SCALE     WD_CNT
0      -1     000100 042232 2.500e-01    322    304    124    228    259    311    111   1013    400    510    572    498    391    803    534    511    533    131    309    449    409    576    208    488    362    373    565    282    406    378    383    459    278    247    289    525    272    453    754    689    514    381    681    252    128    426    538    234    368    506    464    401    365    330    442    460    546    351    380    288    219    368    641    510    585     97    906    307    356    206    405    782    235    230    295     77    861    626    625    868    368    334    454    648    320    159    169    186    350    391   1096    384    330    207    345    175    664    434    432    823
1      0      000059 002112 2.500e-01     21      8     10     17     30     22     26     28     45     19      5     15     11     21     13     30     20     11     23      3     11     17      6     27     38     18      7     25      8     42     19      7     15     25      3     17      3     38     34     49      1      6     11      9     13     12     14     37     11     12     16     25      4     16     21     15     35     18     10     16      4     54      2      7     33     24     55      6     20      9      2     43     22     24     12     15     22     25     35    119     15     14     27     41     18     22     23     46     17     14     59      1     10     29     14     38     17     51     10     24
5      1      000059 003409 2.500e-01     52      5     44      6     36     36     19     38     15     33      8     51     28     20     73     36      2     43     65     54     18     72     28     58     32     22      7     19     40     22     38     44     10     29     89     20     26     52     10     67      7     25     11     45     27     26     14     11      6     90      7     14      4     15     31     32    105     57     11     63     79      3     20      7     49     37     63      9     50     22      7     28     21      9     61     26     33     43     43     32     54     40     58     25     80     15     23     18     30     39    116     18     14     26     18     41     40     35     46     63
35     0      000025 000591 2.500e-01      3     17      5      0      8     20      2      5     26     16      3      3      0     14      7     12     10     11     13     16      5      7      0     29      7      2      0     10      5      1      7      4      3      6      0      4      1      4     15      4      7      4      5      3      7     10      2      1      7      7      5      1      7      0      7      3      5      1      1     12      1      4      1     10     17      2     13      2      6      0      1      5     11      5      0      5      2      2      0     21     14      2      3      1      6      9      1      5      6      1      9      0      0      1      1      1      9      3      4      7
2016   35     000025 000802 2.500e-01     13      7      5      1      8      9      3     13     13      0      7     11     17      1     19      6     11      1     14     18      7     21      6     15      1      4      3      3      0      9      6      1      7      1     13     11     11     18      5      2      7      4      1      4     10      0      8      5      7     28      1      4      2      8      2      3     33      8      8     16      3     14      3      0      2      3     10      0     11      4      4     16      5     10      4      8      1     12      4     13     12     13     15      9     16     14      6     10     11      0      5      2      4      4      0     18     10     17      9     20
9037   0      000014 000332 2.500e-01      3      6      1      0      4      2      1      6      3      6      1      2      1      3     12      9     12      3      2      1      3      1      1      1      2      3      0      6      1      5      3      5      3      1      2      4      2      1      5      4      3      6      2      1      2      4      0      9      0      4      1      1      2      3      0      3      8      8      1      6      0      2      7      2      0      0      1      3      2      0      5      2      4      4      1      3      3      2     16      5      0      1      2     12      0      4      6      1      4      1      0      9      0      9      1      3      8      7      2      5
9557   9037   000010 000286 2.500e-01      1      7      2      3      2      3      2      5      6      6      7      0      6      2      3      2      2      1      5      3      1      1      2      1      8      0      2      0      1      1      2      1      3      7      6      5      1      3      1      4      7      0      0      9      4      1      3      1      1      0      5      0      1      4      1      0      0      1      3      1      0      1      0      4      1      0      3      7      5      0      2      7      2      2      5      2      4      0      9      5      6      1      1      5     11      4      2      2      6      2     10      3      1      4      0      3      0      3      3      0
9529   9037   000004 000073 2.500e-01      0      0      0      1      4      0      1      1      1      0      0      0      0      1      0      1      4      0      1      1      4      3      0      1      0      0      2      0      1      0      1      0      1      3      0      0      0      2      1      0      0      0      0      0      3      1      1      2      0      0      0      0      2      0      1      0      1      1      0      0      1      0      0      2      0      1      1      2      0      0      1      0      0      0      1      1      2      1      0      0      0      1      0      1      1      2      0      0      0      0      2      1      1      0      1      1      0      0      2      0
9569   0      000002 000021 2.500e-01      0      0      0      0      1      1      0      0      0      0      0      1      0      1      1      0      0      0      0      2      0      2      0      0      0      0      0      0      0      0      1      0      0      0      0      0      0      0      1      0      0      1      3      0      0      0      0      0      0      0      1      0      0      0      0      0      0      0      0      0      0      0      0      0      0      0      1      0      0      0      0      1      2      0      0      0      0      0      0      1      0      0      0      0      0      0      0      0      0      0      0      0      0      0      0      0      0      0      0      0
9571   9569   000002 000142 2.500e-01      0      1      2      2      3      2      0      1      1      3      1      2      0      0      1      1      4      2      0      0      4      1      0      4      0      2      4      0      4      1      3      3      2      0      3      1      1      2      0      3      0      0      0      2      1      1      0      1      0      2      5      0      0      1      7      1      0      0      2      2      2      0      2      0      1      1      6      0      0      0      2      0      1      1      0      0      3      2      2      2      0      2      0      2      3      0      1      0      1      0      5      0      2      0      1      1      2      0      5      3
