SCORE -2.46974647770146e+05
ITER 2000
ETA        1.50000000000000e+00 1.50000000000000e+00 1.50000000000000e+00
GAMMA      5.00000000000000e-01 5.00000000000000e-01
GEM_MEAN 5.00000000000000e-01
GEM_SCALE 5.00000000000000e-01
SCALING_SHAPE 5.00000000000000e-01
SCALING_SCALE 5.00000000000000e-01
ID     PARENT NDOCS  NWORDS  SCALE     WD_CNT
0      -1     000100 041734 2.500e-01    315    289    138    205    285    296    108   1006    414    522    543    480    391    784    561    480    520    134    318    448    413    587    201    515    382    379    560    256    400    390    386    432    253    225    300    512    253    469    762    697    509    385    661    281    119    419    520    242    343    483    458    387    315    308    427    448    530    363    349    286    199    367    615    516    599    101    915    303    339    193    407    799    257    241    277     78    857    596    633    901    362    322    458    640    312    167    152    176    338    359   1081    374    289    211    341    186    664    424    433    810
1      0      000023 001076 2.500e-01      3      8      0      4     10     12      1      8     19      9      5     18      9      3     31      9      6      8     24     12      7     28      2     30      9      1      4      0      5     25      7     27      3     17     26      8     11     14      8      5      3     12      3      3     20     13     11      8     11     25      2     10      3      8     13     10     21     13      7      5      8      8     20      2      0      4      2      7     17     10      2     18      4      6      6     12     19     11     25     36      8      1      2     24      0     11      9      8      5     10     43      1      8      0      8      9     16     21     23     15
5      1      000023 002753 2.500e-01     56      6     38      6     28     23     26     38     23     22      4     39     16     27     28     41     10     45     34     36     11     37     18     20     23     15      1     27     36      8     36     14     25     28     47     11     16     34     13     81      7      7     11     24     11     13      7     19      2     61     11     14      6     18     22     30     92     34     17     65     68     17     18      4     46     35     62      1     46     12      0     10     12     12     60     20     31     48     30     63     51     45     40      6     76     11     24     22     25     27     78     22     15     42      6     43     13     28      7     59
3882   0      000011 000276 2.500e-01      4      2      0      8      2      7      2      2      1      2      1      4      1      1      0      0      1      0      0      2      1     12      3      0      4      1      0      7      3      0      3      2      0      1      4      6      0      0      3      1      5      1      0      2      1      3      3      6      1     11      4      1      2      0      3      2      4      2      2      3      4      5      2      0      4      3      5      2      2      3      1      6      6      0      6      6      4      3      3      3      1      2      5      1      4      2      0     10      0      7      5      2      1      1      4      5      4      1      6      0
3887   3882   000011 000447 2.500e-01      0      3      1     14      2      4      5      2      7      2     12      4      0      3      2      5      8      0      1      9      5      7      1      2      5      5      1      8      2      1      1     15      5      3      1      2      8      4      3      0      0      4     12      1      9      7      5      1     11      1      5      5      8      8      6      0     18      3      5      3      3      5      0      7      5      4     13      1      5      1      2      1      0      1      7      5      2     12      9      2      0      4      4      2      0      1      1      3      6      1     11      8     18      3      0      0     10      6      3      6
35     0      000042 000979 2.500e-01      1     12      0      1     13     19      9     16     12      4     13      5      1     15      6     32     12     10      6     12      4      4      9     16     12     12      3     15      5      0     14      5      1     17      1     12      5      3     14     10      6     11      4      0      1      4      7      8     11      8      4      0     17     22     19     14     17      1     15     14      8     19      6      1      8      1     13      5      9      2      3     21      4     12      5      5      8     11     15     28      4     14     10     27     15     11      9     23      3     18     24      1     16      1      6     11     13     26     10      9
2016   35     000028 001015 2.500e-01     24     12      6      3     10     21      5     27     19     14      1     15     22      2     27      9      9      1     29     12      8     16      5     24      3      3      3      7      1     16      4      9     15      6     19      9      8     17      9     10      5      6      2      4     20      5      9      8      6     36      2      5      3      2      4      7     31      3      9     12     10      9      4      3      1      2     12      0     10      8      0      8      6      9      7      4      3     22      3      1     25     14     17     13     30     13      8      5     19     11     26      4      3      1      1     12      4     13     14     21
3945   35     000008 000199 2.500e-01      1      8      0      4      2      1      2      2      2      1      2      2      2      5      1      0      3      2      2      7      0      0      1      4      0      0      1      2      2      0      3      3      0      6      1      0      1      0      5      6      0      0      0      1      1      4      5      3      1      0      6      1      2      0      0      1      8      1      1      2      0      2      1      1      4      3      6      0      2      2      4      0      0      1      0      2      1      5      0      4      1      1      0      4      1      3      2      1      3      5      2      1      0      0      4      2      9      0      1      0
4031   35     000006 000132 2.500e-01      2      0      2      1      0      0      2      1      2      1      5      3      0      0      5      6      0      2      0      0      1      2      1      1      2      0      0      1      0      3      0      2      0      1      0      3      2      3      1      3      0      1      1      0      1      1      1      0      2      0      3      1      2      0      4      0      1      0      1      7      0      1      2      0      3      1      2      1      0      0      1      3      0      0      3      0      0      1      0      4      0      0      5      1      2      2      0      1      2      0      1      2      1      1      2      2      0      2      1      1
3747   0      000019 000707 2.500e-01      6     14      5      5      0      2      1      2      5      9      6      6     10     10      0     20      9      1     12      8      5      4     10      0      5      3     17      2      5      6      5      4     10     11      5      4      4     25      7      0      9      0      7      8     10      9      4      4     11      5      6      9     28      9      5      1      6     13      7      5      6      4      2      2     13      3     13      7      4      6      9      1      8      2      2      2      0      4      8     15     10      1     12     14     11      3     14     14     13      0      5      0      9     11      6     10      2     16      9     17
3756   3747   000019 000606 2.500e-01      3      0      2      6      3     20      0      3      6      6     11      7      2     16      1      6     20      0      5      0      6      4      0     12      4      5      0     18      7      9      4     11      7      2      1     20      7      4      1      9      2      0     13      1      1      2      8      0      1     16      4     12      0      1      8      3      5     10      3      2      3      9      6      5      5      7     15      8     15      4      0     17      2      1      4      3      5      0      8      8      4      3      6     11      2      4     12      5     10     10     21      3      2      7      0      1     15     13      5      7
4027   0      000005 000071 2.500e-01      0      1      1      1      0      0      4      3      0      1      1      0      0      0      1      0      0      0      1      0      1      0      0      0      1      0      0      2      0      1      0      0      3      2      0      0      2      0      0      0      0      0      0      0      1      1      0      2      0      3      0      1      1      0      1      0      0      2      0      0      0      0      0      1      0      1      1      1      1      0      0      0      4      0      2      0      1      0      0      1      3      1      1      1      1      1      0      0      1      0      5      0      0      2      3      0      0      0      1      0
4032   4027   000005 000005 2.500e-01      0      0      0      0      0      1      0      0      0      0      0      0      0      0      0      0      0      0      0      1      0      0      0      0      0      0      0      0      0      0      0      0      0      0      0      0      0      0      0      0      0      0      0      0      0      0      0      0      0      0      0      0      0      1      0      1      0      0      0      0      0      0      0      0      0      0      0      0      0      0      0      0      0      0      0      0      0      0      0      0      0      0      0      0      1      0      0      0      0      0      0      0      0      0      0      0      0      0      0      0
