SCORE -2.44492309938776e+05
ITER 1000
ETA        1.50000000000000e+00 1.50000000000000e+00 1.50000000000000e+00
GAMMA      5.00000000000000e-01 5.00000000000000e-01
GEM_MEAN 5.00000000000000e-01
GEM_SCALE 5.00000000000000e-01
SCALING_SHAPE 5.00000000000000e-01
SCALING_SCALE 5.00000000000000e-01
ID     PARENT NDOCS  NWORDS  SCALE     WD_CNT
0      -1     000100 042946 2.500e-01    306    320    129    232    308    322    119   1020    441    523    573    497    406    834    544    546    558    140    337    482    420    569    199    513    377    367    533    293    408    381    406    444    287    228    290    542    259    470    767    690    502    383    690    280    127    432    536    231    344    509    485    397    356    325    451    443    575    364    355    308    188    386    627    504    628    112    939    304    352    193    385    765    266    251    277     87    841    635    678    923    373    341    470    669    356    166    162    194    356    365   1155    390    307    199    342    188    683    446    435    835
1      0      000054 001407 2.500e-01     15     12      0      9      2     22     11     26     28     17      6      4     11      1     57      3      8      6     15     13      2     41     10     27     25     36      5      6      3     17     25     11      0     24      9      6      1     10     22     10      5      6      4      0     35     10      4     31     12     37      5     14      3      9      5     15      2     15     15     15     10     12     12     11      7      5      9      1      2      6      1     28     12      5     28      9     42     34      7     50     16     10     10     18      5     11     13     31     23      9     40      6      9      9     12     32      8     25     19     12
5      1      000039 002162 2.500e-01     36      4     36      2     21     11     17     26     17      9      2     28      6      9      1     31      4     39     42     19     18     35     15     43     17      8      7     16     28     12      9     29     16     27     55      2     20     34     17     69      0     13      8     23      1      4     14      4      3     27      1     13      3     21     21     21     85     27     11     38     54     14     19      2     36     26     52      5     56     19      7     24     16      5     48     15     11     14     21     49     24     19     39      9     60     18     29      8      8     27     56      4     17     33     13     35      4     20     13     58
1852   1      000012 000480 2.500e-01      5      0      5      0      9      1      1      0      0     11      7     14      2     10      1      1      2      1      5      3      6      4      2      0      0      4     24      5      5      8      4      7      1      5      2      2      0     12      5     19     13      8      1      8      0     15      8      3      4      2      3      1      3      5      5      5     10      4      0      2     12      3      6      9      7      1      9      5      6      3      9     22      0      0      6      3      5      6      4      1      1      0      2      6      2      4      6      1      1      5      5      6      6      8      6      0      1      1      6      3
1947   1      000003 000264 2.500e-01      2      3      2      4      4      2      6      5      1      3     10      0      3      0      0      0      0      1      4      5      2      0      2      2      3      2      1      1      0      1      6      2      0      2      1      2     10      2      1      1      5      0      2      0      2      7      4      3      8      8      0      0      5      3      1      4      2      4     10      0      5      2      0      4      5      1      2      0      1      1      1      3      4      6      6      3      7      0      1      5      1      2      1      2      1      2      1      3      2      4      1      1      1      1      0      0      7      5      6      2
8      0      000018 000540 2.500e-01     21      0      8      3      2     10      1      4      6     10      2     16      1      2     16      5      6      3      2      6      6      7     10      4      7      0      1      5      3      6      0      7      5     11      0      9      7      2      1      4      1      2      2      0      0      1      1     19      3      7      1      0      5      3      1     10      3      4      5     14     16      2      6      1      0      4     15      5      1      3      9      7      1      7      5      3      7      3      1     10     20     17     11     10      4      4      1      3     12      5      2      3      7      4      2      2      7      6      1     12
216    8      000018 000575 2.500e-01      5      6      2      2      3     11      2      6      3      1      2      3     10      6      0      8      4      3      2      4      0     19      3      8      7      2      1      5      8      8      1      1      6      3     20      8      9     20      2      2      0      6      3      0      8      2      1      0     11     24      4      3      4      3     20      0     26     11      5      1      9      4      1      3      1      7      2      3     11      7      0     16      1      0      1      1      5      0      9      9      2      5      1      2      0      7      0      9      4     15     27      1      6      9      0      4     10     11     17      7
35     0      000024 000878 2.500e-01     17      4      5      1      4     17      3     20      7      5      1     20      7      1     32      6     14      2     22     10      2      9      9     18      3      3     12      7      1     17      4      7      7      6     21     10      0     16      5      7      4      2      1      6     17      3      9      4      8     23      0      6      2      2      4      9     21      6      7     15      4     14      0      1      1      7     25      2      5      1      7      9      1      6      1     12      3     19      0     15     21      5     25      9     26      9     17     15      9      8      9      3      3      0      2     16     12     21     11     13
1902   35     000008 000323 2.500e-01      1      3      2      2      0      4      3      2      5     12      0      0      4      1      8      2      1      4      2      0      0      4      0      7      7      0      0      1      7      3      3      4      0      4      4      3      2      1      3      7      7      3      0      2      1      3      0      3      0      8      3      2      2      2      1      4      5      3      1      6      5      5      3      3      1      0      5      5      2      1      2      0      1      0      2      4      4      1      8      4      4      5      0     12      0      4      2      1      1      9      3      4      3      9      3      1     13     14      4      3
1837   35     000016 000240 2.500e-01      1      2      2      0      0      1      0      1      0      2      1      0      3      2      1      2      0      2      0      5      5     11      0      2      2      1      4      4      1      2      4     10      0      8      1      2      5      4      3      3      1      2      2      3      1      3      1      3      5      3      2      7      4      0      2      5      0      4      2      3      3      4      2      1      1      1      1      4     12      6      4      8      0      1      2      0      5      0      2      0      6      1      0      4      0      2      0      3      5      0      1      0      1      4      1      3      1      0      1      0
1956   0      000004 000064 2.500e-01      1      0      1      1      0      2      1      0      1      0      0      1      0      0      1      0      0      1      0      0      0      2      0      0      0      0      0      1      2      1      1      0      0      0      1      1      2      1      0      3      3      1      0      2      2      1      1      0      0      1      0      1      0      3      1      1      1      2      0      0      0      0      0      0      1      1      0      2      0      0      2      0      0      1      1      0      0      0      2      0      0      0      0      1      0      0      0      0      1      0      2      0      2      0      0      0      3      0      0      0
1957   1956   000004 000121 2.500e-01      5      1      1      2      2      3      1      0      1      0      0      0      1      0      2      4      1      1      1      0      1      0      1      0      2      1      2      1      0      3      0      2      0      1      1      0      2      1      0      7      5      1      1      1      1      0      1      0      2      0      1      2      0      1      0      0      3      1      5      2      3      0      0      3      0      0      0      0      2      1      2      2      1      3      2      0      1      1      1      0      1      3      1      2      1      2      0      0      3      1      1      0      0      4      0      0      1      1      0      0
