SCORE -2.45454656474393e+05
ITER 3000
ETA        1.50000000000000e+00 1.50000000000000e+00 1.50000000000000e+00
GAMMA      5.00000000000000e-01 5.00000000000000e-01
GEM_MEAN 5.00000000000000e-01
GEM_SCALE 5.00000000000000e-01
SCALING_SHAPE 5.00000000000000e-01
SCALING_SCALE 5.00000000000000e-01
ID     PARENT NDOCS  NWORDS  SCALE     WD_CNT
0      -1     000100 042167 2.500e-01    301    304    133    227    293    325    120    964    426    509    542    485    385    785    555    529    553    136    309    438    416    550    198    503    370    389    561    249    401    384    396    436    263    248    267    515    240    465    771    705    493    363    684    273    128    423    530    241    347    478    439    397    340    328    437    458    564    359    366    317    214    389    618    499    608    105    931    316    346    196    390    793    244    242    293     81    847    630    662    939    374    318    467    663    331    174    151    199    353    362   1117    365    286    207    321    170    677    434    426    818
1      0      000041 001940 2.500e-01     38     13      6      2      9     13      0     31     25     28      8     42     11     11     59     28      9      4     13     35      9     69     16     32     19      9      1     19     12     30     18     13     18     16     82     10     23     21      4     11     14     34      3      3     29      9     16     33     13     36     12      4     10     10     38      9     38     39     14     10     35     15     17      1      2      2     55      0     18      7      3      8      6     12      2     16     18     34     31     18     32     13      0     12     15     21     11     14      2     23     96      9     37      5     10     10     16     43     44     36
5      1      000041 002389 2.500e-01     36      6     38      8     33     22     25     32     22     12      3     24      7     16      2     25      7     48     62     23     14     22     15     47     36      9     15     13     23      7     23     36     14     28      1     21     10     39     21     63      2      3      2     27      5      7      6      1      5     56     11     20      7     16     16     39     77     12     10     42     43      9     19     20     54     38     25      2     42     15      5     32     18     15     59     15     25     22     13     70     31     40     62      7     69      5     33     15     21      9     56     12      7     36     20     62     17     13     10     51
5904   0      000010 000195 2.500e-01      2      6      2      3      1      0      0      3      0      5      3      1      0      1      2      1      8      1      1      3      2      2      0      2      1      1      0      5      0      1      1      2      1      0      0      2      2      1      3      0      0      1      7      6      0      3      1      0      9      3      7      0      0      2      1      0      6      2      1      2      0      0      0      0      1      3      0      1      0      0      2      5      0      0      1      4      8      3      4      1      2      7      1      1      0      0      2      2      2      1      0      8      8      1      2      3      0      1      1      0
5910   5904   000010 000215 2.500e-01      0      1      2      2      4      4      4      1      5      1      1      0      0      4      2      1      0      0      1      0      1      0      2      4      5      4      0      6      1      5      3      3      6      0      0      1      6      3      1      7      2      7      4      0      3      4      2      0      0      4      0      3      2      0      1      2      0      8      1      4      0      6      0      2      1      0      1      4      1      3      3      1      1      4      1      1      5      1      2      2      0      0      0      4      0      2      0      2      3      1      2      0      7      1      2      3      1      3      3      4
35     0      000045 000999 2.500e-01      5      9      4      7      0     15      3     40     12     11     37      4     14     25      3      0     12      2     10      7      9     11      6      8      8      1      5     34     11      8      5      1      2      4     24     19     12      8      8     24      8      7      5      8      4      8      2      0      4     17     19     10     15      2     11      2      5      4      8      8      8      5      5      5      7      1      2      1     18      5     18     18      8      2      3      2      5      3      9      4      4      6      3     29      3     14     20     22     35     40     10      8      5     19     12      8     21     20      0     16
2016   35     000018 001145 2.500e-01     20      4      6      7      8     20      4     31     13     10      5     20     27      7     31     18      3      7     21     30      9     29      4     22      4      3      0     12      4     12     10     17     15      8     11     13     13     29      4      9     15     11      2      1     14     12     14      7     11     40      3     11      3     13      3      6     29     16      2      8      7     12      4      2      4      5     15      2     16      4      2     13      2      8      7      8      5     13      6     16     23     18     22     19     28      6     12      2      4      4      8      7      5      2      3     20     11     28     18     13
5657   35     000018 000556 2.500e-01     11      2      1      0      4      5      5      5      2     10      0      4      6     12      4      4      2      3      0      6      0     16      1      3      5      5      6      4      9      7      5     15      0     10      8      3      6      7      4      0      9      0      6      1      5     11      3     13     11      9     13      0      7      2      3      1      7      1      7      5      1      9     12     11      4      7     22      7      8     10      2     13     19      1      7      6      7      2      1      4      3      5      3      4      6      3      1     10      0      4      9      5      5      4      7      1      3      8      5      3
5914   35     000009 000231 2.500e-01      2      9      1      0      2      0      2      1      2      3      3      0      3      4      3      2      2      2     12      2      0      1      8      0      2      2      0      2      3      2      1      0      2      2     11      1      3      0      7      1      2      0      1      2      5      4      3      4      0      5      0      1      1      0      0      0      4      0      7      5      0      1      0      1      2      3      8      3      0      1      2      0      4      1      2      2     10      3      4      9      0      1      0      4      2      2      0      1      0      2      3      0      1      3      1      1      2      0      1      4
5959   0      000003 000035 2.500e-01      0      1      0      0      0      0      2      1      2      0      0      0      1      1      0      0      0      0      0      1      1      0      0      1      0      0      0      0      0      0      0      0      0      0      0      1      0      0      0      0      0      0      0      0      0      0      1      0      0      1      1      0      0      3      0      0      0      1      0      0      1      0      0      1      0      0      0      0      0      0      1      0      0      0      1      0      0      1      0      1      0      0      1      0      0      2      0      0      1      0      1      1      0      1      1      0      1      0      1      0
5962   5959   000003 000109 2.500e-01      0      0      0      2      1      2      0      1      1      4      1      2      0      0      1      0      2      0      2      2      1      1      1      2      0      0      1      1      2      3      1      1      1      2      1      1      2      0      3      2      0      1      0      3      2      0      2      1      0      0      0      0      2      0      2      0      3      3      0      3      0      0      1      0      4      1      0      0      0      0      1      1      1      0      3      2      1      1      1      1      0      0      0      1      1      0      1      1      4      1      0      3      0      0      2      3      1      0      4      0
5963   0      000001 000008 2.500e-01      0      0      0      0      0      0      0      0      0      0      0      0      0      0      0      0      0      0      1      0      0      0      0      0      0      1      0      0      0      0      0      0      0      1      0      0      0      0      0      0      1      0      0      0      0      0      0      1      0      0      0      0      0      0      0      0      0      0      0      0      0      0      0      0      0      0      0      0      0      0      0      0      0      0      0      0      0      0      1      1      0      0      0      0      0      0      0      0      0      1      0      0      0      0      0      0      0      0      0      0
5964   5963   000001 000011 2.500e-01      0      0      0      0      0      0      0      0      0      0      1      1      0      0      1      0      0      0      0      0      0      0      0      0      0      0      1      0      0      0      0      0      0      0      0      0      0      0      0      0      0      0      0      1      0      0      0      0      0      0      0      0      0      1      0      0      0      0      0      0      0      0      0      0      1      0      0      0      1      0      0      0      0      0      0      0      0      0      0      0      0      0      1      0      0      0      0      0      0      0      0      0      1      1      0      0      0      0      0      0
