SCORE -1.39007883689008e+05
ITER 9000
ETA        1.50000000000000e+00 1.50000000000000e+00 1.50000000000000e+00
GAMMA      5.00000000000000e-01 5.00000000000000e-01
GEM_MEAN 5.00000000000000e-01
GEM_SCALE 1.00000000000000e+02
SCALING_SHAPE 1.00000000000000e+00
SCALING_SCALE 5.00000000000000e-01
ID     PARENT NDOCS  NWORDS  SCALE     WD_CNT
0      -1     000100 012448 5.000e-01    150     94    254     77     36     16     64     29     65     16     66    136    301     59    168    125     54    145     11    137    162    373     40    266     28     69     62     71     17    130    255    105    130      9    185    103    250    123      7     31     61    139     92     64     76    173    405    159    225     84    175     75    154    121     11     73    107     27    111    112    167    134    288     39    287    220    144    101     72    218    151    253     41     51    193    302    172    112     88    199    128    223     91    135     71    215     24    163    466     37     65     36     66    159     26     73    154     43     30    148
44939  0      000005 000300 5.000e-01      0      2      4      3      2      8      0      2      5      1      0      6      6      7      0      3      6      2      0      2      1      1      5      2      0      3      7      1      6      1      1      0      5      0      0      4      0      2      2      3      1      1      2      4      2      3      0      5      1      5      3      2      2      3      5      1      3      2      2      6      6      7      0      0      3      2      1      1      8      7      3      1      2      0      4      4      1      1      4      8      2     10      2      5      1      2      2      6      2      8      1      8      7      2      1     12      3      5      0      2
45441  44939  000001 000085 5.000e-01      0      3      0      1      2      0      2      1      1      2      6      2      1      1      0      3      0      4      0      0      2      0      0      0      1      0      0      2      0      2      0      1      1      0      1      0      1      0      0      0      1      0      3      0      2      0      0      1      2      2      1      0      2      0      0      0      1      1      0      1      0      0      0      1      1      1      2      1      0      0      1      0      0      0      0      6      1      0      0      2      0      0      3      0      1      0      0      0      1      0      0      2      1      1      1      0      0      1      0      1
45373  44939  000002 000164 5.000e-01      2      0      1      1      7      3      1      0      0      1      5      4      0      2      0      1      1      0      4      1      1      0      1      2      0      0      0      2      0      3      0      1      2      2      3      1      0      0     17      1      2      2      0      4      1      1      3      1      0      3      0      0      2      2      1      2      3      1      3      3      0      1      0      1      2      0      2      1      0      3      0      0      5      2      0      1      2      0      2      1      1      2      2      0      1      0      5      4      0      2      2      1      4      2      1      5      0      1      4      0
45442  44939  000001 000087 5.000e-01      0      3      1      0      0      2      2      0      0      0      1      0      0      4      0      0      1      1      0      4      0      2      0      2      0      1      1      2      0      2      1      1      0      1      3      0      0      0      1      1      0      1      3      0      1      0      1      3      1      1      1      0      0      0      0      0      1      1      1      1      0      2      1      0      0      0      0      1      3      0      2      4      0      1      4      1      3      1      0      1      1      2      1      0      0      0      0      1      1      0      0      0      1      1      0      0      0      1      1      0
45443  44939  000001 000076 5.000e-01      1      1      2      1      1      0      0      0      0      0      1      2      1      0      2      1      0      0      3      0      2      0      0      1      1      2      0      0      0      2      0      1      0      3      0      0      1      2      2      0      1      0      0      1      1      1      0      1      3      0      1      0      0      0      1      1      0      1      1      2      1      1      0      0      0      0      0      3      1      0      0      1      0      0      0      3      0      1      0      1      2      0      0      1      1      0      2      1      1      0      1      1      0      0      1      0      1      0      4      0
7      0      000041 002643 5.000e-01      2      6     28     39      6      4     36     16      8      1     32     12     14     34     26     14     21     40     20      4     29      3     21     37     32      6      5     17     15     10     19     18     26     12     43     31     23     49     26     19      0     26     14     17     33     38     24     19     45     20     23     12     81     60     63     22     22     48     35    107     41     39      4      3     33     11      1     32     30     44     15     18     31      4     15     44     36     47     27     13     40     20     16     82     11     20      8     96      6     71      8     22     39     42     18     14     48     26     49      6
284    7      000035 002034 5.000e-01     19     22     14     13     10      4     70      8     82     18     35     16     25     17     11     20      5     27     17     34      2     28     29     21     25     17     13     15      2     32     32     13     17     24     30     29      3     16      6     10      7      7     48     32     14      6     14     18     13      6     34     37      7      3      6      7      7     13     15     18     14      7     60     24      0      0     71     28     50     22     41     20     28      8     44     20     20     24      2     11      1      3     12      6     18      6     16      9      9     12      4     12     24     47     27     55     22      8     48     58
44749  7      000005 000275 5.000e-01      2      2     10      9      0      3      1      2      3      1      5      4      4      0      3      4      1      4     13      4      5      5      3      1      0      3      0      7      5      3      2      0      2      1      4      0      5      4      2      1      3      2      2      1      4      1      4      0     10      2      3      0      2      3      0      4      1      1      5      0      2      3      2      0      1      8      1      0      2      7      0      0      0      1      2      0      9      2     10      1      1      2      0      3      2      2      1      1      4      0      2     11      4      2      0      2      3      5      0      3
45440  7      000001 000079 5.000e-01      0      1      3      0      0      0      1      2      0      1      5      1      1      1      0      1      0      2      0      0      1      0      1      0      1      0      0      0      0      0      1      1      1      1      1      0      0      1      1      2      0      1      0      1      0      0      1      0      0      0      3      0      1      0      2      2      2      1      0      0      0      1      0      1      1      0      0      0      1      0      0      1      1      1      0      1      1      0      2      0      0      1      0      4      0      0      3      3      1      2      0      0      2      1      0      2      0      1      2      1
19     0      000026 001612 5.000e-01     14     34     11     17      0      0     44     17     43      7     19     19     18     10     59      4      3     11     17      8     18      6     32     22     19     11      6      2      3     10      8     27     11     24      6     10      4      9      9      7     11      4     21     35     17     10      5     16      5      9     24     14      5     30      8     10      4      1      1     28      1      1     11     19      3      1     30     10     44     18     46     33     19      7     28     27      0     34      9     22     37     10      3     15      6     29      7     26     20     20     13     24     41     41      3     21     19      1     20     36
23328  19     000026 001583 5.000e-01     34     13      9     25      6      5     13      6     29     17     35      9      6     12      3     33      2     27     12     21     26     16     15     55      6      7      6     25     14     13     24     22      2      3     18     14     30     28     10      7      1      2     16     10      4     25     23     31     30      5     38     14     27      4     16      8      2     19      1     22     17     22     15      1      6      8      2     14     15     30     20     34     39      7     14     11     24     11     12      9      4      8     13      5     14     10     38      9     13     33      0     20     19     13     20     41     17      7     31      1
31     0      000020 001351 5.000e-01     25      2      5     23     32     11      2     23     11      3     18      2      6      6      5      3     20     18     19     32     25     65     34     18     35      8      8     48     24      2      6      3      1     12     15      3     17      8      3     17     12     16      4      6      2      4     22     26      3     39      2      4      3     17     16     20     15      7      5     11     13      3      9      1      4     20     12      6      1      3     19     11     11     34     33     12     21     13     34     12      3      6      8     47     11      2     40     11     10      9     11     18      3      0     15      3      2     17      9      2
45438  31     000002 000162 5.000e-01      3      4      0      3      0      3      0      0      1      0      0      0      1      0      1      0      2      3      1      6      1      3      4      1      1      2      3      2      1      1      0      2      1      2      0      1      2      2      0      5      0      2      0      1      2      1      1      3      4      0      1      0      1      1      4      5      1      4      1      2      0      0      1      4      7      3      0      7      0      0      0      0      0      3      6      0      0      3      2      0      0      1      0      1      3      2      4      2      1      1      6      0      1      0      2      1      1      1      2      1
43730  31     000014 000851 5.000e-01      2     10      8     16      4      6     22      5      7      1      4     32     23      4      5      0      5      7     16     12     14      4     59      1     12     26      7      2      2     15      1     10      5      9      8     18      1      5     25      3      7      2      2      2     29     23     16      1     10      1      3     10      6      3     14      4      4      5      2      9      6      4     11     14      5      2     13     11      1      4      2      5      4      5      3      9      1      8     13      5      3      9     11      3     17     24      7      4      3      5      8      0      7     13     10      3     13      4     12      0
44994  31     000003 000185 5.000e-01      6      0      6      3      4      2      1      2      0      0      4      5      1      3      3      2      4      3      3      0      0      1      2      2      7      3      8      7      3      0      0      0      4      0      2      0      0      1      3      0      0      2      0      2      2      3      0      0      4      1      1      2      0      0      3      1      0      4      0      2      3      0      1      2      4      1      0      0      1      0      2      3      0      2      0      3      0      0      1      1      2      2      2      1      0      1      1      1      0      0      0      5      2      2      1      3      3     10      2      1
45439  31     000001 000070 5.000e-01      3      0      0      0      2      2      1      0      0      2      1      1      0      0      0      0      0      2      2      2      0      0      2      1      1      1      0      1      0      0      1      2      0      0      0      0      0      1      0      0      0      1      1      1      0      1      1      1      0      2      1      0      0      0      2      0      0      1      1      0      2      0      0      0      3      0      0      0      0      0      0      2      0      2      3      2      1      1      1      0      1      0      1      1      0      1      0      0      1      0      1      0      0      0      3      1      0      0      1      1
44667  0      000008 000498 5.000e-01     10      3      0      8      5      0      6      1     13      4      3      3      1      1      3      4      7      1      2      8      5      0     14      4     11      2      0      4      6      3      5      2      4      5      2     10      4     11      3     12      2      4      7      6      5      4      4      1      2      5      2      0      3      4     23      3      4      2      5      9      0      1     13      8      3      4      0      9      2      4     12      1      5      8      4      5     11      4      0     14      9      8      5      3     11      2      2     18      1      6      3      5      1      1      8      7      4      3      6      2
45227  44667  000002 000100 5.000e-01      1      1      3      1      0      0      2      0      1      1      1      0      1      0      2      0      0      2      0      0      1      0      1      2      4      3      0      1      3      2      4      0      0      1      1      3      2      2      3      0      1      2      1      2      1      0      1      1      0      3      5      0      0      1      1      2      3      0      3      0      0      2      0      1      0      0      0      0      0      0      1      0      0      0      0      0      0      0      0      0      1      0      0      0      2      0      3      0      1      2      1      4      0      0      0      1      1      1      2      1
45409  44667  000003 000182 5.000e-01      2      0      4      4      1      6      7      0      8      0      3      1      1      3      1      4      0      0      2      0      0      0      0      8     11      1      7      5      0      0      1      1      2      1      1      1      1      1      0      4      1      0      0      1      1      0      2      1      2      0      3      0      0      1      1      1      2      1      3      5      2      0      1      0      0      0      2      1      4      1      3      7      1      0      1      1      2      0      3      2      1      0      1      1      4      2      1      1      3      0      0      2      1      4      1      5      1      2      2      2
45434  44667  000003 000215 5.000e-01      0      2      3      4      0      0      3      2      5      1      0      0      3      4      1      0      4      0      2      3      5      1      0      6      1      3      1      5      0      1      0      2      2      0      0      4      2      4      1      1      1      2      2      0      6      4      8      0     10      0      6      5      2      0      0      1      3      3      0      5      0      0      0      0      3      0      2      1      1      7      0      2      0      3      9      2      2      0      0      1      0      2      3      7      6      6      1      1      3      4      3      1      1      2      3      2      2      0      0      1
