SCORE -1.38677468576673e+05
ITER 4000
ETA        1.50000000000000e+00 1.50000000000000e+00 1.50000000000000e+00
GAMMA      5.00000000000000e-01 5.00000000000000e-01
GEM_MEAN 5.00000000000000e-01
GEM_SCALE 1.00000000000000e+02
SCALING_SHAPE 1.00000000000000e+00
SCALING_SCALE 5.00000000000000e-01
ID     PARENT NDOCS  NWORDS  SCALE     WD_CNT
0      -1     000100 012548 5.000e-01    167    123    224    160     11      9    121     15    101     30    129    111    313     62    167     51      7    153     77    126    186    246    118    346     47     79     36    115     19    107    197     58     69      2    218     52    183    168     33     19     25     52     47     75    126    204    415    192    219    105    173     95    210    167     11     66     98      9     30    131    161    118    226     59    244    177    187    125     49    240    175    233     42     23    262    309    201     74     40    191    171    222     54    151     43     83     56    231    463     69      7    116    127    217     55     86    116     52     61    127
22503  0      000003 000232 5.000e-01      5      3      0      3      4      0      2      6      2      2      3      2      2      0      4      8      1      6      0      0      0      0      0      6      3      2      2      3      1      1      4      3      2      0      2      4      7      1      0      0      0      1      5      4      8      0      4      0      2      2      6      0      6      0      1      3      2      7      1      5      1      5      1      2      1      2      0      1      2      8      2      1      2      0      1      0      1      0      1      6      0      0      6      1      1      1      4      2      1      8      2      2      0      0      4      0      1      6      4      1
22592  22503  000003 000187 5.000e-01      1      0      0      0      0      1      6      1      1      1      4      5      0      4      0      2      1      0      2      1      1      2      0      3      1      2      0      3      0      0      5      5      0      1      2      0      0      2      0      1      1      0      7      1      1      2      2      6      1      1      0      0      2      1      0      0      0      0      1      1      4      1      0      0      1      0     12      2      3      0      3      4      0      0      1      4      3      1      5      3      0      8      0      7      1      3      3      3      2      6      2      2      4      0      5      2      2      0      1      4
7      0      000046 002839 5.000e-01     14      9     80      3      0     14     75     40     41      9     28     19     14     23     48     25     31     45     10     26      5     32     22     15     35     19     11     14      5     11     49     53     55     11      8     84     40     20     25     29      7     67     52     46     17     20     17     15     34     13     44     27     14     28      1      9      3     48     57     14     63     24     28     17     19     10     48     50     51     47     50     53     48      4     35     53     17     13     47      6     15      1      6     54     53     22      8     10     23     49     14     10     11      4      8     12     71     20     90     45
284    7      000046 002846 5.000e-01     18      7     14     11     32      6     14      1     54     11     17     40     31     34      7     69     28     24     10     39     19     80      1     41     31      8     26     14     14     48     53     10     31     40     40      3     41     27      1     22     28     18     36     22      2     14     40      5     42     14     44      6     32      8     82     29     38     17     49    102      0     32     73      8     61     26      0     14     53      1     15      9     15     26      3     22     45     87     26     45      2     53     42     37      8     77     14     68     17     33     30     11     33     68     21     71     27      5      3     20
19     0      000022 001331 5.000e-01     25     27      7      5      1      3      0     11     48      9      8     12     10     10     10     27      3     10      2      8     16     22     11     10     14      7      5      1      9     10     11     37     18      5      9     18     13     11      5     10      6     15     24     21      1     13      6      4     20      1     22     20      3     16      9      7      1     12      8     27      5     12     18      1      1      7      8      4     52     31     33     45     35      9     14     16      2     22     10     20      6      2      4      0     10     23     17     14     15     13      9     10     17      1     12     54     12      1     22     30
21623  19     000011 000646 5.000e-01      2      4      4     16      3      1     17      3      1      4     16      4      4      4     18      8      2     10      5     12      3      4     13      5      1      3      3      6      4      8      1      2      5      8      9      9      6      9      5      0      1      3     13      6      4      1      3     24      1      0     14      0     13      1      4      5      7      3      8     17      7      0     18      6      2     11      5      4      0      2     13      9     10      6      9      9      6     12      9      0     21      2      9      5     12     28      5      2      0      3      8      5      6      7      3      3     12      5      1      1
20200  19     000008 000510 5.000e-01      2      3      4      4      6      1     11      5     18      1      4      5     10      2     13      7      5      8      1      8      4     20      3      5      2      2      1      3      1      9      8      3      0     10      4      0      4      6      2      2      3      4      7      3      0      0      0     11      3      6      4      0      4      1      3      7      1     11      5      6      2      6     14      0      0      3      4      1     10      9     10      4     13      9      3      0      6      3      8      2     11      3      2     11      4      8      3      3      0     11      2      1     10     14      0      1      6      3      9     15
22600  19     000001 000078 5.000e-01      2      0      0      0      0      0      1      1      1      0      1      1      1      0      3      0      0      1      3      0      1      1      0      0      2      0      1      3      0      1      0      1      0      2      3      1      1      0      0      0      1      2      0      0      1      3      3      0      2      2      2      0      1      0      0      0      1      0      2      1      0      0      0      1      1      2      0      1      1      0      0      0      2      0      0      0      0      0      0      1      0      1      1      2      0      1      1      2      0      3      1      0      0      0      1      1      1      0      1      0
22601  19     000001 000071 5.000e-01      1      2      0      1      1      4      1      0      0      0      1      0      1      3      1      1      3      1      0      4      0      0      0      0      0      1      1      0      0      2      0      1      0      1      1      0      1      0      0      0      0      1      2      0      0      0      0      1      0      0      1      1      1      0      0      0      1      0      0      0      1      4      1      0      1      0      0      0      2      0      0      0      1      0      1      0      2      1      0      0      1      2      1      2      1      1      0      2      0      0      1      1      0      1      1      0      1      1      0      0
22602  19     000001 000065 5.000e-01      0      0      0      0      1      0      2      0      0      0      1      0      0      2      1      1      1      2      0      1      0      3      2      1      0      2      0      1      0      0      1      0      0      0      0      1      1      0      0      2      0      1      0      0      0      3      1      1      0      0      0      0      0      0      1      1      0      1      0      1      0      1      0      0      1      0      0      0      2      0      1      0      1      1      2      2      0      2      0      0      1      2      2      2      0      0      1      2      1      0      0      0      3      0      0      0      2      0      0      0
31     0      000019 001269 5.000e-01      8      2     15     25     28      3     16     10      2      2     10     26     16      4      8      7     15     11     17      6     27     17     60      7     26     24     22     29      9     26      3     10     17     13      1      5     23      3     20      2     23     25      3      2      3     12      8      5     19     19      6      7      1      8      4     24      5     10      8      9     17      6     10     10      7     28     11      4      0      2      5      6      7     48     23      2      8     18     36      4      3      0      5     14     11     41     35      8      6      5     24      3      1      4     17      1     18     29     11      5
804    31     000019 001114 5.000e-01     23     12      0     13     14     20      3     16      2      1      6     16      7      6      6      3     24     20      5     37     12     66     22      6     22     13     18     13     20      4     13     15     12     11     16     21     14      6      6     25      5     11     10      0     27     10     23     19      4      7      5      9      1      8     36      4     10     16     15      5      4      5     18      4     11      1      5     13      4      3      3     18      2      3      1     23      1     11     18     17      2      2     22     24     18      8      5      0      4      0     16      5      1      7      9      5      8      2     11      6
21256  0      000002 000140 5.000e-01      1      1      1      0      6      6      1      0      0      0      2      1      0      2      2      1      2      0      0      0      3      0      0      0      1      0      3      1      2      3      0      1      2      2      1      0      3      0     11      2      4      1      1      1      2      4      0      3      0      0      1      2      0      1      0      1      1      0      5      8      1      1      0      1      1      1      1      0      1      0      0      0      0      0      1      4      2      1      1      2      0      0      4      0      0      0      2      1      1      0      1      2      0      1      0      7      1      0      2      4
22490  21256  000002 000175 5.000e-01      1      1      2      2      2      3      0      1      0      1      1      5      0      5      0      4      2      1      3      0      1      5      6      0      0      2      2      3      2      2      1      2      1      1      0      3      1      0      6      1      0      1      1      3      0      1      2      1      1      7      0      0      0      3      5      1      4      1      1      0      2      0      1      1      8      1      0      1      0      2      1      5      5      2      0      2      2      0      4      0      0      1      3      0      3      0      4      1      0      0      4      0      5      1      1      4      1      2      3      0
21981  0      000008 000430 5.000e-01      1      7      9      1      5      4      6      6      0      2      8      5      0      2      4      2      5      2      2      7      9      3      0      3      5      2      0      3      4      0     10      0      1      2      7     22      7      3      4      3      5      8      6      5      2      9      6      0     21      3      6      3      2      4     17      8      7      2      0      5      6      5      2      2      1      6      0      3      2     15      2      2      1      1      0      1      2      3      2      0      1      0      8      3     10     15      7      7      9      8      5      1      1      3      2      1      5      3      0      0
22462  21981  000003 000194 5.000e-01      1      0      4      1      3      0      2      0      6      2      1      1      2      2      0      5      2      1      3      2      4      2      4      0      4      0      0      7      5      0      3      2      0      0      0      0      1      7      1      5      0      1      1      1      7      0      3      0      0      3      1      2      1      6      2      0      5      0      1      1      0      2      5      5      1      0      1      2      1      0      0      1      1      4      0      5      2      6      0      3      2      1      1      1      5     11      0      0      1      2      0      1      1      0      0      1      4      2      0      4
22548  21981  000003 000163 5.000e-01      2      1      0      0      0      0      0      0      4      0      4      2      2      0      1      1      4      3      0      0      2      2      0      2      1      1      0      0      4      0      1      3      1      0      1      6      0      4      0      0      1      3      2      0      1      1      1      0      1      2      0      3      3      0      0      0      0      5      0      4      1      1      2      1      4      1      0      1      2      8      5      6      1      3      2      2      2      4      2      3      1      8      4      5      0      1      0      0      2      0      3      0      0      4      1      0      1      1      1      1
22599  21981  000002 000162 5.000e-01      2      1      2      3      1      0      0      0      1      2      0      0      1      3      0      0      0      1      4      1      7      3      1      2      1      1      3      0      2      0      1      6      2      1      1      3      0      2      2      1      2      2      1      0      1      1      1      1      0      3      1      0      4      1      1      2      1      1      4      6      0      5      0      1      1      5      1      1      1      0      0      0      1      0      5      0      5      4      1      0      0      1      0      1      0      1      0      1      2      2      0      2      4      1      1      2      5      5      5      4
