SCORE -1.38917389596499e+05
ITER 7000
ETA        1.50000000000000e+00 1.50000000000000e+00 1.50000000000000e+00
GAMMA      5.00000000000000e-01 5.00000000000000e-01
GEM_MEAN 5.00000000000000e-01
GEM_SCALE 1.00000000000000e+02
SCALING_SHAPE 1.00000000000000e+00
SCALING_SCALE 5.00000000000000e-01
ID     PARENT NDOCS  NWORDS  SCALE     WD_CNT
0      -1     000100 012455 5.000e-01    195     72    215    214     42      1    103     35     92     11    124    159    307     27    155     95     36    134     32    197    187    300    123    284     65     60     56    112     11    134    182     55     78     22    204     78    245     97     14     16     50    128     57     43    136    144    419     72    251    111    147     87    141    101     84     65    119     47     45    159    170    117    250     25    172    150    141     68     20    263    205    267      4     23    234    269    169    177    103    177    125    211    112    172     65    176     35    242    440     67     85     40     32    172     17     49    214     41     67    114
34557  0      000007 000377 5.000e-01      3      4      6      2      7      1     10      1     20      4      1      0      2      4      2      0      4      0      6      3      0      3      5      3     14      2      2      6      5      5     10      4      3      0      2      9      3     13      0      8      1      4      1      4      1      0     10      1      2      0      5      0      4      4      4      0      1      4      1      0      1      1      7      5      3      4      1      5      6      8      7      0      2      9      0      3      1      1      1     19      3      7      2      0     16      0      3      1      5      3      1      3      1      2      3     10      0      7      1      1
37113  34557  000002 000146 5.000e-01      1      0      1      2      2      5      2      0      0      0      0      2      0      2      3      5      1      0      0      3      0      1      1      3      6      0      2      0      1      0      0      0      2      5      0      2      0      3      0      5      2      0      0      2      1      2      0      7      0      0      3      0      1      1      4      4      2      1      6      0      0      0      1      0      0      1      1      4      3      0      1      4      3      2      0      4      1      1      5      0      0      2      0      1      2      1      0      0      1      0      0      1      0      2      2      0      3      1      1      2
37232  34557  000001 000075 5.000e-01      1      0      1      0      0      0      0      0      1      0      1      0      0      1      1      1      2      1      0      1      0      0      1      2      1      2      0      0      2      0      0      1      0      1      0      1      0      0      3      1      0      0      1      0      0      1      3      0      1      2      3      0      1      2      2      0      3      0      1      1      0      0      1      0      1      1      0      0      0      1      0      0      0      0      1      1      1      1      0      2      0      0      1      0      3      1      2      0      0      3      0      2      1      1      0      0      0      1      2      1
37176  34557  000003 000193 5.000e-01      1      0      2      1      0      3      0      2      1      1      2      0      0      1      5      1      3      0      1      3      3      2      1      4      1      5      1     11      2      2      0      3      0      1      3      5      3      0      2      2      1      4      3      1      3      2      4      0      3      2      0      6      0      0      3      2      9      0      1      5      0      0      1      0      2      3      1      2      1      3      1      2      3      0      1      4      4      1      0      1      7      0      1      0      1      6      2      1      0      2      0      1      3      1      2      0      1      0      1      7
37235  34557  000001 000082 5.000e-01      0      0      1      1      1      1      0      0      1      1      0      1      0      1      0      0      2      0      0      1      0      0      0      1      0      0      0      0      1      0      2      1      1      0      1      2      1      1      0      0      0      0      0      1      2      1      1      0      0      2      1      2      0      1      0      0      0      0      0      2      0      1      2      0      6      0      0      2      0      3      1      3      2      2      3      3      2      0      0      2      0      0      1      0      0      2      0      1      0      1      2      0      0      1      1      3      0      2      0      1
7      0      000044 002631 5.000e-01      4     23     19      2      5     14      9      3      9      0     26     13     17     80     43     52     22     12      6     11     23     48     16      7      8      5      2     34      6     20     55     26     37     30     49     28     24      5     38     22      9      6     22     44     14     35     37     48     29     13     14      8     63     61     33     31      5     13     16     55     14     21     11     37     45     26     50     63     57     16      3     20     38     17      2     68     23     28     35      7      4     22     13     71     32     12     11     57     23     32      6     36     43     68     20     77     33     16     65      0
284    7      000042 002665 5.000e-01     19     18     64      2      6      7     79     26     74     24     24     20     45      2      8     13     16     72     36     16     23     29      2     75     31     18     19      0     19     17     46     40     32      1      4     33      7     69      3     16     10     26     61     24      8     20      9     35     16      2     62     30     18      1     10      5     22     18     69     46     41     49     77      8     45     20     16     15     60     19     23     39     41     12     70      6     64     11      5     32     33     15      9      4      2     38     17     24     21     41      6     17     50     19     20     17     18     22     21     71
36183  7      000002 000168 5.000e-01      1      0      1      1      6      7      0      0      0      1      0      3      2      1      0      2      2      0      3      0      0      0      0      2      0      0      3      2      2      2      0      2      2      2      1      2      1      0     16      3      1      0      1      3      2      3      0      1      5      3      1      2      1      3      1      0      2      1      4      3      0      1      0      0      4      0      0      1      0      4      0      3      4      2      0      6      1      0      0      2      0      1      3      1      2      0      6      2      0      2      1      2      0      1      1      7      1      2      1      0
19     0      000028 001800 5.000e-01     14     15     23      1      0      3     31      6     53      4     22      2      2      6     11     26      9     40      1      0     10     30     13     41     11     26      4      1      9      9     13     18     25     23      9     14     27      7     10      4      9      2     39     46      5     45      9     11      7      0     43     17     17     46      5      8      1     23     19      7      5     23     33     16     34     28      8     27     51     15     38     15     33     19      6     23     12     18      0     30     41     14      2     18     21     58     20      9     13     24      6      9     30     25     29     34      2      6     26     47
23328  19     000026 001639 5.000e-01     16     35     15     12      6      5     22     14     17     21     20     18     13     26     42     20      4      5     23      5     16     21     13     15      3     10      7      7      9     19     34     33      1      1     17     23      0     49      6     16      3     13     16      9      9      2     17     66     36     25     29     10     22      1      1     21      1      8      7     45     14      5     11      4     12      9     34     17     27     23     18     10     37      4     12     30      8      5     23     16     10     18     19      9      7      1     17      9     32     27      1     34     35     31      8     39      9      7     15     12
37231  19     000002 000158 5.000e-01      4      6      1      0      1      0      1      3      3      0      3      0      1      0      1      1      0      2      1      0      2      0      1      0      5      0      2      1      1      3      0      4      3      2      3      9      3      4      2      2      0      0      4      2      0      1      2      0      1      1      0      0      4      2      1      0      4      1      0      1      3      0      1      0      0      5      3      2      1      2      3      0      2      1      2      4      1      1      1      0      1      1      0      0      1      0      4      3      0      2      1      0      4      0      4      0      2      2      2      0
31     0      000020 001243 5.000e-01      8     25      3      4     21     15      3     18      3      0      1     24      5     10     10      5     25     19     30     16     26     33     58      6     44     10      7     33     18      5      8      1     13      9      1      5     13      4      7      5      9     15      3      6     19     22     11     37      4     12     13      1     16     21     11     19     13     14     19     10     15      3      9      5      6     22     13      6      0      0     11     12      4     40     15     18      5      5     27      8      5      4      0     32     17      7     42      3      2      0      6      9     12      0     16      6      2     13     10      7
804    31     000009 000516 5.000e-01      7      1      4      2      8      8      7      3      6      4      0      6      5      0      5      1      1      4      4     15      3     37     11      1      1     11     11      1      7      3      7     13      5      5      6     10     13      6      6     17      7      8      4      2      1      8      3      1      4      1      3      6      1      1      7      5      0      2      0      1      0      0      2      4     28      5     10     11      2      3      1      4      6      4     11     10      0      6      8      4      5      4      4      8      3      0      5      0      4      0     10      3      3      4      6      0      1      3      3      1
36269  31     000005 000318 5.000e-01      1      0      4      2      4      3      1      4      1      3     12      1      0      5      3      0      8      3      1      1      0      3      1      3      0      3     15      7      4      1      2      1      9      1     18      3      0      1      3      2      3      7      0      1      0      9      3      4      4      4      1      1      2      2      6      0      0      6      4      1      9      2      1      4      2      6      3      3      6      2      1     12      3      1      1      0     11      2      0      0      2      4      0      2      1      1      0      5      0      2      1      7      3      2      6      3      5     10      1      2
36503  31     000005 000315 5.000e-01      0      1      1      1      6      2     10      0      0      0      7      5     12      2      3      0      0      2      0      3      1      1     15      4      4     11      2      3      3     12      0      4      4      5      1      5      1      3     10      2      5      2      6      1      0      2      1      3      5      7      2      1      5      2      4      3      1      3      1      3      1      0      4      8      3      0      0      1      0      4      1      0      5      1      1      2      1      3      1      2      1      5      5      0      5     19      1      0      3      4      2      5      4      3      5      3      2      2      5      0
37236  31     000001 000071 5.000e-01      0      0      2      1      0      0      0      0      1      1      1      1      0      0      0      0      1      0      0      1      0      0      0      0      0      2      0      0      0      0      0      3      0      0      2      0      3      4      0      2      0      0      0      0      1      1      2      2      0      2      1      2      1      1      1      0      0      1      1      0      0      1      4      2      1      0      0      0      1      0      0      4      0      1      1      0      0      1      1      1      0      0      1      1      2      1      0      0      0      0      0      2      2      0      1      0      1      0      1      0
37233  0      000001 000080 5.000e-01      1      3      3      0      2      0      0      0      0      2      0      0      1      0      1      0      0      2      0      1      1      0      0      1      1      1      1      0      1      0      2      0      0      1      2      1      2      1      0      1      2      0      0      1      0      0      3      0      1      1      1      1      0      3      0      1      1      1      1      2      2      3      2      0      2      0      1      0      1      1      1      1      0      1      2      1      1      0      0      0      0      1      0      1      0      0      0      0      1      1      1      0      1      1      0      3      0      0      0      0
37234  37233  000001 000068 5.000e-01      0      0      0      0      1      0      0      1      0      0      0      0      2      0      0      0      0      3      0      1      5      0      2      0      1      2      0      1      0      0      0      3      1      1      0      2      0      2      1      0      0      1      0      0      1      0      1      0      1      0      1      1      1      0      0      3      1      0      0      2      0      1      0      1      0      1      1      0      0      1      3      0      0      0      1      2      2      1      0      0      0      0      1      0      0      1      0      0      2      1      0      1      0      0      0      0      0      2      3      1
