SCORE -1.39605763208098e+05
ITER 3000
ETA        1.50000000000000e+00 1.50000000000000e+00 1.50000000000000e+00
GAMMA      5.00000000000000e-01 5.00000000000000e-01
GEM_MEAN 5.00000000000000e-01
GEM_SCALE 1.00000000000000e+02
SCALING_SHAPE 1.00000000000000e+00
SCALING_SCALE 5.00000000000000e-01
ID     PARENT NDOCS  NWORDS  SCALE     WD_CNT
0      -1     000100 012374 5.000e-01    212    134    227    110      6      9    154     28    137      1    170    142    282     51    217    100     25     92     45    172    168    247    137    336     48     81     67    120     45    107    239     90     88     42    210     33    212    108     12     39     45     81     57     66     40    154    392    171    229     64    209     25    128    112     37     32     81     96     31    121    153     98    285     34    189    200     96     72     35    201    125    237     45     54    199    341    139    192     69    231    119    132     88    155     75    145     10    170    455     54     14     94    121    216     56    118    173     56     78    136
1      0      000016 000973 5.000e-01      2     19      8     12      5      1      4      6     17      6     19      1     15      4     10      7      1     21      4     11     22      7      0     19     13      6      0      4      6      8      1      5      2      1      4     27     16      5      3      3      1      2     22     20      5     10     11     10     14      8      9     13      3     27      7      4     11      0      9     31     10     17     14      2      4      4     18      6     15     36     53     18      4      1     24      5      5      0      2      2     16     17     10      8      0     21     29     13      1     22      0      7      9      1     10     12      6      0      5      4
16927  1      000004 000253 5.000e-01      2      0      1      1      0      6      3      2      3      2      1      6      1      7      2      1      6      0      0      8      1      1      2      4      0      0      3      2      0      2      3      2      3      2      5      2      0      6      5      3      2      6      5      0      0      3      0      9      8      3      2      0      7      3      1      2      0      1      5      1      1      2      2      0      0      5      0      1      8     11      0      1      2      0      1      2      6      2      1      1      0      0      1      1      1      1      1     14      0      3      2      0      5      6      3      6      0      1      1      5
13605  1      000004 000259 5.000e-01      5      0      4      5      0      0      4      3      5      2      0      0      2      0      5      2      0      3      2      3      0      3      3      1      0      4      2      0      1      0      1      4      9      0      0      1      2      0      0      1      2      5      1      2      1      0      2      2      0      3      5      7      5      0      1      2      3      0      4      6      2      0      0      4      4      1      6      2      1      1      1     11     11      1      6      2      3      0      5      0      7      0      3      2      4     10      1      0      2      2      3      5      1     10      3      6     11      0      0      0
17421  1      000001 000067 5.000e-01      0      0      0      3      0      1      0      1      1      0      2      0      0      1      0      2      0      0      0      1      1      0      0      0      5      0      0      0      0      1      0      2      0      1      1      0      1      0      0      1      1      2      0      0      0      0      3      0      1      2      0      1      1      0      2      0      0      0      0      0      0      1      1      0      1      1      0      1      0      0      0      1      0      1      0      1      1      0      0      2      3      0      0      0      1      2      0      1      3      0      2      1      0      0      0      0      2      0      1      2
17341  1      000004 000269 5.000e-01      4      1      3      1      3      2      6      3      2      1      2      1      3      4      2      3      0      5      3      2      4      3      2      4      1      8      1      3      1      0      0      7      1      0      0      2      3      2      2      0      0      1      1      2      9      6      1      2      3      6      2      4      6      3      1      5      2      3      0      5      2      2      0      0      3      0      5      4      8      4      0      0      3      0      2      0      4      1      1      1      1      3      1     10      1      2      0      5      0      6      7      6     10      2      5      0      4      2      1      6
17418  1      000001 000069 5.000e-01      1      0      2      1      1      0      0      1      0      2      1      0      2      0      1      0      0      1      0      1      1      1      1      0      0      2      2      1      0      0      2      4      2      1      2      0      0      2      0      0      1      2      0      1      1      0      1      0      0      1      0      0      0      0      0      1      1      1      1      0      0      0      1      0      0      1      2      0      0      1      0      0      0      1      0      0      2      0      0      0      0      2      0      2      0      0      0      0      0      2      1      0      1      0      0      0      0      3      3      1
17420  1      000001 000071 5.000e-01      0      1      0      1      0      0      0      3      2      1      2      0      1      2      0      1      1      2      1      0      1      0      1      0      0      1      0      3      0      0      2      0      0      0      0      1      0      3      0      0      1      0      0      2      1      0      1      1      0      0      0      0      0      1      0      2      0      0      0      0      0      1      1      0      0      0      0      2      0      1      1      3      0      0      1      0      1      2      1      0      0      4      0      2      0      1      1      3      1      1      0      0      0      1      0      1      2      0      0      1
17425  1      000001 000087 5.000e-01      0      0      0      1      1      0      1      0      0      0      1      2      1      0      0      1      0      0      3      1      2      1      0      1      1      0      0      4      0      1      0      1      0      0      2      2      0      2      0      3      1      3      0      0      3      0      1      0      2      1      3      2      1      0      2      0      3      0      0      2      0      1      1      2      0      0      0      3      0      0      0      0      1      0      1      0      0      0      0      0      4      1      0      0      5      2      0      0      3      2      1      0      1      1      1      0      0      1      0      0
7      0      000044 002665 5.000e-01      4     10     55     26      5      2     33     22     53     14     15     13      3     37      1     21      0     30     33     10     32     66      4     14     37     15      6      4      6     18     17     19     32     20     32     42     19     59     10     25     10      4     27     27     54     35     53     28     36     19     19     34     47     51      8     46     19     11     74     67     39     48     37     20     57      7     18     27     57     41     21     28     46     13     23     19     67      5     13     13     29     33      3     27     11     32     12     79     23     34     30     11     24     48     15     27     25      6     32     32
284    7      000040 002579 5.000e-01     18      3     30     28     24      8     31      8     17     22      4     22     35     19     14     40     48     64      2     10     12     51      7     48     12      4      1     13      4     28     54     22     32      6     31     49     36     17     28     10      0     44     43     30     20     25     27      2     21     24     33     31     37     13     49      2     19      8     20     58     10     27     43     17     34     16     72     55     45     25     53     36     12      3     47     35     19     25     34     10     15     50     29     43     19     37     22     22     29     48      9     14     15     10      7     24     40     20     59     31
17372  7      000002 000131 5.000e-01      1      0      1      1      0      4      1      1      0      0      1      0      2      0      3      0      1      1      0      0      1      3      2      0      0      2      0      0      2      2      0      1      3      2      1      5      2      5      1      1      0      0      3      0      1      0      5      1      1      1      1      1      2      2      5      0      1      0      4      2      0      4      0      0      1      0      2      5      1      3      2      0      1      2      0      0      1      1      2      0      5      1      0      0      2      0      3      1      1      0      0      4      1      0      1      3      1      2      0      1
17417  7      000002 000114 5.000e-01      3      0      1      0      0      1      1      0      2      0      1      0      0      1      3      0      0      0      8      0      1      0      1      2      1      0      2      2      1      0      8      3      0      1      2      1      0      2      0      1      2      0      1      1      0      1      2      1      1      1      1      2      4      0      1      2      0      1      0      0      1      0      0      1      0      3      0      0      0      1      0      0      1      0      6      0      3      3      1      1      1      3      0      2      1      1      1      1      2      1      1      1      1      0      1      3      0      1      1      1
19     0      000014 000829 5.000e-01      1     10      2     17     10      0     18      6     17      4      5      6     19      8      6     23      2     22      2      6      3      0      6      2     13      1      0      0      1     16      8      0     15      4      0     15      8     30      0      3      6      2     16     12     19      7      0      1     11      6      9     12     21      4      6     13      2      3      1     14      6      5     13      7      5      7     16      3     37      2      3     13     25      4      4      5     13     10      6     10     18      4      1      4     13     14      6     19     12      5      5      1      9      6      3     14      6      4      9      8
20     19     000013 000779 5.000e-01      4      5      1      2      1      2      5      1     14      8      3     10      5      3     12      8      4      8      2     12     12     28      9      5      0      1      6      1      2     16      3     27      1      5     11      0      4      1      8      2      5     13     22      5      5     17      7     29      2      0     18     10     10      2      1      8      2     10      3      4      2      7      0      7     11      2     16     10     12      7     18     21     16      8      1      4      7      3      9      2     10     17      6      9      2     12     13      2      8     14      6      8     14     17      5     13      3      3      7     22
17419  19     000001 000075 5.000e-01      0      1      1      0      0      0      0      0      2      0      1      0      4      0      2      0      0      0      0      0      1      1      2      1      0      0      0      2      1      1      0      1      0      1      1      3      2      0      1      0      0      2      1      0      0      1      3      1      0      0      0      2      2      0      1      0      4      1      0      3      2      1      1      0      0      2      0      0      0      0      1      0      1      1      1      1      0      0      0      1      0      0      0      0      0      2      1      1      0      0      3      0      1      0      2      0      1      1      0      1
31     0      000017 001105 5.000e-01      4      8      7      4     36      8      8     11      2      4      1     25      4      0      2      1      7      1     16     16     12     71     26      6     30     16      8     24     12      4     10     16      2     15      1     10     16      5     25     15      7     18     10      2     17     18      6      8      5      9      6      8      6     13      8     23     15      0     13     14     21      0      0      3     23      4     21     18      0      8     22      8      6     33     24     12     11      8      6      7      2      8      7     31     28      7     20      2      0      4     15      8      4      5     15      0      1      7      7      4
804    31     000017 001035 5.000e-01      7      6      3     22      5     14      3     10      1      6      3     16     24     12      4      1     21     35     16     12     18     10     47      1     11     16     13     17      8     20      5      1      6      1     14     25     13     10      2      3     18     14      1      5     18     11      4      6     25     20      0     16      9      4     26     11     10      1      8      0      6      7      5     13     12     17      7      6      4     16      8      6      2      6      7      2      9      4     44      9      2     17     12      9      0     28     30      8      0      4     22      1      3      1      9      2      8     10      8      2
16625  0      000002 000158 5.000e-01      0      0      0      0      4      4      1      1      1      1      2      1      1      2      0      0      2      1      1      2      2      2      3      0      0      2      2      1      2      2      1      2      3      0      0      3      0      1     13      2      0      1      0      2      1      1      0      2      0      6      0      1      1      1      3      1      1      0      5      4      0      0      1      1      2      0      1      2      2      0      1      1      3      2      1      6      0      1      4      1      1      2      2      2      3      0      0      2      3      1      3      0      4      2      0      3      4      1      1      0
17393  16625  000002 000156 5.000e-01      0      0      2      1      4      3      0      0      0      0      1      5      0      5      2      3      1      0      3      0      1      1      3      0      0      2      3      3      1      0      1      1      2      2      2      0      1      0      5      0      3      2      1      4      1      0      0      1      2      0      1      0      0      4      2      2      2      0      0      4      2      0      1      2      5      2      1      1      1      4      0      2      2      0      0      4      4      0      1      2      2      1      2      0      0      0      8      2      0      1      2      2      0      1      0      7      0      2      3      2
12410  0      000003 000160 5.000e-01      0      2      2      1      6      2      1      4      1      0      1      0      0      2      1      2      6      1      1      0      0      0      3      1      2      0      8      0      2      1      1      0      7      0      1      0      2      0      0      1      0      7      1      1      1      1      2      1      1      3      1      2      1      2      1      4      0      2      2      3      2      1      2      0      2      4      0      0      3      0      0      2      1      0      0      1      2      0      1      1      0      5      2      5      2      2      3      3      0      0      1      5      0      0      0      2      0      6      1      3
17227  12410  000003 000233 5.000e-01      5      2      5      4      1      3      0      4      0      2      5      1      1      3      2      2      3      4      2      4      2      4      1      2      8      2      3     11      0      1      0      0      1      1      3      0      1      2      3      0      1      0      0      1      4      4      6      6      0      7      0      0      0      4      3      1      0      5      7      0      9      3      3      2      3      2      0      2      1      2      2      2      2      5      7      4      2      0      4      2      0      4      2      4      1      1      1      1      1      0      0      3      0      1      1      1      3      4      0      1
17199  0      000003 000189 5.000e-01      1      0      2      2      4      2      0      0      2      0      1      0      1      3      0      2      4      1      0      4      1      2      0      3      9      3      2      0      1      0      0      1      0      4      0      3      4      8      1      4      4      1      1      2      2      2      4      2      2      1      1      1      2      5      5      1      3      0      4      0      2      3      0      1      2      0      1      0      3      0      2      4      0      1      0      3      2      1      3      5      1      1      1      2      6      1      3      3      0      4      0      0      0      3      3      2      2      3      3      0
17336  17199  000002 000154 5.000e-01      1      1      4      3      2      3      2      1      3      1      1      3      1      1      1      1      0      0      0      0      1      3      0      0      3      0      1      2      0      0      1      0      7      1      0      5      1      0      0      6      0      4      1      4      0      0      1      2      1      0      7      1      1      0      5      3      2      0      4      1      2      0      4      1      2      1      1      5      2      1      4      1      3      2      0      1      3      2      3      1      0      3      1      1      1      1      0      2      1      0      0      1      0      1      0      3      1      1      0      1
17422  17199  000001 000054 5.000e-01      0      0      5      1      0      0      0      0      0      0      0      0      1      0      0      0      0      2      0      0      0      0      1      1      0      0      1      1      5      0      2      0      0      0      0      1      0      0      2      1      0      1      2      0      0      1      1      0      2      2      0      0      0      1      0      1      2      0      0      0      0      0      1      1      2      0      0      0      0      0      0      0      0      0      2      1      0      0      0      0      1      0      1      0      3      1      0      1      0      1      1      0      0      0      0      0      0      0      0      1
17423  0      000001 000088 5.000e-01      1      0      0      0      0      0      1      0      0      0      1      0      3      3      3      1      3      1      0      1      1      3      0      0      2      1      3      1      0      4      0      1      0      0      0      1      2      1      0      0      1      1      0      1      0      1      1      0      2      0      3      0      1      0      2      0      0      0      0      3      2      0      0      0      1      1      0      0      0      1      1      0      0      1      4      3      2      0      0      0      0      1      1      1      0      1      0      1      1      1      0      0      0      1      1      2      1      2      2      2
17424  17423  000001 000074 5.000e-01      0      0      0      1      0      0      1      0      0      0      0      1      3      0      0      0      1      4      0      2      0      0      2      1      0      1      0      0      0      0      2      2      0      0      0      1      1      0      0      0      1      0      2      0      0      0      1      2      1      1      0      2      3      1      0      1      2      0      0      0      1      0      1      1      3      1      0      2      1      2      0      1      0      0      2      2      1      2      0      1      0      0      1      0      1      0      0      1      1      2      1      0      0      0      0      2      0      1      3      0
