SCORE -1.38797136314670e+05
ITER 8000
ETA        1.50000000000000e+00 1.50000000000000e+00 1.50000000000000e+00
GAMMA      5.00000000000000e-01 5.00000000000000e-01
GEM_MEAN 5.00000000000000e-01
GEM_SCALE 1.00000000000000e+02
SCALING_SHAPE 1.00000000000000e+00
SCALING_SCALE 5.00000000000000e-01
ID     PARENT NDOCS  NWORDS  SCALE     WD_CNT
0      -1     000100 012508 5.000e-01    170     88    199    166      8      7    164     19     66      3    111    207    316     54     93     68     43    177     57    167    188    284     61    263    101    101     20    111     21    200    222     87     96     32    216     65    195     62     32     44     49     63     39     35    140    206    460    215    174     69    136     65    207    178     60    104     54     59     72    114    116     69    211     48    227    228     72     84     23    228    237    318     58     43    215    350    196    117     88    225     93    216     57    144     83    171     17    163    466     29     15    108     80    151     65     86    122     38     55    113
40573  0      000002 000126 5.000e-01      1      1      0      0      5      3      1      0      0      0      1      0      0      4      0      2      2      0      2      1      0      0      4      0      0      1      2      1      3      0      0      1      4      0      2      0      3      1      4      0      0      2      2      3      0      2      2      1      1      0      0      1      0      2      1      2      2      0      1      3      0      0      0      2      0      0      3      2      3      0      0      2      5      0      0      3      1      0      2      0      2      1      0      1      2      0      2      1      1      1      2      1      0      0      0      6      3      1      4      1
41515  40573  000002 000164 5.000e-01      3      0      1      0      3      6      1      0      0      1      2      3      1      3      0      4      1      0      0      2      5      0      1      0      0      3      2      2      1      0      1      1      0      1      1      1      2      0     13      0      3      1      0      5      1      1      0      0      0      8      1      1      2      0      2      0      3      0      0      5      2      0      0      1      4      0      1      0      1      4      0      2      0      2      0      2      1      0      1      3      0      4      8      0      0      0      6      1      0      1      2      0      3      5      0      7      1      3      1      0
7      0      000047 002995 5.000e-01      9     18     68      9      7     21     29     23    111      8     45      6      6     50     63     58     20     26      7     15     40     31     44     37     17      2     24     17     11      3     44     10     49     32      0     38     57     69      5     15     10     67     19     71     12      6     25      7     46     29     66     11     29     23     41     11     53     14     25     36     72     69    110     15     25      8     15     50     86     28     17      5      8     15     22     15     49     45     35     17     13      8      8     45     20     26     12     17     18     33     28      8      4     27      5     53     84     24     58     53
284    7      000040 002447 5.000e-01     24     19     15      8     21      0     32     13      7     22     17      3     26     13     20     19     15     33     23     19      5     58      6     57     12     11     16      3     12      3     28     43     11      7     53     34      6     41     20     14     12      5     72      9     16     14      6     11     52      4     30     33     24     18     21     14     17     27     52     94      5     27     14     11     38      4     77     17     38     27      9     25     43      3     46     28     19     31     14      8     41     33     30     49     13     22     21    100     14     58      3      2     59     65     23     22     11     19     33     25
41541  7      000002 000146 5.000e-01      4      3      1      3      1      4      0      0      1      0      0      3      2      0      2      0      1      2      1      4      0      0      1      4      2      1      5      1      0      1      0      0      0      3      0      2      1      2      1      7      0      1      2      0      0      1      1      5      1      0      4      0      2      2      1      1      3      1      7      1      1      0      0      1      0      1      1      5      1      1      3      2      3      2      0      0      0      1      3      7      0      3      1      2      1      0      0      3      0      0      0      1      0      1      0      3      1      0      1      1
41381  7      000003 000170 5.000e-01      5      1      0      0      0      1      7      0      1      0      3      0      0      0      0      2      3      7      1      0      0      1      3      1      5      0      0      5      0      2      1      2      3      0      2     10      4      0      3      1      0      2      1      2      0      3      1      0      0      1      0      2      2      4      1      0      5      1      0      5      0      2      1      0      1      0      1      1      0      2      3      1      2      0      0      3      1      3      0      1     10      3      0      1      2      3      2      5      2      1      6      1      0      2      2      2      0      0      2      0
41543  7      000001 000082 5.000e-01      2      3      0      1      2      0      0      0      0      0      0      0      2      0      1      0      2      1      0      0      0      0      2      4      2      0      0      1      2      0      2      1      0      0      0      1      0      1      2      1      0      1      3      1      0      1      0      1      2      3      0      0      0      4      1      0      1      0      1      0      1      0      1      0      0      1      0      0      0      1      0      0      0      1      1      3      1      2      0      1      2      0      3      0      3      1      2      2      0      1      1      0      0      0      0      0      0      1      1      0
41544  7      000001 000079 5.000e-01      1      0      0      1      3      1      0      0      0      0      0      2      1      0      1      2      1      0      0      0      0      0      0      0      1      1      1      3      1      0      0      0      1      0      0      1      1      1      0      2      3      2      1      0      1      0      2      1      0      1      4      0      2      1      0      0      1      0      1      1      2      0      0      0      3      1      1      0      0      1      1      0      0      0      0      1      0      1      0      2      0      1      0      0      3      1      0      1      1      1      0      2      0      3      3      0      0      2      1      0
19     0      000030 001861 5.000e-01     15     29     47     15      1      4     22     14     34     23     24      7     19     22     30     19     11      7     16     17     18     41      3     20      2     17      4     11     19      5     26     33     15     11     18     34     23     31     12      7      4     36     32     50      2     13      2      4     39     14     52     20      9      2     14      3     15      5      4     16      3     26     29     12     20     13     24     28     57     50     21     10     26      9     11      8      0      4     12      9     18     15     13     27     19     58     23     23     10     37      3     27     46      0     10     32     21      6      7     32
23328  19     000026 001570 5.000e-01     11     17      6     10     12      1     11     12     44      7     18      3      3      6     53     35      4     25      7      6     10     13     34     38     11      3     14      3      0      3     19     17      6      6      6     11     12     30      1     10      3      2     36      1      4     12     13     23     21     16     15     25      7      9      3     12      5     15      3     39     30     11     15      7     12      9     49     14     16      4      5     16     31     11     27     18     18     30     10     11     44      9     24      8      1      8     25     15     24     30     19      4     20     60     15     28     20      6     37     27
41530  19     000002 000141 5.000e-01      0      0      6      0      3      0      0      2      0      2      0      0      1      1      0      1      2      0      0      2      0      1      1      5      2      1      3      1      0      0      2      2      1      0      0      6      2      2      1      0      3      0      1      0      0      3      1      0      3      2      0      0      2      0      4      0      1      0      1      3      3      2      0      2      1      1      0      4      0      1      1      1      0      4      8      1      3      2      0      2      0      2      2      1      3      1      0      5      0      0      7      3      0      2      0      2      0      2      1      0
41540  19     000002 000129 5.000e-01      0      1      0      3      3      0      1      3      2      1      1      0      4      1      2      3      1      1      1      1      3      0      0      1      3      0      1      2      2      0      5      0      0      0      2      0      2      3      0      1      3      1      1      1      7      0      1      4      4      1      1      1      1      0      0      1      1      1      1      2      1      1      0      3      1      0      2      1      2      1      1      0      1      0      1      1      1      0      0      1      0      1      1      0      4      0      0      2      1      3      1      0      0      4      3      1      1      2      1      0
31     0      000021 001299 5.000e-01     13      7     16     17     37     16      4     10      3      2      3     18     15      6      7      1     27      4     17     34     16     35     87     11     22     20     20     50     17      4      1      0      7      5     13     13     27     15     14      9     11     19      7      6     13     25      7      2     13     27      4     14      5      1     22      4     19      8     12     10     21     10     16      7     23      7     23      0      3      2     11      4      3      7      6      1      4      5     30      9      4      7     14     25     20     25     37      3      0      4     29      1      6      3      4      8     17     16     10      2
804    31     000006 000377 5.000e-01      8      4      0      2      4      3      0      9      6      1      1      1      4      2     10      0      0      7      9      4     10     23      1      1      5      1     11      1      0      0      0     10      5      3      1      3      6      4      1      7      2      3      0      0      2      2      8      3      6      2      4      0      0      0      1      2      0      5      5      8      2      1      3      2      6      0      1      8      1      3      1      2      2     21     13     11      2      3      7      3      2      0      1     14      0      1     10      3      3      4      2      3      3      4      5      0      0      2      3      4
41534  31     000003 000182 5.000e-01      1      2      0      1      3      1      2      1      2      2      1      1      8      0      0      1      1      3      0      1      1      5     10      1      2      0      0      3      3      1      1      0      0      2      4      5      2      0      4      0      2      1      2      0      2      0      0      2      1      2      5      1      0      2      1      1      2      0      1      0      4      2      4      2      0      0      1      3      2      1      2      2      5      6      2      2      8      6      1      0      1      0      0      1      3      0      0      0      6      1      2      2      0      1      2      0      2      1      1      6
41492  31     000004 000173 5.000e-01      3      3      1      1      0      0      2      2      0      1      8      1      2      0      0      2      0      2      0      2      1      0      0      4      3      0      0      0      6      2      1      1      5      3      0      4      0      0      1      1      5      3      0      0      0      0      0      5      0      2      2      1      1      4      3      3      0      3      2      1      0      1      0      2      0      2      1      2      0     10      2      3      0      0      3      0      0      2      0      0      0      2      6      2      2      4      0      8      0      4      3      1      2      0      2      1      0      6      5      0
41432  31     000004 000280 5.000e-01      6      4      6     10      3      1      0      5      3      3      5      0      2      5      3      3      0      0      0      0      1      2      2      1      4      6      7      1      2      0      2      3     12      4      4      2      1      3      3      2      1      3      0      0      0      2      5      0      2      4      5      0      1      2      0      7      1      4      7      3      8      4     10      3      0      3      2      3      3      3      2      1      0     10      3      4      2      6      0      0      1      4      4      0      1      2      2      3      0      0      0      3      1      3      0      0      9      7      3      2
41529  31     000003 000198 5.000e-01      0      3      0      1      2      5      2      3      1      1      1      0      0      0      6      1      2      4      0      2      2     13      2      2      1      0      1      3      1      2      6      1      0      1      0      2      1      4      4      2      1      4      0      4      1      5      1      3      4      1      1      0      4      1      1      1      2      0      0      2      4      3      2      0      5      3      6      5      0      1      1      2      0      5      5      3      0      1      3      1      6      0      2      0      0      0      3      2      0      4      6      3      0      0      2      0      1      0      0      1
41542  31     000001 000073 5.000e-01      0      0      0      0      0      1      0      0      1      0      3      0      2      1      2      1      0      0      3      1      0      1      1      2      1      0      3      0      0      6      0      0      1      0      1      0      1      0      0      1      0      0      0      2      2      2      0      1      1      2      0      0      0      0      0      1      0      0      0      0      0      0      1      1      0      0      3      0      0      0      1      0      0      0      0      0      1      3      4      3      0      0      0      0      0      1      3      0      1      0      0      2      0      2      0      0      1      1      1      0
