SCORE -1.38625583375069e+05
ITER 2000
ETA        1.50000000000000e+00 1.50000000000000e+00 1.50000000000000e+00
GAMMA      5.00000000000000e-01 5.00000000000000e-01
GEM_MEAN 5.00000000000000e-01
GEM_SCALE 1.00000000000000e+02
SCALING_SHAPE 1.00000000000000e+00
SCALING_SCALE 5.00000000000000e-01
ID     PARENT NDOCS  NWORDS  SCALE     WD_CNT
0      -1     000100 012501 5.000e-01    195     43    261    152     35     18    138      1     82     19    139    124    260     61    169     49     22    197     40    189    198    222     88    320    106     67     18     96      3     89    291     80     73     10    231    110    205    171     16     20     29     96     41     75     71    155    428    176    204    111     91     44    209    127     49     62    107     60     24    196    167    105    286      9    204    140    154     65     24    204    232    304     21     30    202    390    161    161    106    233    107    151     57    143     53    191     47    248    481     44     15     67    103    157     56     41    164     11     57    147
1      0      000015 000943 5.000e-01      1     21      7     11      3      1     20     17      1      7     13      5      4      5      2     12      3     12      1      7     12     25     15     13      5     11      1      8      7      1      0     10      7      3      6     10      1      1      7      8      1      4     30     23      2      3      7     13     24      1      9     16     19     19      1     10      2      2      7     26      6     11      8      5      9      8      5      9      8     25     13      7     18      6     14     11     15      4      2      4     21      6     17      4      9      7     19     14      9     22      6      4     18     28      4     12      2      2      9     19
11646  1      000003 000199 5.000e-01      5      2      3      2      0      2      1      2      3      3      4      4      2      0      5      0      0      1      4      0      2      5      0      2      0      3      1      0      3      1      9      0      0      2      1      6      1      0      2      0      1      6      2      4      1      3      3      6      5      2      2      0      0      3      0      2      0      1      0      0      1      1      5      1      2      1      0      5      4      2      0      4      0      1      2      2      1      1      0      2      2      7      1      3      0      1      3      1      2      2      2      3      4      0      3      4      1      1      0      2
5867   1      000008 000437 5.000e-01      1      5      3      4      0      2      3      0     14      0      3      1      6      5      8      8      2      0     11      1      0      6      9      0      2      1      7      2      3      0      0      3      7      0      0      0     11      2      1      0      8      0      0      2      3      7     10      7      3      2     15      1      8      8      6      1      1      2     18      1      0      4      1      5      2     13      7      5      5      5      5     12      4      2     11      3      2      9      4      1      7      1      0      1      5      8      2      2      0      8      2     11      3      5      5     20     11      3      5      4
11593  1      000003 000207 5.000e-01      0      3      0      0      1      0      2      0      0      1      1      5      2      1      5      6      3      3      1      0      1      0      0      6      0      1      1      3      4      1      3      4      2      1      2      1      4      2      0      1      0      0      3      0     10      1      1      5      1      5      3      4      2      0      1      3      2      3      1      6      3      0      1      1      3      0      8      1      6      4      0      0      0      0      2      2      2      0      0      1      1      2      3     11      0      0      0      1      2      5      2      4      9      2      2      0      0      6      0      1
11686  1      000001 000092 5.000e-01      3      2      0      0      0      0      1      3      1      0      1      0      1      2      0      1      0      2      1      2      1      0      0      1      0      1      2      0      0      2      0      1      1      1      0      1      1      0      1      0      0      1      1      0      0      0      0      0      0      0      1      1      2      1      1      0      2      2      0      0      0      2      0      1      2      3      4      3      2      0      4      0      0      0      0      0      1      0      0      0      0      3      2      0      1      2      1      1      1      1      1      1      1      0      4      1      1      1      3      0
7      0      000043 002648 5.000e-01     12      7     28      9     11     14     32     27     53      9     25     34     35     24     45     64     10     20      5     19     19     69     13     19      2      8     20      8     13     12     23      3     14     15     34     52     29     11     21     17      8      9     28     53     22     14     28      6     41      7     89     29      6     40     42     12      2     25     65     59      7     45     73     17     10     34     48     59     79     17     21      7     61     13      4      2     14     16     17     12     25     75     19     74     29     23      2     30      6     32      5      6     15     78     25     52     72      1     31     22
284    7      000039 002263 5.000e-01      5     48     26      8      6      2     20     17     46     17      5      6     35     27      2     26     36     16     32      3     10     44     11     45     25     13     17     26     11     52     15     45     58     26      1      8     34     45     13     17     13     31     57      5     33     47      9      5     44     13     25     27     19      7     13     18     15      8     22     12     48      9      4     23     59      9     12     22     36     62     13      0     12     15     62      8     54     29     20     15     17      7     21      8     21     18     16     22      4     47     30     32     25      4      2     31      4     40     58     22
11416  7      000004 000241 5.000e-01      1      2      0      4      1      1      4      0      2      1      2      3      4      1      4      2      1      0      2      1      2      5      4      1     10      3      5      1      0      4      2      2      7      6      1      2      1      2      0      9      4      5      1      1      0      2      4      1      2      2      5      3      1      4      4      1      8      4     11      7      1      1      3      6      0      5      0      4      0      1      3      1      1      1      1      0      1      3      2      5      5      4      0      0      0      1      0      0      5      3      2      1      0      0      0      3      1      1      1      2
19     0      000013 000770 5.000e-01     12     27      1      8      2      1     30      3     45      2      6     13      7      1      5     14      1     12      6      6      0     16      1     11      3      6      2      4      3      2      4      5      6     14      1      0      1      9      6      9      8     17      6      5      0      6      1      9      6      0     33     12     14      8      5      5      2     14      6     11      4      0      4      6      7      6      9      7     28     11      2      4     24      9      1      2      0      3      3      7      8      2      4      2      6     32      3      8     11     10     11      2      2      4      3      7      4     12     12     17
20     19     000012 000767 5.000e-01      3      1      7     11      4      2      1      7      7      6      8      1      4      8     17     20      2      6      0      0      7     15     14      5      0      4      6      3      5     25      1     28      5      1      5      4      6     11      4      0      0      1     26      9     15     10      6     20      6      2     12      5      1      3      2     10      2      2      0      1      6     17      2      8     12      6      9      2     18      1      5     18     14      5      7      2     18     12      4      4     12     17      2     11     10      1     11      4      4      8      2      6     26     21      4     34      8      0      9     10
11687  19     000001 000092 5.000e-01      1      0      0      1      0      0      3      0      0      0      0      0      2      1      1      0      1      1      0      0      2      0      1      0      1      1      0      1      2      0      0      0      2      1      3      2      5      0      0      1      0      0      1      1      2      0      1      0      0      1      1      2      0      1      1      0      3      0      0      1      0      1      2      0      0      1      0      3      0      1      1      3      1      1      1      1      1      4      1      1      4      2      1      0      0      1      1      2      1      0      2      1      0      2      1      0      0      2      1      0
31     0      000017 001123 5.000e-01     16     15      3     22     21      7      5     22     12      0      8     17     28      2      1      3     24     14      8     21     19     16     63      9     19     21     10     27     21     18      1      8     10      3      4     15     19      6      6     23     21     12      4      0     21     15     18      2      7     10     20      6      1      3     15     18     10      2     12      5      1      2      2     13      8     16      3     26      2      1      5      2      9     26     21      7      8      3     28      3      3      7     13     18     11     19      6      1      1     10     16      6      2     10      2      4      8     11     13      7
804    31     000010 000649 5.000e-01      1     11      2      0      9      3      4      1      4      3      0     17      0      3      9      2      4      0      6     13      6     59     12      2      4      0     13      6      3      0      2     10      6     10      3      5      9      1      2      4      4     10      3      4      5      7      0      8      0      2      6      5      0      6      9      8      5      2      7      4      8     10     10      3     18      8     10      8      1     11      1     15      3     15     15      6      1      4     11      4      2      6      8     18     10      5     27      4      6      3     13      6      4      1      8      7      4      6      4      1
10826  31     000004 000278 5.000e-01      0      1      1      4      5      1      6      1      0      1      6     11      8      2      6      1      1      4      8      1      2      0      9      2      7      9      3      0      2      7      1      1      1      6      0      0      2      0     11      1      2      3      3      0      4      2      1      3      1      4      2      3      0      2      0      1      1      3      0      2      5      1      4      6      3      2      3      1      0      1      3      0      1      2      2      1      3      2      0      2      4      0      4      3      8      5     12      0      0      3      6      2      1      2      6      3      1      6      1      0
11629  31     000003 000196 5.000e-01      1      0      0      2      2      2      3      1      2      3      2      0      1      1      3      1      0      1      6      0      0      3      1      1      0      3      0      9      2      3      2      0      1      1      7      6      4      0      2      1      0      1      1      0      2      3      2      0      5      2      1      6      3      0      4      1      7      0      2      1      1      0      2      5      2      0      6      0      2      4      1      1      5      3      1      1      5      0      0      2      3      0      0      3      3      3      0      3      1      2      1      2      1      0      2      1      3      4      3      2
9268   0      000006 000376 5.000e-01      4      0      4      2      9      2      2      0      1      2      4      2      0     12      0      1      8      2      5      7      2     13      6      1      1      3     14     12      4      0      2      4      7      5      9      1      5      0     11      5      0      3      2      1      1     11      7      7      2      4      3      0      2      2      0      3      0      1      6      3      0      5      0      3      0     11      0      2     11      0      2      7      7      7      3      5      3      2      2      1      2      7     10      8      1      0      9      3      0      1      6      6      5      2      4      0      0      8      2      1
11319  9268   000003 000218 5.000e-01      2      0      0      0      4      8      1      2      0      0      1      3      2      2      2      4      1      0      3      1      2      0      3      0      2      3      0      1      2      5      0      0      0      1      3      1      3      2     13      1      6      3      2      3      4      0      1      2      4      4      1      4      3      5      9      3      4      0      4      3      1      0      0      1      4      0      2      0      0      1      0      3      4      1      1      2      0      1      6      1      3      1      0      0      4      0      1      0      4      2      2      3      1      2      0     15      2      0      5      2
11305  9268   000002 000136 5.000e-01      3      0      2      3      1      3      0      4      1      0      3      0      0      1      1      1      1      0      0      0      5      3      2      0      3      1      4      3      1      2      0      0      3      0      1      0      0      1      0      0      1      1      0      0      1      1      0      3      4      4      0      3      0      0      4      0      1      2      1      1      7      1      5      1      6      1      0      1      1      0      1      0      0      1      3      1      0      2      0      2      0      3      1      1      0      0      0      0      0      0      0      4      0      3      2      2      0      4      0      3
11690  9268   000001 000082 5.000e-01      2      3      0      0      0      4      0      0      2      0      1      1      2      2      1      0      2      0      0      3      0      1      1      1      0      0      0      0      0      2      0      1      0      0      0      0      0      0      0      1      0      0      2      0      1      1      0      1      1      0      4      1      0      0      0      0      2      1      0      0      2      3      1      0      1      1      0      1      2      2      0      0      0      0      3      0      0      0      0      1      0      1      0      0      0      2      0      3      0      1      0      3      1      2      1      5      1      0      0      1
11495  0      000005 000317 5.000e-01      4      7     11      2      2      0      2      3      6      0      8      7      0      3      0      5     11      3      1      2      0      0      4      8      3      5      7      2      2      3      3      1      5      0      1      2      2      4      1      0      1     12      2      1      3      0      2      4      6      6      1      1      3      8      9      3      4      1      0      1      4      6      1      3      9      8      1      2      3      3      0      0      0      0      3      3      7      3      4      1      2      2      2      4      6      2      2      5      3      1      4      0      0      1      7      1      1     11      3      1
11679  11495  000002 000140 5.000e-01      1      0      1      0      0      0      0      1      0      1      0      0      6      2      0      1      2      1      3      1      0      1      1      2      0      0      1      3      2      2      1      0      0      1      4      0      0      0      1      3      1      0      1      1      1      5      3      7      2      0      2      0      2      0      0      1      2      4      1      1      0      0      0      1      3      1      0      0      2      1      0      4      2      0      1      1      5      3      0      0      4      3      1      7      0      1      1      2      2      1      0      0      3      5      0      6      1      0      2      1
11667  11495  000002 000115 5.000e-01      0      1      0      3      0      2      0      3      0      0      4      1      1      2      4      0      1      1      1      0      3      3      4      0      1      2      0      2      3      1      0      1      0      1      5      2      0      0      1      0      3      1      0      0      0      3      1      1      1      4      0      0      1      0      1      3      0      3      5      0      1      1      1      1      0      2      1      0      1      5      1      1      0      0      0      1      1      0      0      1      1      1      2      0      0      1      0      1      3      1      1      0      0      3      0      0      1      2      0      0
11691  11495  000001 000074 5.000e-01      0      2      4      0      0      0      0      0      0      0      0      0      1      0      1      1      0      0      0      0      3      1      1      0      1      0      0      1      4      0      0      1      1      0      0      1      1      0      1      2      0      0      2      1      0      2      0      1      0      1      2      0      0      3      1      0      1      0      2      0      1      0      1      0      0      1      0      0      0      0      0      0      0      1      1      0      1      0      0      0      3      0      5      0      3      1      1      2      0      3      0      1      0      1      0      0      1      0      3      1
11688  0      000001 000060 5.000e-01      1      0      0      0      0      0      0      1      0      0      0      0      1      0      2      0      0      0      0      1      2      1      0      0      0      1      0      0      0      0      0      4      0      1      0      2      1      0      0      0      0      0      0      1      0      0      1      0      0      1      2      1      2      1      0      1      1      1      0      2      1      1      1      0      0      2      1      0      0      2      0      0      0      0      2      2      2      0      0      0      1      1      0      1      0      0      1      0      0      1      0      0      0      0      0      2      2      4      0      1
11689  11688  000001 000076 5.000e-01      2      2      2      0      2      0      0      0      0      2      0      0      2      0      0      0      0      3      0      0      2      0      0      3      1      1      2      1      1      0      1      0      0      1      1      1      1      1      1      1      1      0      0      0      1      0      1      1      1      0      0      1      0      2      0      1      1      0      1      0      0      2      0      0      2      2      0      1      1      4      5      3      0      0      0      1      1      0      0      0      0      0      1      0      0      0      0      0      1      1      0      1      0      0      0      0      1      1      3      0
