SCORE -1.39009286282198e+05
ITER 5000
ETA        1.50000000000000e+00 1.50000000000000e+00 1.50000000000000e+00
GAMMA      5.00000000000000e-01 5.00000000000000e-01
GEM_MEAN 5.00000000000000e-01
GEM_SCALE 1.00000000000000e+02
SCALING_SHAPE 1.00000000000000e+00
SCALING_SCALE 5.00000000000000e-01
ID     PARENT NDOCS  NWORDS  SCALE     WD_CNT
0      -1     000100 012448 5.000e-01     94    115    162     93     25      5     37     30     52     22    113    109    289     84    164     78     22    124     53    180    208    346    140    271     94     40     39    113      2    111    254    118     53     54    211    127    233    102      9      4     71    127     71     39     90    222    418    172    263     59     53     75    154     84    102     68    102     71     59    189    177     55    209     53    286    173    138    133     24    257    210    221     50     59    246    340    163    114     48    136     97    188     86    145    107    184     68    228    378     38     18     99    119    245     40     61    188     37     39    122
26761  0      000002 000160 5.000e-01      1      0      1      1      0      8      1      1      0      1      4      2      2      2      0      1      2      1      0      0      2      0      0      1      0      4      1      1      1      2      0      2      2      2      2      2      0      0      8      2      1      0      0      3      2      2      3      4      2      0      2      0      1      3      1      0      2      0      1      2      0      1      0      0      1      0      2      1      1      2      1      4      5      3      0     10      0      0      2      5      2      0      2      0      0      0      2      2      1      1      4      2      2      2      1      8      1      1      1      1
27419  26761  000002 000151 5.000e-01      1      2      1      0      7      1      1      0      1      0      0      0      0      2      1      2      2      0      3      0      0      2      3      0      1      0      3      0      3      3      0      0      2      1      0      0      2      0      9      1      1      2      0      5      0      2      0      2      4      5      2      1      2      3      1      1      1      1      3      5      2      0      0      2      1      2      0      0      2      0      0      3      0      0      0      1      1      1      4      0      2      2      3      0      4      0      6      1      0      2      1      1      2      1      0      2      2      2      3      3
7      0      000048 002943 5.000e-01     47     12    108     30      4      7     22     27     46     21     51     17     37     10      4     62      7     61      6     22      8     30      6     78     35     19      6      4     24     58     17     17     47      0     31     13     35     38      9     37      6     33     23     25     12     23     37      6     23     15    105      3     45     26     22     15     19      4     49     13     34     58     97     22     10     41     31     25     89     20     17     39     36      9      4     44     79     10     33     68     57     59      8     64     22     33     17     21      2     42     26     12      8     29     10     44     30     16     40     20
284    7      000046 002836 5.000e-01     23     19     11     19     12     11    106     10     79      6      3     38     20     36     46     23     44     17     33     10     21     13      5      7     10     19     23     23      5      9     51     12     46     26     25     55     12     46     33     20      7     16     63     55     28     10      2     26     31     31     33     38     29     61     14     33     28     34     43     76     12     43     28      7     36      1     37     30     34     24      9     22     30      7     39      9     16     69     44      4      2      9     23     38      4     23      0     75     94     44      9     16     51     10     25     48     37     15     64     63
27549  7      000002 000160 5.000e-01      2      0      3      0      5      2      3      0      5      0      1      1      0      2      1      3      4      3      0      1      0      1      2      2      2      0      1      4      7      0      2      0      1      0      0      2      0      1      3      1      0      1      0      2      1      0      6      2      3      4      1      0      1      3      6      1      1      0      1      1      1      4      3      0      3      0      2      0      1      2      1      2      0      2      1      0      0      2      0      2      2      0      5      1      4      1      0      3      1      1      2      1      1      1      2      3      1      5      1      0
19     0      000029 001755 5.000e-01     29     26     11     24      3      0     36      2     40      4     17     14      6      6     20     13     12     34      3     11     18      5      8     58      2     19     10     14     22     15      2     24      9     12     13     12     15     41     13     13      3      5     54     23     28      3     31      5     18     24     48     28     11     36      4      5      3      3      2     24     15     28     17     10      1      3     24     11     41     40      0     68     18      8     21     19     16     30      0     22     26     11      9      8     14     15     18      5     29     46     13     10     16      8      9     61     11     11     40      9
23328  19     000024 001517 5.000e-01     31      3     27     33     11     11     38     17     42     10     22     20     25     11     28     28      1     23      7      9      5     28     14      8      6     17      8      6      2      3     15     18     18      1      9      9     24     15      6     13      5      0      2     19      5      6      6     49      4      7     51      4     28      7      1     13      9     10     10     23      8     17     20      2      1     20     23      5     33      4     49      5     38     12      9      2     14     10     28     29     26     16     13     18      4     23      8     17     18     19      7     11     15     24     18     13     10      6      6     35
27460  19     000003 000235 5.000e-01      2      1      3      2      2      1      4      3      3      3      5      2      2      3      1      1      3      2      4      1      3      1      0      5      4      4      1      4      0      5      0      4      1      1      4      4      2      0      0      4      1      2      0      3      0      7      2      0      1      0      0      6      1      0      4      0      7      2      0      1      2      1      0      2      1      3      4      2      1      5     10      2      0      1      4      2      2      1      1      5      3      4      3      2      1      4      4      2      2      3      5      1      3      2      8      1      1      3      1      1
27552  19     000001 000051 5.000e-01      0      1      2      0      2      0      0      0      0      2      0      0      0      0      0      0      0      2      0      1      1      1      1      0      1      2      1      0      0      0      0      3      1      0      0      0      0      0      0      0      1      0      0      1      0      0      0      0      0      1      1      2      1      0      0      1      0      1      0      0      0      0      1      0      1      0      0      2      0      1      2      0      0      1      1      0      0      0      0      0      1      0      1      0      0      0      1      1      0      0      1      1      1      0      0      0      0      3      2      0
27557  19     000001 000053 5.000e-01      1      0      0      0      0      0      2      0      0      0      0      1      0      1      1      1      2      1      0      1      0      1      1      0      0      1      2      0      1      0      1      2      0      0      1      0      3      0      0      0      0      0      0      1      0      0      0      0      1      0      0      1      3      0      0      1      1      0      0      0      1      0      1      1      1      0      0      0      0      0      0      1      0      0      1      0      0      1      0      0      0      0      0      1      0      0      0      0      0      0      0      1      0      2      1      2      0      2      3      2
31     0      000020 001316 5.000e-01     40     12     17     25     30     18      9     16      9      2     17     34     17      3     22      9     32     23     15      2     11     45     48     13     26     15     27     42     25      7      1      5     24      9     21      2      6      6     22     18     13     24      0      9      3     13      6      6      7     28     22      8     10     23     11      5      1      9     19      2     11     13     23      9      8     13      3      6      0      3      1     13      2     28     27     16      2      4      5      7      7      2     12     20     12      6     11      0     17      6     12      1      0      8      2      4      4     30     18      6
804    31     000014 000862 5.000e-01      2      5     11     14     12      8      8      2      2      1      0     14     12      1      3      1      3      0     15     37     17     29     25      0      5     19      5      1      3     12     13      4      5      2      1      3     11     15      3     10      2      1      2      4     27      0     12      8      7      5      9      7      7      5      9     16      6      6      2      1      6      3     11      4     13     15     15     11      4      8     11     12      4      5      4      7      2     14     40     18      8     10      5     15      6     31     29      0      1      6     29      5      3      1     22      1      6      0      5      2
25553  31     000003 000198 5.000e-01      2      7      6      4      1      1      1      2      0      1     10      1      1      7      1      0      0      4      2      2      4      1      0      2      5      0      0      1      3      3      3      0      5      0      0      1      0      2      0      0      0      2      0      1      0      6      6      5      2      7      0      0      5      1      0      2      0      1      3      0      6      3      3      3      0      6      1      0      1      0      1      0      0      0      4      2      8      1      0      3      2      5      1      5      0      1      0      2      3      0      2      2      1      0      3      1      1      3      0      0
27548  31     000002 000113 5.000e-01      0      0      2      1      0      0      5      2      0      1      1      1      0      0      0      0      1      2      2      0      1      2      4      0      2      3      6      1      0      0      0      1      1      0      2      0      1      1      0      0      1      2      0      0      3      3      1      1      2      0      1      1      0      0      0      0      1      0      2      3      0      0      2      2      3      1      0      0      5      0      1      4      1      1      1      2      1      1      2      3      1      2      1      0      0      1      0      0      1      1      0      7      1      0      0      1      1      1      1      0
27556  31     000001 000085 5.000e-01      0      0      0      0      2      0      3      2      0      1      0      1      1      0      0      0      0      2      0      1      1      0      4      2      1      3      1      1      1      2      1      2      1      2      1      2      0      0      5      0      0      1      2      0      1      1      4      2      1      0      1      0      0      0      0      2      1      1      1      1      0      1      1      0      0      2      1      1      0      0      2      0      0      0      1      0      0      1      2      0      0      1      2      1      0      1      0      0      0      2      0      2      0      0      0      1      0      1      0      0
27554  0      000001 000060 5.000e-01      1      0      0      1      1      2      0      1      2      0      0      0      0      0      1      0      0      0      1      0      0      2      2      5      1      1      0      4      1      0      0      0      0      0      1      0      2      1      0      0      0      0      0      0      0      0      0      0      1      0      1      0      0      1      1      4      1      0      0      2      0      0      0      2      0      1      1      0      0      1      2      0      0      3      0      0      1      1      1      0      1      0      0      1      1      0      0      0      0      1      0      0      1      0      0      0      0      0      0      1
27555  27554  000001 000057 5.000e-01      0      0      1      1      1      0      2      1      1      2      0      0      2      0      0      0      1      0      0      0      0      1      0      0      1      2      0      0      1      2      1      0      0      0      1      0      0      1      1      1      0      0      1      0      3      0      1      0      0      2      0      1      0      0      1      0      2      0      0      0      0      1      1      0      0      0      1      0      0      1      1      0      3      0      0      0      2      2      0      1      0      0      0      1      1      1      1      0      0      0      0      0      0      0      0      0      1      1      1      2
