SCORE -1.38841545992321e+05
ITER 1000
ETA        1.50000000000000e+00 1.50000000000000e+00 1.50000000000000e+00
GAMMA      5.00000000000000e-01 5.00000000000000e-01
GEM_MEAN 5.00000000000000e-01
GEM_SCALE 1.00000000000000e+02
SCALING_SHAPE 1.00000000000000e+00
SCALING_SCALE 5.00000000000000e-01
ID     PARENT NDOCS  NWORDS  SCALE     WD_CNT
0      -1     000100 012443 5.000e-01    113     68    240    166     14      8     77     21     94     11    158    123    263     40    144     68     29    121     37    191    204    316    102    335     40     45     22    108      7     97    228     80     73     30    229    110    256    152     13     14     16    123      6     36     95    164    432    183    258     84    206    100    199    167     27     68     75     14     45    232    144    129    290     19    170    188    159     99     10    244    195    258     43     26    230    344    164    165     53     98    101    196     30    127     57    189     26    211    456     33     45     52    124    208     52     97    171     35     59    169
1      0      000016 000980 5.000e-01     22     19      6      4      6      2     11     13     10      9      5      3      8     13     17      7      1     17      9      3      0      9      7     23      9     18      9     14      9      0     16     19     12      6      3     10     17      4      4      8      1      2      7     14      4      5      8     11     16      7      1      5      2      7     14      3      5      9      9     10      5      2      3     11     19      0      5      6     20     24     25      4     13      5     11      3      3     12      4     13     11      8     16     20      7     23     18     16      7     34      1     15     18     28      8     11     14      0     12      3
5323   1      000006 000380 5.000e-01      8     11      0      3      2      1      4      3      0      3      7      5      8      5      2     13      2      6      1      2      2      4      2     14      4      1      1      2      0     14      4      6      5      0      2      5      0      1      3      1      3      0     26      9      5      8      0      2      1      0      1      1      6      3      0      8      3      6      1      0      0      8      0      5      6      2      7      9      5      5      0      3      2      0      1      2      4      3      1     12      3      5      7      1      4      2      1      6      2      7      1      5      4      2      2      2      0      4      6      1
5867   1      000006 000343 5.000e-01      0      5      5      8      1      0      7      1      5      2      7      0      8      1      8      6      1      4      5      2      0      1      3      0      0      5      3      0      2      0      5      2      3      0      6      1      2      8      0      0      5      1      8     11      2      0      2      2      0      3      3      8      6      9      4      1      5      0      8      5      2      4      7      0      1      8      0      2      1      3      5     14      7      1      6      2      3      0      0     11      5      0      7      0      2      6      2     10      3      1      4      8      1      0      1     10      5      0      0      1
6388   1      000002 000142 5.000e-01      1      1      2      0      3      0      0      0      0      0      0      1      1      0      1      1      0      5      0      3      2      1      1      1      3      2      0      0      3      2      0      2      6      3      1      1      0      0      1      0      3      1      0      2      2      0      1      4      1      0      3      0      3      1      0      3      1      0      6      0      1      7      0      2      1      0      0      3      2      3      2      0      1      1      1      0      3      2      1      0      1      0      0      2      0      0      0      0      3      1      1      3      1      0      0      5      2      7      3      4
6735   1      000001 000066 5.000e-01      0      0      0      1      0      0      1      0      0      1      2      0      0      0      0      1      0      0      1      1      0      1      0      0      0      0      0      1      1      1      0      0      0      0      1      3      1      1      0      4      0      2      1      0      0      0      0      0      1      0      3      3      1      0      2      1      3      0      0      1      1      1      0      1      0      1      1      0      1      1      0      0      0      0      2      0      1      0      0      0      5      0      0      2      1      1      1      0      0      1      1      1      0      0      1      0      1      1      0      0
6736   1      000001 000064 5.000e-01      1      0      0      0      0      1      0      0      2      0      0      0      0      0      1      3      0      0      1      0      3      0      0      0      1      0      0      0      1      1      3      0      0      0      1      0      1      0      0      1      1      1      1      0      1      0      2      1      1      1      1      0      1      1      0      0      0      0      0      0      0      3      1      1      0      0      0      1      1      3      2      1      0      1      1      0      0      0      0      0      0      0      3      0      1      0      1      2      0      1      2      0      2      0      0      1      0      0      0      3
7      0      000037 002299 5.000e-01     40     14     34      2     15      2     37      5     73      0      8     14     18     34      6     53     22     49      1      8     16     32      2     29     10      4     17      1     15     21     49     22     47     21      2     32      8     12      7     35      9     21     68     21      4     44     27      4     24     23     33      4     15     13     32     28     24     14     35      9     44     19     43      9     34     12      4     40     86     33     26      6     38      2     11     20     61     15     41     60     13     17     22     48     44     16     12     23      0     59     16     29     13     17      4     17     22     19     23     12
284    7      000033 001940 5.000e-01      6     17     23      2      5      9     45     21      9     23      5     32     35     27     36      6     20     11     19     11     11     40      9      2     29     25     14     22      3     30     17     24     14      8     28     16      8     40     22      6     16     15     21     39     25      0      8     16     29      4     16     17     20      0     23      3     14     36     29     41      5     15     17     21     40      3     43     23     19      6     12     29     19     28     42     10     16     17     10     12     35     17     17     20      3     14     16     48     21     20      2      0     22     24     19     39     30      9     62     33
6717   7      000002 000186 5.000e-01      2      0      2      1      4      5      1      1      0      1      2      3      2      0      4      7      0      0      1      0      0      0      0      0      9      1      2      4      3      0      0      1      2      4      0      2      0      3      0      8      2      0      1      3      0      0      0      6      2      0      3      1      1      1      5      4      5      1      8      1      3      0      1      1      2      1      2      2      0      6      2      1      1      3      0      3      1      4      4      2      0      4      0      1      4      0      0      0      0      3      1      0      0      2      4      6      0      0      2      1
6580   7      000002 000106 5.000e-01      2      0      1      0      1      0      0      1      4      0      1      0      0      0      2      2      3      0      1      0      0      1      4      1      5      0      0      2      5      2      1      0      0      0      0      1      0      1      3      0      1      0      1      0      0      2      0      0      0      1      0      2      1      0      5      0      4      1      0      0      0      2      2      1      4      1      1      0      0      0      1      0      0      1      0      1      2      3      0      2      3      0      5      3      0      0      0      0      2      1      0      2      1      0      0      0      0      3      3      0
19     0      000015 000965 5.000e-01      3      9      8     14      6      0     40      7     37      5     12     19      8      4     14      9      5     26      5      6     12      5      8     16     10      0      6      0      2     20     12     12     12      2     16      8      7      5     11      7      0      2     29      8      8      7      7      8      2      3     16      2      6     17      6      1     10     19      1      5      8      0      6      3     17      8      7      3     28      2     18     29     24      9     10      6      3      5     10     19     16     12     10     13     10      4     20     15     17      5      6      5      5      6      5      9      6      5     10      6
20     19     000008 000491 5.000e-01     13      0      1      3      2      2      0      2     15      1      5      1      8      2     11     11      0      3      4      1      0      4     11      2      2      5      3      3      2      8      6      3      2      4      2      0      3     16      0      2      3      3      3     11      3      0      1     12      4      1     10      5      5      1      2      5      0      0      2      4      1      3      7      5      6      1     10      1     13      9      1      7      8      6      0     10     13      3      7      5      8      2      6      6      2     15      4      0      8      9      0      8     14      5      5     21      4      3      7     10
6578   19     000003 000148 5.000e-01      0      3      0      1      1      1      1      3      1      2      0      0      1      5      0      0      2      3      1      4      2      0      0      1      0      3      0      0      5      0      0      1      0      0      0      2      0      3      1      0      5      3      0      3      5      4      0      0      2      1      0      1      0      0      1      1      0      3      0      4      2      3      1      3      5      1      0      2      1      0      2      2      1      2      0      2      2      7      0      1      0      2      5      0      0      2      0      2      5      1      1      1      1      2      1      4      1      2      1      0
6670   19     000004 000254 5.000e-01      2      9      0      7      2      1      4      0      4      1      4      0      1      3      2      4      1      2      0      1      6      0      3      4     11      2      6      1      1      2      0      1      0      3      3      8      4      1      2      1      2      2      4      2      1      3      3      1      3      2      0      3      3      0      3      2      5      4      1      6      6      0      6      0      3      2      0      0      5      0      2      5      0      0      5      6      0      2      3      7     11      1      0      1      2      5      0      2      0      0      1      3      2      0      2      2      6      2      2      3
31     0      000016 001136 5.000e-01     11     10     13      9      7      1     10     13      1      2      8      8     12      5     17      2     13     15     24      9     12     55     37      1      6     33      4      9      9     24      7     22     11      3      7      3      7     10     12      7      6     14      2      6     20     26      8      0     13      6      5      5      3     14     13      8     12     14      6      0      9     10     12     20      1     10     21      8      5     15     11     10      7     27     18     24      3      6     33     18      3     14     16     21      2     28     35      1      3     13     11     11      3      6     10      1      8     23      5      4
804    31     000016 001016 5.000e-01     31     11      6      4     31     21     13      6      2      7      4     25     29      6      1      3     12      9      5     12     11     17     42      9     28      4     19     28     17      0      0      1      4     15      5     18     15      0     10     19     22     12     17      4      6      8     12     10      0     13     11      9      5      0     23     17      5      2     10      4     22      1      0      0     31     13      2     17      2      1      2     14      5     15      3      1      5      3     14      9     10      1     10     26     31      7      9      2      0      1     23      2      4      2     12      3      5      1     12      5
4373   0      000003 000215 5.000e-01      1      4      1      0      1      9      2      1      1      0      1      1      2      5      1      6      4      2      2      4      4      1      0      0      0      3      4      2      1      2      0      1      1      1      4      1      1      1      6      5      2      2      4      2      2      2      3      6      0      0      1      0      1      2      1      0      3      0      7      1      4      3      1      0      5      1      1      2      9      0      1      5      4      1      0      1      0      2      3      3      1      1      7      1      0      0      4      4      0      1      3      1      1      0      0     15      2      0      3      0
6713   4373   000002 000134 5.000e-01      2      0      0      1      7      2      0      0      0      1      1      4      0      1      0      0      2      1      2      1      0      1      5      1      1      0      1      0      3      4      1      0      4      1      0      0      0      0     13      0      1      0      1      5      1      1      1      0      0      7      1      3      1      3      2      0      1      1      0      2      0      0      0      0      1      1      1      0      1      0      0      2      0      1      0      2      0      1      3      2      2      0      1      1      2      0      3      1      2      2      2      4      3      0      0      0      0      3      2      0
6738   4373   000001 000064 5.000e-01      2      1      0      1      1      1      0      0      2      0      0      0      0      3      0      0      1      0      0      4      0      0      1      0      0      2      1      2      0      0      0      2      0      0      0      0      0      0      1      1      0      0      1      0      0      1      0      0      0      1      0      0      0      0      0      0      2      2      0      1      0      0      0      0      1      0      0      0      0      2      1      0      2      1      2      0      1      0      0      3      0      0      0      1      0      1      0      2      0      2      0      3      0      1      1      2      1      1      1      1
53     0      000007 000462 5.000e-01      1      5      0      8      2      2     14      1      7      1      2      3      3      2      5      8      0      5     10      2      5      2      7      0      8      6      3      4      2      2      4      5      1      5      4      2      5      3      2      1      6      0      8      6      9      3      4     11      3      5      9      3      5      1      1      1      5      2      6     13      4     11      9      6      1      8     12      3      7      1      6      2      5      1      3      7      2      5      9      2      5     14      0      6      3      2      5      6      3     15      1      8      1     18      3      4      6      0      0      5
327    53     000005 000318 5.000e-01      0      7      8      2      0      0      4      6     13      5      0      1      5      1     13      6      3     10      2      1      1      7      4      9      1      1      1      0      1      0      4      3      4      3      1      3      5      0      3      2      2      5      3      3      3      6      7      1      1      0      5      1      6      4      4      2      0      0     10      0      2      4      1      6     12      2      2      3      9      3      1      0      7      0      3      4      1      1      4     10      1      0      4      1      2      4      1      1      1      0      4      2      1      3      2      0      4      3      4      2
6631   53     000001 000038 5.000e-01      0      0      2      0      0      0      0      1      0      0      0      1      0      0      0      0      0      0      0      0      2      0      0      0      0      1      0      0      0      0      3      0      1      0      0      0      1      1      0      0      0      1      2      0      1      2      0      0      0      0      0      0      0      0      0      1      0      1      1      0      0      0      0      0      2      1      0      1      1      2      0      0      0      0      0      0      1      0      1      0      0      1      0      2      0      0      1      1      0      0      0      1      0      0      0      0      1      0      0      0
6737   53     000001 000068 5.000e-01      1      0      0      3      1      1      2      0      0      1      1      1      1      0      2      3      1      1      0      0      0      0      0      0      0      2      0      0      0      0      0      3      0      0      0      0      0      1      0      0      0      0      1      0      0      0      2      0      2      4      1      0      2      0      0      2      0      0      0      1      2      0      0      0      0      0      2      1      2      0      1      0      0      0      0      0      0      0      0      2      1      1      1      2      1      0      1      2      0      1      1      0      0      2      2      0      0      2      1      0
147    0      000006 000379 5.000e-01      5      3      5      2      5      3      5      5      1      1      0      4      0      4      5      1     13      5      8      6      6      5      6      0      5      4     11      3      3      2      1      2      3      0      0      2      2      4      6      1      4      6      3      3      6      7      6      1      1     16      0      1      2      5      6      6      2      7      7      0      7      0      5      3      4     14      0      1      4      0      0      3      0      2     13      6     10      2      4     12      0      5      2      8      0      3      1      1     12      0      0      1      0      3      4      0      1      9      1      2
1796   147    000006 000363 5.000e-01      9      6      9      6      1      3      0      5      1      0     11      6      1      7      1      2      1      4      5      6      1      6      9      4     14      1      7     13      6      0      0      0     11      1      8      4      3      2      1      1      2      0      0      2      0      5      1      9      6      6      1      1      4      4      3      2      1      7      3      3      3      3      5      2      0      3      3      0      4      5      2      1      0      6      1      0      8      4      5      0      2      8      5      7      2      2      4      1      2      1      2      7      3      4      3      2      4      5      6      2
