SCORE -1.38750936427551e+05
ITER 10000
ETA        1.50000000000000e+00 1.50000000000000e+00 1.50000000000000e+00
GAMMA      5.00000000000000e-01 5.00000000000000e-01
GEM_MEAN 5.00000000000000e-01
GEM_SCALE 1.00000000000000e+02
SCALING_SHAPE 1.00000000000000e+00
SCALING_SCALE 5.00000000000000e-01
ID     PARENT NDOCS  NWORDS  SCALE     WD_CNT
0      -1     000100 012500 5.000e-01    167     46    248    150     31     12     75     42     86      3     57    134    255     41    159     68     16    194     68    121    207    330    113    316    118     64     17    115     28    148    136     44     59     58    221    131    221    174     32     23     31     95     29     77     81    161    435    184    292    121    207     12    138    164     93     99     81     45    105    170    169     97    316     15    196    176    117     97      9    247    181    280     23     15    185    273    173    171     44    221     37    220     74    118     44    239     18    186    393     63     23     98     20    225     39     93    163     49     92    153
50774  0      000002 000145 5.000e-01      0      0      2      1      1      4      1      0      0      1      3      3      0      0      1      0      0      0      2      0      2      0      2      1      0      1      2      0      2      1      1      3      3      0      0      1      4      0      8      1      3      2      0      1      1      3      4      2      3      3      0      1      0      0      1      0      0      0      2      1      2      0      0      0      6      0      3      1      2      0      1      1      0      2      2     10      1      0      2      2      2      0      2      0      3      0      2      3      1      1      3      0      3      2      0      6      0      2      2      0
51405  50774  000002 000183 5.000e-01      1      2      0      0      7      5      0      0      0      0      0      2      2      8      0      4      2      1      0      1      0      1      1      2      0      2      3      3      2      3      1      0      0      2      1      0      1      0      9      2      1      0      0      6      0      1      0      2      2      4      0      2      1      5      2      2      4      0      1      6      0      2      1      2      0      1      1      0      2      5      0      4      5      1      0      2      2      0      3      2      1      2      5      1      1      0      5      2      1      0      2      3      4      2      1      6      2      2      1      2
7      0      000045 002783 5.000e-01     33     54     15     17     14      9     75      8     70      3     44      3     20     24     31     20     16     18     18     51      7     55      5     13      0     32     14     12     18     20     26     62     54     13     25     29     23     13     24     19      6     37     40     40     19     27     31      4      5     13      9     61     87     29     20      9     28      5     28    100     19     14     38     13     42     10     37     48     82     35     39     20     27     21     37     15     75      6     40      2     22     13     14     16      9     11     29     91     64      2     11      3     84     33     32     10     24     24     35     31
284    7      000038 002300 5.000e-01     11      0     59      2      5      4     18     14     26     23     33     37     43     42     16     55     37     36      5      5     10     26      2     46     10      2     22      6      1     13     73     14     17      2     23      5     25     35      4     21     13     17     51     11     29     24      5     22     31      0     44      9      4     22     17     10     18     38     18     14     19     53     15     26     25     14     33     22     45      8     10      3     43     11     60     69      7     38     32      7     48     27     20     73     29      3      8      5      6     76     17     29      6     22      8     55     41      6     36     20
51221  7      000002 000114 5.000e-01      0      4      1      0      2      0      1      0      0      2      1      1      2      0      0      0      0      5      0      1      3      0      1      4      1      2      0      1      0      1      0      1      4      1      2      0      1      1      0      0      3      1      0      1      3      0      6      0      0      0      0      1      0      0      0      0      0      2      2      1      0      5      1      1      0      4      1      2      0      2      5      4      2      0      0      2      0      0      1      0      4      0      0      1      0      0      0      0      0      2      2      0      1      0      1      0      4      6      0      0
51365  7      000004 000236 5.000e-01      0      2      0      8      0      3      2      3      8      1      2      3      2      1      0      3      5      0      2      0      1      0      2      4      6      1      6      4      1      0      3      2      1      0      1      7      5      0      0      0      3      4      7      0      4      0      0      3      1      0      0      2      0      0      3      3      2      4      3      2      3      4      0      1      1      1      1      0      0      0      0      2      0      5      1      0      1      2      2      6     14      2      5      7      5      3      1      3      1      1      6      4      4      1      1      5      2      1      5      5
51415  7      000001 000067 5.000e-01      0      0      0      0      0      0      0      0      0      0      1      0      2      2      0      0      0      5      1      1      0      0      0      2      1      0      1      0      0      2      0      0      4      1      1      0      0      1      1      0      2      0      0      1      1      1      0      0      0      0      1      0      0      1      1      0      1      0      1      2      0      3      0      0      0      2      1      0      0      1      0      1      0      1      0      0      1      1      0      0      1      0      0      1      2      0      1      2      3      0      1      0      0      1      0      0      4      1      0      1
19     0      000029 001817 5.000e-01     14     41      7     18      2      0     30      7     27     19     24     19     18     22     22     30     10      5      4     23     24      6     14     53      8      4     14     17      9      7     65     34      7      5      2     24     23      5      4      7      8     16     28     20     20     25     13     25     13     16     33     18     16      0      3     13      4      2      4     14     30     18     10     21     12     27     17     16     56     18     36     19      9     26      6     33     12      4      9     30     41     22     17     12     29     13     39     37     35     21      5      9     57     34      6     30      6      2     21      7
23328  19     000022 001339 5.000e-01     17     12      8     19      6      2     32     12     42      5     33      5     23      2     38     19      0     11      7     11      5     21     31      0      2     15      8      0      6     16      6     18     20      9     14      3      5     17      8      9      5      5     29     11      4     17      4      9      1      3      8     34     24     11      1      1     17     18      4     19      0     10      6      2     36      1     36     10     12     25     18     20     51      2     33      3      7     26     18      3     37      2      0     19      4     27      7      4     15     27     12      4     18      2     14     28     21      0      5     32
50139  19     000004 000254 5.000e-01      0      8      2      2      3      2      1      2      1      7      6      1      2      3      0      2      5      0      0      2      2      2      1      2      2      2      0      3      0      4      4      1      1      0      1      3      1      3      1      1      1      1      9      7     11      2      2      4      3      0      0      1      3      4      2      1      1      5      1      4      2      4      0      2      9      0      7      2      8      4      2      3      4      0      2      9      0      1      0      0      0      9      7      6      2      2      0      2      2      2      2      2      1      0      2      2      5      2      1      1
51348  19     000003 000168 5.000e-01      1      0      0      1      1      0      7      1      6      0      3      2      0      4      1      2      0      0      4      1      1      1      1      0      2      1      0      3      1      1      6      1      0      2      0      0      0      2      0      4      5      4      3      1      0      0      1      0      6      2      5      4      0      0      1      0      4      0      2      0      0      1      2      8      0      2      3      3      0      1      2      2      2      1      4      1      0      0      0      1      0      0      0      2      7      5      0      2      2      1      5      3      1      1      3      0      0      0      2      3
31     0      000021 001301 5.000e-01     17     18      7     20     22      9     19      5      1      1     27     28     18      6      5      2     20      4     10     24     22     15     59      1     22     31     29     30      9      7     18     25     16      0      7     15     22      0     17     11     11     25     13      1     11      7     16     13      2      8     15     21     16      1      8     16      7     11     12      1     17      2     13      7     16     35     12      4      4      8      8      9     11     24     21     22      2      5     21     10      8      1     21     47      6      5     13      5      3      8     26      3      2      1     26      1      6     27      6      1
50059  31     000004 000260 5.000e-01      3      7      6      3      0      2      2      1      0      3      2      1      0      5      3      2      9      2      3      4      0      4      4      0      2      0      8      4      4      2      3      0      5      0     13      3      1      0      2      2      3      3      0      1      0     12      0      1      3      6      1      0      1      2      0      4      0      4      1      1      5      5      1      1      0      1      0      1      0      0      5      1      1      2      5      0     17      1      3      3      4      0      3      1      2      3      0      3      9      0      0      0      5      1      2      2      6      8      1      0
43730  31     000015 000941 5.000e-01      8      6      2      1     15     18     13     13      8      8      2     11     24      4     13      5      7     13     18     29     11     39     19      0      9      7      2     13      9      4     12      5     13     11      8      5      6     10      5     14     13      0      1      5     16     15      8     14      4      1      0      5      4     10     14      8      8      5      3      5      5      6      5     15     16      2     10     16      5     11      3     20      6     23      7      8      6      2     29      4     14      2      1     14     21     10     38      3      7      2     12      4     17      2      2      6      6      0     13      9
51411  31     000001 000075 5.000e-01      3      0      0      0      1      0      0      2      0      0      1      0      0      0      0      0      4      1      0      0      2      1      4      0      1      0      2      3      0      0      0      0      2      0      1      0      1      2      0      0      0      0      1      0      1      2      1      1      0      3      0      1      0      1      0      0      2      2      0      0      0      0      0      1      2      1      0      0      4      0      2      2      1      1      0      1      0      1      0      1      0      3      1      0      0      0      0      1      0      1      0      4      0      0      0      0      0      1      0      1
51414  31     000001 000077 5.000e-01      0      1      0      1      2      0      0      5      0      0      0      1      0      0      0      1      0      2      1      1      0      2      1      1      3      1      1      0      3      2      2      0      1      3      1      1      0      0      3      0      2      1      0      0      0      0      2      0      0      3      0      0      0      0      1      0      0      0      0      1      0      0      2      1      1      1      1      1      0      2      2      0      0      1      0      0      0      1      0      0      0      1      1      0      2      1      1      2      0      1      0      1      0      0      0      0      1      2      0      1
51305  0      000002 000129 5.000e-01      1      0      5      1      2      3      0      1      2      0      3      0      1      4      2      4      0      0      1      1      1      2      0      1      2      1      2      2      0      0      1      1      4      0      1      1      2      0      0      4      1      1      1      3      0      1      2      0      0      0      1      1      2      0      5      0      2      2      3      0      2      0      1      0      1      1      0      3      0      0      1      2      0      0      0      5      1      1      2      2      0      1      0      2      3      0      0      2      2      2      0      1      0      2      4      4      0      2      1      0
51412  51305  000001 000080 5.000e-01      0      0      0      0      1      1      1      0      1      0      0      3      0      0      0      0      0      0      0      1      0      0      2      0      3      0      2      0      0      0      0      1      2      2      0      2      1      2      0      4      1      0      1      3      0      0      2      2      0      0      0      0      0      1      1      1      3      0      2      1      2      0      0      2      3      2      1      1      1      1      2      0      2      2      0      0      1      0      2      1      1      1      0      0      1      2      0      0      0      0      0      0      0      2      0      2      1      0      0      0
51413  51305  000001 000089 5.000e-01      0      0      1      3      1      1      1      0      1      1      0      1      1      0      1      2      1      0      0      1      0      2      0      2      1      0      1      1      3      0      3      0      2      0      1      0      3      0      0      0      0      2      1      0      1      0      3      1      1      2      4      2      1      0      2      0      0      0      1      0      0      3      3      0      0      0      1      0      5      0      1      2      0      1      0      0      1      1      1      2      0      3      0      0      4      0      0      0      0      0      1      1      0      1      0      0      1      0      1      0
51416  0      000001 000064 5.000e-01      0      0      0      0      0      0      0      0      2      0      0      0      0      0      1      0      1      1      0      0      1      0      0      2      2      1      0      0      4      1      0      0      0      1      0      0      1      4      3      0      0      0      3      0      0      0      0      1      2      2      1      0      0      2      0      0      1      0      0      1      0      1      1      1      0      0      1      0      0      0      0      1      0      0      0      1      0      1      0      4      1      0      1      0      2      0      2      0      0      0      1      3      0      1      0      0      0      2      2      0
51417  51416  000001 000078 5.000e-01      0      2      3      1      2      0      0      0      1      0      2      0      1      0      0      3      3      1      0      0      1      1      1      2      1      1      0      2      1      0      1      0      1      0      0      2      0      0      0      2      0      2      1      1      1      0      0      0      1      1      1      0      1      0      2      0      2      0      2      0      0      0      2      0      0      0      0      0      1      0      0      0      0      0      0      0      0      0      1      2      2      0      2      0      4      0      1      4      3      2      0      0      1      0      0      1      1      0      1      0
