SCORE -1.41310520563123e+05
ITER 0
ETA        1.50000000000000e+00 1.50000000000000e+00 1.50000000000000e+00
GAMMA      5.00000000000000e-01 5.00000000000000e-01
GEM_MEAN 5.00000000000000e-01
GEM_SCALE 1.00000000000000e+02
SCALING_SHAPE 1.00000000000000e+00
SCALING_SCALE 5.00000000000000e-01
ID     PARENT NDOCS  NWORDS  SCALE     WD_CNT
0      -1     000100 011005 5.000e-01    147     72    246     78     17     13     82     13     84     12    132    121    255     60    129    126     14     91     31    120    177    310     44    352     55     61     20     67     21     44    173     97     99     11    162     57    173    118      9     18     37    108     55     65     75    143    396    117    162     26    171     53    187    104      4     25      6     35     98    207     39     79    274     15    212     93     76     87     93    201    186    245     42     42    196    251    186     59     92    137    162    132     46    179     71    102     71    177    406     91     16     60    147    158     33     89    171     53    110    141
1      0      000006 000372 5.000e-01      4      2      1      6      0      1     10      5      4      2      1      0     11      0     10      7      0     15      3      8      0     12      2      3      6      3      2      1      1      1      4      0      5      3      0      8      9      2      0      1      0      1      4      2      1      5      0     20      5      1      2      1      4      1      6      1      0      2      2      8      8      2      4      0      7     10      4      1      5      7      8      5      3      0      5      8      2      2      1      2      0      7      1      2      0      6      3     11     10      2      4      2      3      4      1      4      0      0      6      3
2      1      000002 000130 5.000e-01      0      1      1      2      1      0      1      0      1      0      0      5      4      3      0      1      0      0      0      2      1      0      1      0      3      0      1      0      0      6      2      1      0      1      1      1      3      0      0      0      1      0      0      0      1      0      2      2      6      0      4      2      0      2      1      2      2      2      1      0      3      0      3      1      0      0      1      4      0      4      1      4      2      1      0      3      0      0      1      0      1      1      0      1      0      1      1      6      2      0      2      5      0      3      0      3      2      2      1      0
11     1      000002 000189 5.000e-01      1      0      3      1      0      0      1      0      1      1      3      1      1      2      0      0      5      1      3      3      2      6      0      1      1      0      0      1      1      5      8      3      0      2      4      5      3      0      1      1      1      1      1      3      3      1      4      0      3      5      2      2      0      1      1      3      0      0      1      3      4      0      2      2      1      3      1      5      2      2      2      0      1      4      5      5      2      3      3      2      1      3      2      1      2      1      0      5      2      5      4      2      1      2      0      1      0      1      1      0
26     1      000002 000145 5.000e-01      1      4      0      0      3      0      2      0      0      1      1      0      4      1      0      1      1      4      0      2      2      1      1      1      2      0      0      4      0      0      2      1      0      0      2      1      0      1      1      2      2      5      1      0      2      0      4      2      7      5      3      1      1      0      1      3      3      5      2      1      3      4      1      0      2      1      2      1      3      2      2      0      1      0      6      2      0      2      0      0      0      2      2      2      2      0      0      1      1      1      1      0      0      2      0      2      0      2      0      1
5      0      000004 000276 5.000e-01      1      3      0      2      3      1      2      1      2      2      4      1      2      1      4      2      3     10      0      5      2      7      1      1      1      0      1      5      0      6      4      1      1      0      1      4      6      4      2      2      0      0      2      6      1      2      3      1      4      1      5      4      2      6      7      0      3      1      0      5     12      0      2      4      3      0      9      0      9      1      4      3      0      1      3      3      0      1      1      4      0      7      2      0      2     12      2      4      0      2      3      3      1      7      0      1     10      0      7      2
6      5      000001 000065 5.000e-01      1      0      4      0      1      1      0      0      0      0      0      0      0      2      0      0      0      0      1      0      0      3      0      0      2      0      0      1      0      0      1      0      0      0      2      1      0      1      1      3      0      0      1      0      0      0      1      0      0      0      1      0      0      0      1      1      0      1      1      0      1      0      1      0      2      1      1      2      2      3      1      1      0      0      1      0      0      2      0      1      0      0      0      1      1      2      1      1      0      1      0      0      2      2      0      0      0      0      3      0
60     5      000002 000151 5.000e-01      1      2      5      0      0      0      6      0      4      0      0      1      0      1      3      1      1      2      1      2      2      3      1      1      2      0      0      0      0      3      8      1      2      2      3      1      1      3      1      1      0      0      6      1      0      0      3      0      1      4      4      0      0      3      2      6      3      1      2      0      2      1      2      0      2      2      2      3      1      2      0      0      3      0      1      5      1      0      3      0      2      2      1      0      2      0      0      0      1      0      0      0      1      2      2      1      0      0      2      4
233    5      000001 000074 5.000e-01      1      0      1      1      1      0      1      0      2      1      0      1      0      0      0      2      0      1      0      2      2      0      1      0      1      1      0      2      0      2      0      0      0      1      1      0      0      1      1      0      0      0      0      1      0      1      0      0      1      0      3      0      0      0      0      1      1      2      1      0      0      2      2      0      0      1      0      1      1      0      0      1      6      0      1      2      2      2      2      0      0      0      0      1      0      1      0      0      4      0      0      3      1      0      0      0      0      2      1      0
14     0      000016 001003 5.000e-01      6     25      3     15      3      0     25     13     26      2      8     10     28      7     18     10      4     22      5      8     18     21      6      7      0      4     13      3      7      7     10      6     12      7     10      9      1     14      4      3      3     10     32     13     13      6      1      6     24      8      7      8      6      5      3     20      4      9      5      5     37      8     11      6     18      5     19     14      1      5      6     14     22      1     12     16      5     11      9     17      4      9      3      3      6     21      9     14      5      7      6      6     10     23      9     11     11      5      7      9
15     14     000007 000469 5.000e-01      0      6      3     10      2      1     13      1     13      3      1      1      6      1      5      2      3      7      2      2      2      7      9      1      4      3      3      6      2      2      8      7      1      6      6      2     19      1      2      8      4      0      5      1      1      3      4     12      4     12     14      1      4      2      7      3      8      4      0      6      4      7      4      2      4      4      6     11     13      8      7      0      3      1      4      1      7     10      2      5      2      6      7      2      1      8      0      7      3      6      4      3      1     13      5      7      3      2      2      8
38     14     000002 000135 5.000e-01      1      3      2      5      0      0      2      1      3      2      1      1      0      1      2      2      2      0      1      1      0      0      3      0      2      1      1      0      1      1      2      0      1      0      1      1      1      2      0      2      1      0      2      1      0      2      2      1      0      1      3      2      4      1      0      0      0      0      0      4      3      1      3      0      1      3      0      3      0      4      4      0      2      1      4      0      1      1      2      0      2      2      1      1      0      3      5      3      1      0      0      0      0      0      0      7      1      0      1      2
68     14     000002 000131 5.000e-01      0      0      4      0      0      1      3      0      4      2      0      1      1      1      1      0      1      2      0      2      0      0      5      2      1      0      0      2      0      1      8      1      2      3      1      1      0      1      0      0      3      0      0      2      0      0      1      2      1      2      3      1      1      3      2      1      1      0      1      1      0      2      0      1      2      5      2      2      0      2      1      2      0      2      2      0      1      4      3      1      1      1      0      0      2      3      1      2      2      2      1      3      2      1      1      0      0      0      1      0
110    14     000002 000153 5.000e-01      1      0      1      2      0      1      0      1      5      0      2      0      1      2      1      2      1      2      0      0      0      0      1      3      3      2      0      2      0      2      4      3      1      0      5      4      1      3      1      0      0      1      1      0      1      0      1      0      1      0      1      1      0      1      0      1      5      1      0      4      5      3      1      3      0      2      1      1      2      3      2      1      0      0      1      1      3      0      0      1      1      0      4      4      4      3      0      0      7      4      0      2      0      5      1      2      2      1      5      2
156    14     000001 000074 5.000e-01      1      0      0      0      1      0      1      1      0      2      1      3      0      1      0      1      1      2      0      0      1      0      0      1      1      0      1      2      0      1      0      0      1      0      0      0      0      0      0      0      0      0      1      1      6      2      0      6      0      1      0      0      0      1      0      0      1      3      0      0      2      0      0      0      1      1      1      0      1      1      0      0      0      0      2      4      0      0      0      0      0      3      2      2      0      0      0      1      0      1      0      0      2      2      0      0      0      2      0      1
220    14     000002 000166 5.000e-01      3      1      1      1      1      0      5      3      0      0      0      1      1      2      0      2      0      2      0      0      3      3      7      1      1      2      1      2      0      5      0      1      0      0      0      4      5      1      0      1      0      1      2      3      1      1      1      2      4      0      3      0      3      0      4      1      3      1      1      3      2      1      0      2      1      4      4      2      1      1      2      3      3      2      1      4      1      1      2      3      4      1      1      1      2      0      1      1      1      2      0      3      1      4      0      1      1      1      2      5
20     0      000010 000674 5.000e-01     10      8      8     10      3      0     15      6      4      2      0      2      0      4      6      4      5     16      4      3     11      8     13      0      3      2      5      3      1     11     13     11      6      8      3     13     11      6      8      2      0      1      8      4      6      9     13      4     14     10      1      2      7     15      7      4     22      2     12      4     11     14     10      6      1     13     28      7      7     16      3      5      8      0      7     11     12     16      4      9      0      7      9      3      2      9      0      5      2      6     10      6      2      3      4      7      1      6      5      6
21     20     000004 000278 5.000e-01      4      5      4      5      3      2      5      2      3      0      2      4      5      1      2      2      1      0      8      1      0      6      2      1      2      1      2      1      1      0      5      2      2      1      1      2      3      9      3      2      4      2      2      3      5      7      2      1      5      1      3      6      3      2      2      5      1      3      1      1      5      3      9      0      2      2      0      3      5      2      0      5      5      3      5      5      4      2      2      2      0      0      0      3      5     12      1      1      2      3      1      2      1      2      5      3      1      2      6      0
35     20     000001 000067 5.000e-01      0      0      0      0      0      0      2      3      0      1      4      0      1      1      0      1      0      0      2      0      1      1      0      1      3      0      1      1      0      2      0      1      0      0      0      1      0      1      1      0      0      0      4      0      0      3      0      0      0      0      0      0      0      0      0      0      0      0      0      0      0      1      0      1      1      0      1      1      0      0      2      4      1      0      1      1      1      0      0      0      0      2      1      1      0      0      4      2      0      2      0      1      1      0      2      0      0      0      0      0
53     20     000003 000179 5.000e-01      1      0      1      5      2      1      0      0      2      4      2      3      0      1      5      2      1      7      2      5      0      0      3      3      2      4      1      4      0      1      7      1      1      0      6      2      0      1      1      0      0      0      1      0      2      2      0      3      1      2      5      1      0      0      1      3      1      1      2      2      2      5      0      3      1      2      1      1      1      0      5      4      1      1      1      5      1      0      1      2      2      6      1      1      0      0      4      2      0      3      1      3      2      2      3      1      1      1      1      0
212    20     000001 000066 5.000e-01      0      0      2      0      0      0      2      1      1      0      1      1      0      0      0      0      0      1      0      1      0      2      0      1      1      2      0      0      1      0      1      1      0      1      1      2      1      4      0      0      0      2      3      2      0      1      0      0      1      0      0      2      0      1      1      0      0      1      0      1      0      0      0      0      0      1      0      0      1      3      0      0      0      1      0      1      3      1      1      1      0      0      1      2      0      0      1      0      0      1      0      0      0      1      1      1      0      0      2      0
240    20     000001 000040 5.000e-01      1      3      1      1      0      0      0      1      1      1      0      1      1      1      2      0      0      0      2      0      1      0      0      0      1      0      0      0      0      0      1      0      1      1      0      1      0      0      1      0      1      0      0      0      0      1      0      0      1      1      0      1      0      0      0      0      0      0      0      1      1      0      0      0      0      1      0      1      0      0      0      0      1      0      1      0      0      1      0      1      0      0      1      0      0      0      0      1      0      0      0      0      0      0      1      0      0      0      0      1
29     0      000008 000547 5.000e-01      4      8      0      6     13      4      3      2      4      3      1     10      4      3      0      0      8      6      4      9      6     30     28      6      8      4      8     20     11      3      4      5      4      1      1     10     14      3      3      9      3     11      3      2      5     11      5      1     11      1      6      9      3      2      7     11      8      2      2      4      9      7      4      5      8      7      6      4      1      6      4      4      3      1     13      9      0      2     10      2      1      2      2      8      2      4      1      4      1      3      5      1      4      8      6      4      1      2      2      4
30     29     000002 000133 5.000e-01      3      3      0      0      0      1      1      0      0      0      0      4      2      0      3      1      3      7      1      2      0      4      4      0      3      3      1      2      1      1      3      1      0      0      2      1      1      1      2      1      2      0      1      1      0      2      0      1      1      0      1      2      1      0      0      0      3      3      1      1      4      0      2      0      5      0      0      1      0      3      1      1      2      0      6      0      0      5      1      1      0      2      3      0      0      0      2      2      4      1      0      1      0      0      0      1      2      0      0      1
78     29     000001 000074 5.000e-01      1      0      1      2      1      0      1      1      1      0      0      3      1      2      2      0      1      2      2      2      0      0      1      0      1      1      1      0      1      1      1      1      1      0      0      0      0      0      0      0      0      0      4      0      1      1      0      3      1      2      0      0      0      0      3      0      0      1      0      0      1      0      0      0      1      1      2      0      0      0      0      1      0      1      0      5      0      0      0      4      0      0      0      1      0      3      1      1      0      0      0      1      0      0      1      0      1      1      0      0
136    29     000002 000201 5.000e-01      3      0      1      1      3      4      4      3      1      0      0      3      3      0      1      2      1      0      2      2      5     11      5      1      2      1      5      3      1      2      0      3      1      6      0      3      2      1      0      2      2      3      0      0      2      1      1      4      1      4      1      0      1      5      0      1      1      5      1      0      0      1      0      4      4      4      0      0      0      1      2      1      1      8      3      6      1      2      2      5      2      0      1      5      0      4      6      1      1      0      7      0      0      1      1      0      1      0      5      0
142    29     000003 000204 5.000e-01      8      1      1      3      1      0      0      2      2      0      1      2      4      1      0      0      0      3      4      3      2      1      9      4      2      0      0      0      0      2      0      1      3      0      6      1      1      2      2      0      1      1      0      0      0      5      3      6      4     10      6      0      0      0      4      2      2      2      2      6      2      1      0      0      1      1      2      4      1      2      2      5      0      6      2      0      5      3      3      1      2      3      4      1      1      1      0      2      5      0      5      0      0      2      0      1      3      1      3      3
41     0      000005 000319 5.000e-01      1      2      0      2      0      1     11      1      9      1      1      2      2      2      5      2      2      2      1      5      1      5      2      4      1      2      0      2      1      6      2      4      9      2      1      2      4      9      2      1      5      3      2      2      2      4      2      9      8      2      6      5      3      5      2      5      1      3      2      5      2      3      4      4      5      6      6      1      2      6      2      2     11      2      8      6      0      3      3      1      0      2      0      1      1      2      4      5      1      6      1      1      4      4      1     11      1      0      2      7
42     41     000004 000270 5.000e-01      6      1      4      5      0      0      0      2      4      1     11      6      3      1      1      3      3      0      3      0      0      1      0      1      2      4      0      3      0      5      1      5      2      0      3      1      1      3      0      3      0      2      4      8      3      5      3      2      1      0      0      3      0      4      1      2      5      0      3      3      4      8      2      4      6      1      6      4      8      3      1      6      2      2      4      5      7      6      0      4      0      6      1      1      1      7      0      2      2      2      0      3      2      4      4      3      3      0      7      1
195    41     000001 000060 5.000e-01      0      0      0      0      0      0      1      0      3      1      0      1      0      0      1      1      0      0      0      1      1      0      0      1      0      1      0      0      0      0      2      0      0      0      1      1      0      1      0      2      0      0      3      1      2      1      1      1      0      0      1      0      0      1      0      0      2      0      1      0      0      0      1      0      1      1      2      0      3      0      1      0      1      1      0      0      0      2      1      0      0      2      1      0      0      0      2      0      1      1      2      0      0      1      1      1      0      0      0      1
47     0      000009 000692 5.000e-01      4      3      7      8      1      5      8      1     15      3      9     11      5      3     15      1      8      8     10      5      1     10      7      4     10     11      0     15      3     11      5      4      6      3      8      7      8     13      9      4      4      1      7      5     12      9     15      4     17     12      5      6      7     16      8      3      4      3      6      7     15     10      6      6      3     17      7      3      2      5     12     10     10      8      4     10      2     15      5     10      2     20      8     15      1     13      2      1      1      2      5      6      0      6     10      9      3      3      2      3
48     47     000004 000281 5.000e-01      0      1      0      1      5      1      1      3      5      1      2      4      7      4      0      2      3      7      5      9      1      0      8      2      3      5      3      3      2      8      2      3      3      0      7      7      7      7      1      0      3      2      1      3      1      1      1      1      1      2      1      4      1      0      4      3      2      1      1      3      3      3      5      2      2      3      4      2      2      3      6      2      2      1      2      9      3      2      2      0      1      0      3      3      9      7      4      3      6      1      3      0      1      2      0      3      1      3      1      3
65     47     000002 000147 5.000e-01      1      0      0      3      3      0      1      0      0      0      0      0      4      2      1      2      1      1      3      1      2      1      0      3      1      1      2      0      0      0      2      2      1      0      2      1      1      0      1      1      1      2      2      2      0      3      0      1      3      0      1      2      0      1      3      2      2      3      0      3      3      1      0      1      0      1      4      0      3      1      2      1      1      2      3      2      1      2      1      2      2      1      3      2      2      3      2      0      4      7      0      5      0      0      3      3      0      0      2      2
73     47     000002 000163 5.000e-01      2      0      1      0      1      0      0      3      2      1      1      1      2      0      2      0      2      2      1      5      0      3      6      0      4      0      6      1      2      1      3      2      1      1      3      0      1      3      0      1      0      0      0      0      0      4      1      1      1      4      0      2      0      0      4      0      5      2      2      9      0      1      1      0      1      1      0      1      4      1      0      4      1      2      5      3      1      1      1      1      0      0      1      4      1      2      0      2      0      3      1      8      1      3      3      1      0      3      0      2
139    47     000001 000080 5.000e-01      3      0      2      2      1      0      0      1      0      2      1      0      0      4      0      0      1      0      0      0      1      1      0      1      0      0      5      1      2      2      0      0      3      1      2      1      0      1      0      1      0      0      0      0      1      0      2      4      0      1      1      0      0      1      1      2      0      2      0      1      5      0      0      1      0      0      0      1      0      0      1      2      0      1      1      2      0      0      0      2      0      1      0      0      0      0      1      0      0      0      0      0      0      0      1      1      1      3      1      0
56     0      000003 000250 5.000e-01      4      2      2      1      0      0      5      0      2      1      0      2      2      1      5      3      2      2      0      4      1     11      4      3      1      4      3      3      2      4     12      4      1      0      1      3      0      2      1      1      2      1      8      3      5      4      3      3      2      1      1      3      1      1      1      2      3      2      2      5      5      2      3      2      0      6      1      1      1      0      2      4      3      4      1      6      1      6      0      3      2      2      3      0      3      0      2      2     12      3      1      0      1      6      1      5      1      0      2      1
57     56     000003 000219 5.000e-01      4      3      1      3      0      0      1      1      1      0      0      2      2      9      3      1      4     10      1      7      2      0      0      1      0      3      0      0      0      5      3      1      2      0      1      0      5      1      2      0      2      1      1      2      1      4      0      0      8      2      5      3      5      6      1      1      4      0      1      0      7      2      3      2      2      3      0      3      1      2      1      8      2      0      4      4      2      1      0      5      3      3      1      2      1      4      0      1      3      1      1      0      1      4      2      5      3      4      1      1
81     0      000003 000228 5.000e-01      2      2      0      1      1      1      2      3      9      3      3      1      1      1      2      1      1      2      2      2      2      1      0      2      0      2      0      3      1      9      4      6      0      3      2      5      3      3      0      2      1      4     12      1      7      3      2      3      3      1      4      4      2      2      3      2      3      1      2      1      0      1      0      1      0      0      0      3      5      3      3      2      1      1      1      1      1      5      0      6      4      0      2      4      4      9      1      3      0      4      0      1      1      4      2      1      1      2      1      1
82     81     000001 000068 5.000e-01      2      0      0      2      1      0      2      0      0      0      0      0      1      1      0      1      1      1      1      2      3      0      1      2      1      0      0      4      0      0      0      0      0      0      0      0      1      1      0      2      1      0      0      0      0      1      1      0      2      0      2      3      0      0      3      0      2      0      0      0      1      1      1      3      0      0      1      0      0      0      0      0      1      0      2      0      0      0      0      0      0      0      0      1      2      1      0      1      1      0      0      1      0      1      1      0      2      0      1      1
133    81     000001 000074 5.000e-01      4      3      1      1      0      1      1      0      0      1      0      0      1      0      2      1      0      1      0      0      0      1      0      0      0      1      0      1      0      3      1      1      0      0      1      0      0      1      1      1      0      1      0      1      1      1      1      1      2      0      0      0      0      0      3      0      0      0      0      0      1      0      0      3      0      0      3      1      5      0      1      2      2      0      0      0      1      1      0      0      0      0      0      0      2      1      1      2      1      0      1      0      0      1      0      1      1      1      1      1
217    81     000001 000035 5.000e-01      0      0      0      1      0      0      0      0      0      0      0      0      0      0      1      0      0      1      0      0      0      0      1      0      1      0      0      0      0      1      1      0      0      0      0      2      0      1      0      0      0      0      1      0      0      0      0      2      0      1      0      0      0      1      1      1      0      0      1      1      2      0      0      0      0      0      1      0      0      0      0      0      2      0      1      0      0      1      0      0      0      0      1      0      0      0      0      1      0      1      0      0      1      0      1      2      0      0      1      1
93     0      000004 000264 5.000e-01      2      2      7      0      2      1      2      2      0      0      2      4      3      5      2      1      4      0      2      3      2      7      8      0      3      6      0      7      1      1      1      2      5      4      4      2      2      1      0      4      3      1      2      9      0      3      1      1      1      2      1      3      2      1      7      1     11      0      2      1      8      2     10      2      1      4      4      0      2      1      2      1      1      2      3      3      0      2      1      2      4      2      2      4      0      6      2     15      5      0      3      1      1      2      0      1      5      1      3      0
94     93     000003 000224 5.000e-01      2      2      6      3      5      0      3      1      2      0      4      1      3      0      7      2      0      2      4      1      2      3      1      3      0      1      4      3      1      4      1      2      3      1      0      3      2      2      2      3      1      2      2      1      0      5      0      4      2      0      4      3      1      4      2      3      2      1      0      0      0      4      0      0     11      0      2      1      0      5      2      4      1      7      0      1      0      8      4      5      2      2      5      2      2      4      3      2      1      2      4      0      1      5      0      4      2      0      0      2
179    93     000001 000078 5.000e-01      0      1      0      2      1      0      1      1      3      0      1      0      1      2      4      1      0      1      1      0      0      0      1      1      0      1      1      1      0      0      5      0      1      0      2      0      1      1      0      1      0      2      0      0      0      0      1      1      1      0      0      1      1      0      0      0      2      0      1      1      1      1      0      2      1      2      0      0      1      0      0      0      2      0      0      1      2      4      0      0      0      3      3      0      0      0      0      0      1      3      0      1      0      1      0      0      1      0      0      1
97     0      000004 000263 5.000e-01      4      2      2      4      0      0      3      0      3      0      2      0     10      1      2      0      0     11      1      2      2      1      1      4      0      2      1      1      0      7      3      1      7      3     10      8      1      5      1      2      0      1      2      1      1      1      3      1      0      3      2      5      3      5      4      1      9      1      1      3      2      7      0      1      3      2     11      3      1      1      2      0      2      0      3      0      2     14      1      1      3      3      0      6      2      4      0      4      5      1      3      2      0      0      1     10      4      2      2      1
98     97     000002 000137 5.000e-01      1      1      1      2      0      3      0      2      6      2      1      0      1      0      4      0      1      0      3      1      2      0      5      0      2      0      1      3      1      0      0      1      0      1      1      0      0      1      2      0      0      0      3      0      1      2      2      3      0      3      2      0      2      0      1      2      0      0      1      1      3      1      1      0      1      0      5      1      1      2      1      1      4      1      0      2      0      0      3      3      3      3      0      1      0      1      2      8      2      0      0      1      1      5      2      1      2      0      1      2
101    97     000002 000138 5.000e-01      2      0      1      1      1      0      1      1      2      1      2      1      0      0      1      0      3      3      2      2      0      0      1      3      0      1      1      1      1      3      0      0      0      1      1      0      0      2      2      1      0      5      2      1      2      1      0      5      4      1      1      0      4      3      4      0      0      2      0      0      0      0      3      0      1      3      2      0      1      2      0      3      3      0      4      2      0      2      0      0      1      0      3      7      2      3      1      0      3      2      0      3      0      2      2      0      2      2      1      1
104    0      000003 000233 5.000e-01      1      4      2      4      2      2      1      4      7      1      0      1      0      2      2      7      3      1      1      1      1      0      5      0      8      1      2      1      2      6      2      2      0      0      1      5      4      0      1      0      1      2      2      0      3      3      5      0      4      6      0      2      3      3      2      2      3      0      5      2      6      3      2      0      2      6      0      0      1      0      1      5      1      1      1      2      5      4      1      9      2      1      2      3      0      3      1      4      5      6      0      0      0      1      3      2      8      6      0      1
105    104    000002 000154 5.000e-01      0      0      5      3      0      0      0      2      1      1      2      0      0      2      1      0      3      3      0      1      0      0      6      2      1      1      3      5      0      1      2      0      1      2      3      0      1      0      0      0      3      2      0      1      4      0      0      2      3      2      2      2      1      1      1      6      2      2      1      2      1      2      1      2      2      0      5      3      1      3      1      1      1      0      2      8      4      1      1      1      1      2      2      3      3      1      0      1      3      0      2      0      2      0      0      0      2      0      2      1
190    104    000001 000049 5.000e-01      1      0      0      1      0      0      2      0      2      0      2      0      0      0      0      1      2      1      0      0      0      0      0      1      3      0      2      1      0      0      0      0      0      1      0      0      1      0      1      0      0      1      0      0      0      1      1      0      0      2      0      0      1      0      1      0      0      1      0      0      0      0      1      0      0      0      0      1      0      2      2      1      0      1      0      1      0      0      0      1      4      0      0      0      0      0      0      2      1      0      0      0      0      0      0      1      1      0      0      0
113    0      000003 000211 5.000e-01      2      1      0      0      1      2      0      0      2      1      3      7      0      0      4      1      3      4      0      4      4      2     10      1      2      1      3      0      4      2      6      0      1      0      1      1      2      2      1      2      3      2      0      4      3      1      0      1      0      4      2      0      1      0      3      1      2      0      0      1      7      0      3      1      0      9      8      0      0      2      1      1      0      1      4      5      3      4      4      2      2      7      2      2      0      6      2      1      3      2      6      1      4      1      0      1      2      1      1      4
114    113    000002 000121 5.000e-01      1      1      1      2      1      2      5      2      2      0      0      0      0      3      0      0      0      0      3      0      1      0      1      1      1      1      0      2      0      4      2      2      0      1      3      3      1      1      5      0      0      2      2      0      0      1      2     12      3      0      1      0      0      2      1      3      0      0      1      2      0      2      2      0      0      0      1      1      0      2      2      0      0      0      1      0      0      2      2      2      0      0      2      3      2      0      1      1      2      0      0      1      1      0      5      1      0      0      0      1
261    113    000001 000062 5.000e-01      2      1      0      1      1      1      1      4      1      0      0      1      0      0      0      0      0      0      2      1      0      1      0      0      0      0      1      0      0      0      0      1      0      1      0      0      1      0      0      1      0      0      0      1      1      3      0      1      0      0      0      3      0      0      0      1      0      0      0      0      1      1      2      0      4      0      1      1      0      0      0      1      1      2      2      0      0      1      1      0      0      1      0      0      1      1      2      1      0      1      2      1      0      0      0      0      0      2      0      0
117    0      000005 000344 5.000e-01      0      7      1      6      0      4      1      3      1      3      6      1      5      3      5      1      5      2      0      9      2      2      2      2      7      3      2      7      5      3      1      0      3      3     10      7      3      7      0      1      3      3      2      5      1      6      4      4      8      6      5      1      4      4      5      4      5      2      2      2      3      9      3      0      4      4      2      3      1      7      3      1      2      1      0      3      5      2      3      6      0     15      2      5      2     10      1      5      5      3      2      2      0      3      3      5      2      2      3      3
118    117    000002 000137 5.000e-01      0      2      1      0      0      1      2      0      1      1      3      1      1      1      2      0      1      4      1      0      3      0      4      0      1      0      1      1      2      0      0      2      1      0      3      3      0      1      1      0      2      6      0      1      2      2      1      1      2      3      0      0      3      1      3      1      0      4      0      0      1      2      0      1      2      4      0      2      2      0      2      1      0      0      2      0      1      4      0      2      0      3      4      4      0      4      2      3      0      3      1      0      1      1      2      1      3      1      0      1
145    117    000002 000140 5.000e-01      1      1      0      0      4      3      1      1      5      0      0      4      0      1      0      1      1      0      0      0      0      0      2      0      0      1      3      0      0      1      3      0      0      0      1      1      3      3      2      5      0      1      1      0      2      0      0      3      2      3      3      1      0      0      4      1      2      1      1      0      4      3      1      0      1      1      2      2      5      5      1      3      1      1      0      0      0      4      0      4      0      0      1      0      5      0      0      4      0      1      0      4      2      2      1      0      3      2      2      2
225    117    000001 000069 5.000e-01      1      0      0      1      2      0      0      0      0      1      0      1      0      1      1      1      0      0      1      1      0      1      0      0      0      0      0      0      0      2      1      1      1      0      6      0      2      0      1      0      0      1      0      1      1      0      2      1      0      0      1      0      0      2      0      1      1      1      1      0      0      0      0      0      0      1      1      2      1      0      2      0      0      1      0      0      1      2      0      1      1      1      1      1      0      1      0      4      1      0      0      0      1      2      0      0      3      0      0      2
150    0      000002 000165 5.000e-01      0      1      4      1      0      0      3      1      2      1      1      2      0      0      1      0      4      3      0      0      1      1      2      1      3      4      1      1      3      4      3      0      2      1      1      5      5      2      3      1      1      0      1      2      0      0      8      1      0      6      0      0      3      3      2      2      2      1      1      2      3      0      3      1      0      1      1      0      0      2      0      0      0      1      2      0      0      4      1      3      1      1      5      0      7      3      0      1      1      2      2      4      1      1      1      0      1      6      2      1
151    150    000001 000086 5.000e-01      2      3      2      0      2      0      0      0      1      0      1      0      0      0      1      1      0      2      0      1      0      1      0      4      3      0      1      1      2      1      3      0      0      1      0      1      0      1      2      2      0      1      3      0      0      0      0      1      3      0      2      0      0      0      2      0      3      0      0      0      0      2      0      1      0      0      1      0      0      1      0      1      0      0      0      3      3      0      0      2      1      0      0      0      1      3      1      3      3      2      0      0      0      1      0      1      0      0      1      1
174    150    000001 000095 5.000e-01      1      0      1      2      3      0      1      4      0      0      1      0      2      0      1      1      0      1      1      1      2      1      6      3      4      1      2      0      3      0      0      0      0      2      1      1      0      0      3      0      1      2      0      0      0      1      1      0      3      0      1      1      1      0      2      2      0      0      1      2      2      1      1      0      0      1      0      1      0      3      3      1      0      0      1      1      0      1      2      0      0      2      3      1      0      1      0      1      0      0      0      0      0      1      0      0      1      0      0      0
159    0      000003 000198 5.000e-01      1      1      4      0      1      0      2      2      0      0      2      2      2      3      4      2      0      1      2      3      2      0      2      1      0      4      1      1      1      3      1      0      1      5      0      4      5      0      1      6      0      4      2      2      3      1      1      0      5      0      9      2      1      6      4      2      5      4      3      4      1      1      1      0      0      7      7      2      7      0      1      2      0      1      1      1      3      4      3      5      0      2      0      3      1      3      0      1      1      1      0      0      1      1      1      3      0      0      2      3
160    159    000001 000076 5.000e-01      0      0      1      0      0      0      3      2      3      0      2      1      0      1      1      0      0      4      1      3      0      0      1      1      1      0      1      0      0      3      1      1      0      0      0      1      0      1      0      0      0      0      0      1      2      0      0      0      4      0      2      1      5      1      0      2      0      2      0      0      0      0      1      0      1      0      0      1      0      2      0      0      0      0      1      1      1      0      0      1      0      1      0      2      0      2      0      3      2      0      0      0      2      0      0      0      0      1      1      0
171    159    000002 000137 5.000e-01      0      0      2      5      2      1      3      1      0      0      3      1      2      0      5      2      3      0      0      0      0      6      0      0      2      0      3      0      1      0      2      3      6      0      7      4      1      1      4      1      1      1      0      0      0      0      0      2      1      0      0      1      1      2      3      1      1      2      1      1      2      1      0      3      0      2      0      5      4      0      1      1      3      0      2      0      0      1      2      1      0      1      1      2      1      0      0      2      0      2      1      0      2      2      2      2      2      0      0      0
184    0      000003 000217 5.000e-01      1      1      0      3      0      2      2      0      8      0      1      0      2      6      1      1      3      4      4      0      2      3      4      0      3      2      1      3      2      3      0      2      4      0      2      3      1      4      1      3      1      2      4      5      0      1      0      1      0      1      3      1      0      4      5      3      4      1      1      2      2      3      3      1      1      6      2      2      5      2      2      1      6      6      0      4      3      3      3      2      0      4      1      4      2      3      0      0      3      0      0      1      2      1      1      5      4      0      4      4
185    184    000002 000139 5.000e-01      1      0      1      2      1      0      1      2      1      1      3      0      1      0      3      0      2      1      0      1      1      3      0      1      0      0      1      2      0      1      3      0      4      3      0      2      3      2      0      0      0      5      2      0      0      1      0      2      3      3      1      1      3      0      1      0      1      5      0      1      4      2      1      0      4      2      1      2      1      1      2      1      1      0      2      5      1      3      2      2      2      3      0      0      0      4      0      1      0      3      0      4      1      0      2      0      1      0      1      4
228    184    000001 000067 5.000e-01      1      0      1      1      1      0      0      0      1      0      1      1      0      1      2      1      0      0      0      2      0      0      0      2      3      0      1      0      0      0      0      0      0      3      0      2      0      0      0      5      0      0      0      3      1      0      2      2      0      0      1      0      0      0      1      2      1      1      2      0      0      0      0      1      2      1      0      2      1      1      1      1      1      0      0      0      1      1      0      1      0      0      0      0      1      0      0      1      1      0      0      0      0      2      1      1      1      0      0      0
198    0      000002 000158 5.000e-01      2      0      2      1      7      3      0      0      0      0      0      1      0      3      0      0      1      0      1      2      0      1      2      1      0      1      2      0      2      3      1      2      0      0      2      0      3      0      0      3      2      1      0      5      1      1      2      5      2      4      2      1      2      1      2      2      1      1      2      3      1      0      1      2      6      1      4      2      1      3      0      0      0      1      3      6      0      0      3      1      1      2      3      0      2      0      0      1      1      2      4      4      2      0      1      5      3      2      3      1
199    198    000002 000161 5.000e-01      2      2      0      1      1      6      2      0      1      1      2      1      2      4      2      2      1      0      1      0      2      0      4      0      0      1      1      2      1      3      0      0      1      3      4      2      2      0     17      0      1      1      1      1      0      3      1      1      3      5      1      2      0      7      3      0      5      0      1      0      2      1      0      1      2      0      1      0      1      2      0      1      4      2      0      1      3      1      0      3      1      1      4      0      0      0      6      2      1      0      1      0      2      0      0      6      0      0      0      2
202    0      000004 000270 5.000e-01      2      3      4      5      1      0      5      1      5      2      0      3      3      1      0      0      1      3      4      2     12      0      5      0      6      0      4      3      0      1      9      3      0      1      2      3      1      0      5      3      3      2      1      1      4      3      3      0      3      3      3      3      5      1      0      1      2      0      1      4      3      4      6      7      8      3      8      3      3      9      0      1      1      4      0      3      3      4      8      2      1      9      1      2      2      4      1      3      1      0      0      0      0      9      2      0      3      1      0      5
203    202    000001 000074 5.000e-01      0      0      2      1      0      0      0      2      0      0      1      0      1      0      0      1      0      1      1      1      1      0      1      0      0      1      0      1      1      1      1      2      1      2      1      0      2      2      0      0      0      0      1      1      1      0      4      0      0      1      0      0      1      2      1      0      1      2      1      0      1      0      2      0      0      2      0      2      1      1      1      0      0      0      0      2      0      1      2      0      2      2      0      3      0      1      0      0      0      0      0      1      0      1      1      1      3      0      0      0
249    202    000001 000071 5.000e-01      0      0      1      0      0      0      3      0      3      2      0      1      0      0      0      5      1      1      1      1      0      0      0      1      0      0      0      0      1      1      1      0      0      1      1      0      1      0      0      0      0      0      0      1      0      1      0      1      0      1      0      0      1      0      2      0      1      0      1      1      1      0      2      1      0      0      0      0      7      0      1      0      1      0      3      1      2      0      0      0      0      0      1      1      0      0      0      1      2      1      3      1      0      0      0      5      0      0      0      1
258    202    000001 000069 5.000e-01      1      0      0      1      0      0      2      0      0      0      1      1      1      0      1      0      3      2      0      1      0      0      0      2      0      0      0      0      1      0      0      0      1      1      0      0      0      0      1      0      1      0      0      2      1      1      4      2      0      1      1      3      2      0      1      0      3      0      1      1      0      0      0      0      1      2      2      1      0      1      2      1      1      0      0      1      0      2      0      1      1      0      0      1      1      0      0      2      0      0      0      1      0      0      0      0      0      1      0      3
266    202    000001 000061 5.000e-01      0      0      0      1      3      0      1      0      0      0      0      0      0      0      1      0      2      1      0      1      0      0      0      1      0      0      0      0      0      3      0      0      0      0      2      1      4      0      0      1      0      1      0      0      0      0      1      1      1      0      0      0      0      3      4      2      1      1      0      0      1      0      0      0      1      4      3      0      0      0      2      2      0      2      0      0      0      2      1      0      0      0      0      0      1      1      0      0      0      0      1      1      0      0      0      1      0      0      0      1
236    0      000001 000094 5.000e-01      0      1      0      1      2      4      2      1      0      0      2      1      4      0      0      0      1      3      0      3      4      0      5      0      1      2      0      1      0      1      0      0      0      3      2      0      0      0      1      0      0      0      0      0      0      1      3      2      0      1      1      1      0      0      0      3      1      2      0      0      0      0      1      2      0      1      2      1      0      1      1      1      1      1      0      0      1      0      0      0      0      0      0      1      6      3      2      0      1      0      1      0      1      1      1      0      2      2      0      0
237    236    000001 000073 5.000e-01      0      0      0      2      0      0      2      0      0      0      1      2      4      0      1      1      0      0      1      2      1      0      4      0      2      1      0      1      2      3      1      0      0      0      0      0      0      0      1      0      0      0      1      1      3      0      0      1      1      1      1      0      0      2      1      0      0      1      0      0      1      0      0      2      1      1      0      0      0      2      1      0      0      0      1      1      0      0      1      0      0      1      2      0      0      1      3      0      0      1      2      1      0      1      2      1      1      1      0      0
271    0      000001 000050 5.000e-01      1      0      0      0      0      0      0      0      0      1      0      1      0      0      0      0      1      0      0      0      0      2      1      0      0      0      0      2      0      1      1      1      0      2      1      0      2      1      0      2      0      0      0      0      0      2      0      0      0      0      1      0      0      1      3      0      0      0      3      0      1      0      0      0      2      0      1      0      0      0      0      4      0      0      1      0      0      2      0      2      0      0      1      0      1      1      0      0      0      0      2      0      0      1      0      0      0      0      0      1
272    271    000001 000103 5.000e-01      2      1      0      2      1      0      2      0      0      0      1      3      0      1      1      0      1      0      1      2      0      1      3      0      2      3      1      0      1      0      0      2      0      0      0      1      3      2      0      0      0      0      0      0      4      2      3      0      0      2      0      2      1      0      0      1      2      1      1      0      4      2      3      2      1      4      1      2      1      0      0      3      0      1      3      0      1      3      2      1      0      0      2      0      0      2      1      1      0      0      0      2      1      1      1      0      1      1      0      0
275    0      000001 000061 5.000e-01      1      1      1      1      0      0      0      0      1      0      0      2      0      0      1      0      0      0      0      0      0      1      0      0      0      0      2      0      0      1      0      1      0      0      0      4      3      1      1      0      1      1      4      0      0      2      0      0      0      1      1      1      0      0      3      0      0      0      1      1      0      0      2      0      1      0      1      0      0      1      0      0      0      1      1      0      4      0      0      1      2      0      1      0      1      2      1      0      1      0      1      1      1      0      0      0      0      0      0      0
276    275    000001 000064 5.000e-01      1      0      1      2      1      0      1      2      0      2      0      0      1      0      0      0      2      0      0      0      0      1      0      1      1      0      1      0      0      1      0      0      1      0      0      0      0      0      1      0      0      0      0      1      1      0      1      0      0      0      0      0      0      1      0      0      1      0      1      1      1      0      0      2      2      1      0      2      1      1      1      0      0      1      1      0      1      1      1      1      1      2      1      1      2      1      0      2      0      0      3      2      0      2      0      0      2      0      1      0
