SCORE -1.38819827196941e+05
ITER 7000
ETA        1.50000000000000e+00 1.50000000000000e+00 1.50000000000000e+00
GAMMA      5.00000000000000e-01 5.00000000000000e-01
GEM_MEAN 5.00000000000000e-01
GEM_SCALE 1.00000000000000e+02
SCALING_SHAPE 1.00000000000000e+00
SCALING_SCALE 5.00000000000000e-01
ID     PARENT NDOCS  NWORDS  SCALE     WD_CNT
0      -1     000100 012454 5.000e-01    148     77    262    122     41      2     86     17     25     37     96    134    270     42     77     60     40    152     43     46    203    335     51    350     65     41     30    117     28     88    189    111    105     36    236     74    214    139     30     18     29     71     83     63    105    168    390    177    273    105    137     73    117     98     76    105    125     55     63    168    170    111    239     23    240    210    206     67      9    257    116    255     56     42    257    397    212    171     54    211     95    210     89    216     39    222     41    201    461     70     43     37     34    154     90     19    126     52     78    156
29     0      000021 001333 5.000e-01     16      6     10     25     35     15     10      9      8      4     11     13      6      2     34      0     23     15     31     51     16     27     58      5     15     32     22     43     22      8      8      5     17     10      9      4     25      1     11     14     21     17      2      1     10     15     14     17      9      6      3      4      4      2     24     14      4     19      4      9      6     13     13     15      1     19      1     11      4      8     25     27      5     28      8      4      2     14     31     10      0      6     16     26     14     18      7     16      2      5     18     12     11     12      0     10     11     18      7      4
1714   29     000010 000639 5.000e-01     11      9     10      2      1      7      2      5      9      1      0     17      4      1      3      7      4      3      3     11     10     40     36      6     14      5      8      2      2      4      2     10      7      3      1     11      3      8      3     13      4     11      1      1      6     17      5      3      1      7     10      4     10     12      0      5      9      4      6      5      1      4      4      1     21      5      7      6      2      5      1      2      0     13      7      6      0      1     15      2      7      1      3      2      5      7     24      0      8      2      8      2      8      0      5      6      4      4     15      6
32025  29     000004 000255 5.000e-01      2      1      1      0      3      6     10      5      1      0      3      5      2      3      1      0      1      7      2      0      3      0      4      1     10      9      2      0      0     14      1      2      1      4      1      5      0      2      8      0      3      3      1      2      6      4      3      6      0      6      1      3      3      2      2      3      0      0      3      0      0      2      1      2      0      2      0      0      1      0      1      0      2      1      0      2      0      0      0      0      3      1      3      2     10      2     11      0      1      1      6      4      3      7      7      3      1      4      0      1
32319  29     000004 000247 5.000e-01      4      7      4      9      2      0      2      1      2      2     11      4      1      7      2      0      3      0      0      4      6      2      2      0      6      0      4      5      7      0      0      1      4      0      8      6      0      5      2      0      1      2      0      1      1     15      1      0      3      1      3      2      7      7      2      1      3      1      2      1      8      0      0      3      1      1      1      4      1      0      1      3      0      3      4      3      2      2      1      1      3      2      1      0      3      0      0      0      0      0      2      1      1      2      7      0      4      2      1      2
32451  29     000002 000120 5.000e-01      0      0      2      1      1      1      0      6      4      1      5      1      1      3      1      1      1      1      2      1      1      0      3      0      1      0      1      2      0      0      4      0      0      1      5      2      4      0      1      0      1      2      0      2      0      0      1      2      5      6      0      1      1      4      0      1      1      0      3      0      0      0      2      1      1      2      0      0      0      0      1      0      1      0      0      0      0      1      1      2      1      0      1      1      3      2      3      1      1      1      0      0      1      0      0      0      2      3      0      0
32461  29     000001 000072 5.000e-01      2      0      2      0      0      1      0      2      0      0      1      0      0      0      1      1      0      0      0      0      2      1      3      1      1      0      4      0      0      0      0      1      0      0      0      0      0      3      1      0      1      1      0      1      0      1      5      1      1      0      0      0      1      0      0      0      1      0      2      1      0      0      1      0      0      1      0      1      3      0      0      1      1      0      3      0      0      1      1      0      0      3      1      0      1      0      0      1      2      0      0      6      0      0      1      0      0      0      0      1
30519  0      000004 000283 5.000e-01      2      1      5      2      1      7      1      0      1      0      2      2      0      6      0      4      1      1      3      1      5     10      4      1      1      0      4      2      4      0      0      2      3      1      7      1      5      2      6      4      3      2      0      2      5      8      4      5      3     11      5      2      3     11      9      1      0      0      2      2      2      1      1      2      4      0      1      0      5      3      1      1      4      1      3      4      5      0      3      1      5      0      4      1      2      0      8      5      6      4      3      1      4      2      1      6      0      2      5      2
32355  30519  000002 000162 5.000e-01      1      0      1      1      6      3      1      0      0      0      1      0      1      6      1      1      4      0      2      4      0      0      1      0      0      4      2      1      1      5      2      0      0      2      0      1      0      1     12      1      0      0      1      4      0      0      0      1      1      0      1      0      1      1      1      1      4      1      4      7      1      1      1      2      4      0      2      2      2      1      0      4      1      2      1      3      0      0      5      1      2      2      1      0      1      0      3      0      0      1      1      3      3      2      0     10      2      1      2      1
32430  30519  000002 000089 5.000e-01      0      0      3      1      0      0      1      2      0      1      5      0      0      2      0      0      1      1      6      3      2      2      1      0      0      0      1      3      0      0      0      0      1      0      0      3      0      0      0      1      0      2      0      0      2      1      3      0      0      0      1      1      0      1      0      0      3      1      2      0      0      1      0      0      0      1      0      0      1      2      1      0      1      0      0      0      0      2      2      1      0      2      0      0      0      1      0      0      1      2      0      0      5      2      1      1      0      2      2      1
14     0      000053 003201 5.000e-01     10     10     22      7      5      0     71     11    111      8     22     12     57     58     63     30     33     29     21     68     10     19     21     39     38     29     38      9      1     23     61     23     40     27     19     47     38     41     18      8     10     45     13     22     22     19     68     18     28      8    119     42     85     27     22      6     13     26     72     35     10     32     99     12     26      8     27     53    112     14    111     40     42     20      9      5     16     13      8      9     22      9      1     39     62     19      6      8      9     59     20     57     20     72      7    104     43     12     38     31
4574   14     000041 002632 5.000e-01     31     52     29     40      0     15     59     37     33      8     29     26     33      1     51     70     10     43     10     24     32     32     44     14     19     13      4     17      7     51     32     18      8     13     10     34     39     22      8     31      9     17     71     46     18     18     19     18     18     25      7     15     38     22      5     14      6     14      4     70     50     26      6     33     29     14     24     53     11     42     16     15     29      5     32     24     32     18     64     38     65     29     22     12      8     19     29     68      8     25      5     18     65     24      3     30     49     15     50     24
30749  14     000006 000431 5.000e-01      4      1      3      7     11      8      1      0      7      1      4      2      5      0     15     10      1      2      0      0      1      1      1      2      7      7      1      3      6      6      0      0      4      4      1      9      1      3      6     17      6      8      4      3      0      0      9      2      8      1      3      0      1     11     14      3      7      1      6      2      7      3      4      4      3      4      1      8      5      5      1      4      1      2      6      0      5      7      8     11      5      0      2      2      7      2      4      7      4     10      1      3      1     10      4      2     10      3     12      2
32009  14     000005 000302 5.000e-01      4      4      0      3      2      0      1      1      1      0      2      2      9      3      0      2      0     13      4      9      2      2      2      2      3      5      0      2      4      2      2      6      7      2      6      4      1      4      0      2      4      5      2      2      0      1      3      4      7      2      1      1      9      4      4      1      1      1      1      3      5      7      8      0      3      3      5      1      3     12      1      0      1      0      1      0      8      2      0      0      4      3      4      3      0      0      3      7      3      1      2      4      5      1      2      1     13     10      0      2
32460  14     000001 000085 5.000e-01      0      1      1      0      0      4      1      0      3      0      0      1      1      1      0      1      1      0      0      6      0      1      2      0      0      0      1      1      0      1      1      0      0      1      3      0      1      0      1      3      0      1      2      0      2      0      0      0      0      0      2      1      0      0      0      0      0      1      0      0      2      1      2      0      0      0      0      1      4      2      0      1      0      0      2      0      3      1      1      2      1      1      1      0      0      2      0      1      0      2      0      3      2      1      0      0      0      2      0      1
41     0      000022 001400 5.000e-01     21     34      5     13      4      5      8      8     40     12     17      2      8     21     22     32      2     15      2      8      5      6     10     11      4      7      9      5     13     17     45     12      7      4      8     23     11     25      5      7      9     24     32     14     12     18      4      2      6      6     26     22     13     22     14      3      2     16     12     33     10     13     17      4     25      4      5     17     18      9     35     30     22     16     15      4     10      7     13      4     24     36      8      5     10      4     15     38     21     20     11      3     26      8      8     36      9      3      9     25
42     41     000019 001123 5.000e-01     19      0      4     12      4      1     22     11     32      0     34     32     10     10     22      2      8     15     15     39      2     26     19     18     11     14      3      6      6     12     10     19     11      2      9      5      2     12      7      5     11      2      5     25     13     13      4     32      1      4      8      1      3     25      3      9      5      1      9      6      1     12     17     16      5      5      2      1     53      7      1      9     20      5     12      1      7     20      3      9      0      1     12     10     14     25     10      4     17      9      3     17     33     32      5     20     20      2      5      7
32462  41     000001 000065 5.000e-01      1      0      2      2      0      0      1      1      0      1      0      0      2      1      0      0      1      1      0      1      0      3      0      1      1      1      0      0      0      0      1      1      1      0      0      2      0      0      2      0      0      1      0      1      1      0      1      0      2      0      0      1      1      1      0      0      0      1      0      0      2      0      0      0      0      1      0      2      1      0      1      0      0      0      2      1      3      0      0      1      0      0      0      1      1      1      1      0      1      0      3      1      2      1      0      1      0      0      0      1
32458  41     000001 000038 5.000e-01      0      0      0      0      0      0      1      0      3      0      0      1      2      1      0      0      0      0      0      2      0      0      1      0      0      1      0      0      0      0      3      0      0      0      0      0      1      0      0      0      0      0      1      0      0      0      0      0      0      0      2      0      0      3      0      0      1      0      0      1      0      1      1      1      0      0      0      0      0      0      2      1      0      1      1      0      0      0      0      0      0      0      1      0      0      0      0      0      0      0      0      0      0      3      0      0      0      1      1      0
32463  41     000001 000069 5.000e-01      0      0      0      1      2      0      0      0      2      1      1      1      2      0      0      1      2      1      0      0      0      1      0      1      0      0      0      1      0      1      0      1      0      0      0      1      1      1      0      0      0      2      0      0      0      0      1      0      4      0      1      2      1      0      1      0      0      1      0      0      0      0      1      0      3      1      1      0      1      1      3      3      1      0      0      0      2      2      0      0      0      3      4      0      0      0      0      0      2      0      3      0      0      0      0      2      0      1      0      0
