SCORE -1.39182875616825e+05
ITER 1000
ETA        1.50000000000000e+00 1.50000000000000e+00 1.50000000000000e+00
GAMMA      5.00000000000000e-01 5.00000000000000e-01
GEM_MEAN 5.00000000000000e-01
GEM_SCALE 1.00000000000000e+02
SCALING_SHAPE 1.00000000000000e+00
SCALING_SCALE 5.00000000000000e-01
ID     PARENT NDOCS  NWORDS  SCALE     WD_CNT
0      -1     000100 012652 5.000e-01    102    114    219    136     31     12     92     36    114     19    110    155    297     74    162    113     46    133     25    107    179    307     93    341     52     68     11    118      4     41    175     17    127      6    177    153    214    123     15     31     13    113     69     57    100    148    423    149    234    103    206     62    160    162     37     76    100     33     99    239    140    132    278     18    249    154     95     94     32    224    223    252     13     27    231    326    214    142     96    211    119    218     86    198     99    193      4    224    363     74     20     78    116    210     21    127    182     30     45    162
236    0      000004 000237 5.000e-01      1      1      1      4      3      4      0      2      1      0     13      3      2      1      0      2      3      3      5      5      7      0     20      5      4      6      3      3      3      3      2      0      0      3      7      3      1      0      0      1      0      1      2      0      1      0      1      0      3      4      2      0      1      1      5      7      0      2      0      4      2      0      2      2      0      5      1      2      0      0      0      2      1      2      1      1      4      1      1      0      1      0      3      0      2      6      6      3      3      2      5      3      1      3      2      1      1      8      0      1
6931   236    000004 000286 5.000e-01      1      3      1      4      3      2      5      4      2      1      1      4      5      1      1      2      6      8      1      3      0      1      3      1     10      5      5      3      7      5      5      2      1      4      2      1      1      0      9      1      7      6      0      2      1      3     11      7      3      4      0      1      1      1      1      2      0      8      1      0      3      1      1      5      1      3      1      2      0     12      4      0      0      2      5      0      0      0      2      2      2      7      6      1      8      3      3      6      0      4      1      0      1      1      6      0      1      5      4      0
5      0      000011 000662 5.000e-01      1      3     11      2      0      0      3      1     23      5     12     15      7      1      6      7      5      9     15      7      8      4      3      0      9      3      5      4      1      2     24     22      4     10      0      0      3     14      7      8      7      9      4      3     12     10      6      4     11      1     17      2     10      7      7     10      6      6     16      6      5      6     13      3      2      4     13      2     12     14      5      4     10      1      8      8      1      5      3      2      9      7      0     11      2      0      8     12     11      7     12      6      4      1      6      6     10      1      7      3
5756   5      000007 000444 5.000e-01      2      2      1      4      0      0     19      2      3      3      1      6      0      9      2      6      3     12      1      9      8      7      8      0      6      1      0      1      7     16      3      2      6      3      7      1      2      1      3      0      1      4      5      3      4      8      4      0      1      4      3      2     14      6      8      1      0      3      9     11      1     12      6      8      2      2      6     13     14      5      0     10      3      2      2      2      3      5      8      4      2      6      3      5      1      2      1      6      2      6      0      8      1      8      0      2      6      4      6      9
7464   5      000004 000272 5.000e-01      6      3      4      3      2      0      2      0      1      1      0      0      1      5      8      1      2      0      3      5      5      7      1      4      4      3      3      1      0      4      4      1      5      6      3      5      0      2      0      2      4      0      2      1      4      8      5      3      2      6      6      1      0      1      2      0      0      1      2      3      6      2      1      3      3      0      0      5      3      3      2      0      4      3      3      5      0      4      2     10      2      4      0      0      3      7      3      1      6      3      3      4      4      1      2      3      4      0      0      5
14     0      000031 001887 5.000e-01     12      8     22     28      2      1     57     10     37      4     27      5     16     18     46     30     13     38     12      9     22     21     17     16     18      5     19      6      1     29     23     50      6      7     35      7     21     26      6     19      3      6     55     36      1      4     14     12     37      7     42      4     38      0      6      2      7     23      1     14     32     12     21      2     13      8     70     22     39     34      7     18     45      4      7     39     16      9      9     17     29      4     10     34     10      7     21     10     24     45     16      7     11     12     13     26     22     15     60     26
4574   14     000014 000756 5.000e-01     25      8     14      5      7      5     13      6      7      7      1      0     17      4      1      7      3     11      2      3      1      4      8      4      8      5      4      8      7     27      9     11      2      9      2      5      4      9      5      2     11     14      5      1     13     21      7      3     12      0      3     21      9      2     22      6     16      2      9      7     10      2      4     26      9     11      8      7     14      0     18      4      1      1     18      4      7      7      0      2      2      2      6      1      8     27      5     17      2     11      2      6      8     13      1      6      0      9      9      4
3549   14     000008 000520 5.000e-01      6      8      2      2      2      0      9      9      5      6      5      7      5      2      6      0      0     10      8      3      0      7      3      2      7      1      9      0      3      0      4      4     15     11      2      2     10      7      7      0      0      2      8      2      2      9      2      4      1      0      4      5      2      9      9      1     12      4      5     10     12      5     23      2      4      3      2      1     12      5      7     12     13      2      7      6      0      9      4      2      9      4      9      3      4      6     14      7      6      2      4      7      1      0     13      0      6      6      4      4
7297   14     000004 000226 5.000e-01      1      8      6      1      0      1      1      2      6      1      3      4      0      0      0      2      0      0      0      2      2      1      1      3      0      6      3      0      1      0      2      2      4      0      3      2      9      4      1      1      1      3      0      1      1      0      5      3      3      3      2      1      1      0      1      3      0      0      9      1      0      1      4      3      4      3      2      9      1      1      8      0      0      1      2      1      8      1      4      4      3      0      1      2      0      0      1      2      2      4      1      5      5      5      5      5      5      0      0      2
7669   14     000003 000165 5.000e-01      0      0      0      0      1      0      3      1      2      0      2      0      1      0      1      1      0      0      0      3      4      0      1      6      1      1      1      0      4      0      0      0      0      1      3      2      4      2      1      0      3      0      7      2      2      0      7      9      0      0      3     10      0      0      2      0      1      2      0      5      0      0      2      0      0      1      0      0      4      1      1      1      7      3      0      0      1      0      6      1      5      0      0      1      0      5      3      3      2      2      0      1      1      0      0      6      4      0      2      3
7695   14     000002 000134 5.000e-01      0      1      3      2      0      2      1      0      1      1      3      0      0      0      1      2      5      0      1      1      4      5      2      3      0      0      0      0      2      2      0      3      0      4      1      6      3      0      1      2      0      1      0      3      2      0      0      1      0      3      0      2      1      0      0      3      1      1      1      2      1      3      2      0      0      0      0      1      2      0      2      2      1      4      2      3      0      0      3      0      1      0      0      0      2      1      0      1      2      1      2      3      0      2      1      0      1      1      6      1
7421   0      000002 000120 5.000e-01      0      1      0      0      3      8      0      1      0      0      0      0      1      4      1      1      2      0      2      2      2      1      0      1      0      1      5      2      1      1      1      1      1      1      4      1      1      0      7      0      0      0      0      7      1      1      0      3      0      6      2      1      0      2      1      1      0      0      1      0      0      1      0      1      1      0      1      0      0      1      0      0      5      0      0      2      0      0      1      2      0      0      1      0      0      0      6      0      0      1      2      0      4      0      0      4      0      0      4      0
7657   7421   000002 000151 5.000e-01      0      0      1      0      5      1      1      0      0      1      1      3      1      0      1      1      2      1      2      0      1      0      5      0      0      0      0      1      3      4      2      1      1      2      0      1      1      1     10      3      3      0      0      1      1      2      1      1      2      0      1      0      0      2      3      1      3      1      3      2      0      0      0      1      3      1      3      2      3      1      0      5      1      2      0      5      0      1      3      1      2      2      1      0      4      0      2      0      0      1      3      3      2      3      1      7      0      3      1      0
29     0      000017 001176 5.000e-01     31      1      8     19     34     17      9     15      0      5      8     22     19      7     13      4     16      9     20     38     15     34     43     10     24     17     18     28     15     16     10     13      5     11     11      6     29      3     16      5     11      5      6      1     10     26      5     16      7     10      1     13     19      5     17      8      8      3      0      3     20      1     17      8     22     29     19      9      2     11      1      7      3     15      5      6      4      8     35      1      5      5      6      2     11     22     25      1      8      1     22      5      0     13      0      5      0     10     13      1
1714   29     000013 000759 5.000e-01     15     12     11      4      0      4      9      4      5      0      0     11      6      3      2      2      4      4      9      7     15     47     25      0     12      6     13      3      8     12      2     14      7      5      3      0      0     10      1     16     13     18      1      3     10      7     12      5      3      6      5      5      2      8     11      6      1     10      9      0      7      4      6      3      0      1      6      6      1      1      8     10     10     23     15      5      1     12      8     10      4      5      0     37      1      4     22      1     25      2     10      5      2      3     21      1     11     16      2      4
7500   29     000003 000156 5.000e-01      2      0      3      0      0      0      0      0      1      1      0      0      0      0      5      1      2      4      3      0      0      2      2      1      0      4      4     10      1      0      0      0      3      0      1      0      3      0      2      2      3      1      0      1      0      4      6      0      0      3      0      1      0      0      1      2      3      0      1      3      0      3      0      3      0      0      1      1      2      0      1      2      5      8      3      1      0      6      0      2      1      1      5      0      0      0      1      1      3      1      0      0      1      2      3      1      3      3      3      3
7696   29     000001 000093 5.000e-01      0      0      1      3      1      0      1      0      0      1      2      0      1      0      1      0      0      1      1      1      1      0      4      1      0      2      0      4      1      1      1      2      1      0      4      0      0      0      2      0      1      1      0      0      0      1      0      0      2      1      2      2      0      0      1      0      1      1      4      0      0      1      0      2      0      0      0      2      2      0      0      3      1      3      3      0      2      1      0      0      2      0      1      1      1      2      0      0      1      0      2      0      0      0      1      1      5      0      1      0
41     0      000026 001552 5.000e-01     48     15     12      4      6      0     22      3     11      6     10      2      9     14      7     12      0     24      9     41     18     12      2     37      1     13      1      7      6     27     60     32      8     11     29      1      5     23      7     15     12      8     10     20     18     30      4     34     20      2      0     20     11     17     11     20      4     15      6     18     21     21      8      8     19     21     21     30     27     32      5     27     30     16     35      6     27     24     13      3      5      2      6      6      6      9     11     33     55     20      5      8     34     33      6      9      7      4     30     19
42     41     000017 001110 5.000e-01      8      3     28      4      3      3      5     10     44      8     35     12      4      6     11      6      9     15     13     12      0     15     16      0      6      7      5      6      9     29     16     21      3      4     12     13      5     21      8      2      5     15     25     22      6      4      3     17      8      9     17     13      8     17      5      5      6      7      4      2      2     14      6     13     15     11     21      4     39      3     11     25     22     10      4      9      0     12      3      5     18     24      9      8      3     16     22      9      9     12      2      8     10      6     26     27     17      2      9      9
6201   41     000006 000353 5.000e-01      1      3      2      2      5      2      3      1      1      4      3      0     15      0      3      2      3      6      1      5      2      6      0      4      9      3      3      0      3      1      1      1      2      0     11      9      5      5      0      0      2      1      1      7      1      4     11      8      6      5      2      2      8      2      4      2      2      9      0      3      1      0      6      1      7     13      3      1      2     11      3      4      1      1      3     11      5      1      1      8      1      7      7      3      0      1      2      4      5      1      7      1      2      2      3      3      2     11      0      1
7681   41     000003 000200 5.000e-01      2      4      0      4      2      4      1      1      0      0      2      0      0      7      1      1      2      5      0      2      2      6      2      4      1      3      5      2      2      0      3      1      1      1      4      0      3      2      3      0      0      1      4      3      4      2      0      1      3      0      2      1      2      1      0      1      1      3      2      0      3      2      3      0      4      0      1      0     12      2     10      5      0      3      5      0      0      0      2      4      2      0      3      1      0      4      0      2      1      1      0      1      2      5      0      4      0      2      1      1
117    0      000007 000378 5.000e-01     11      0      0      9      0      3      9      6      4      3      2      1      7      3      4     13      4      0      3      4      1      7      0      0     16      2      9      3      3      3      6      3      4      3      1      2      7      9      1      4      7      3      7      9      1      0      1      0      1      1      7      1      5      1     12      2      4      5      6      2      1      3      9      3      3      3      1      9      6      3      0      0      2      1      2      4      4      3      4      4      4      2      2      2     11      4      1      4      7      4      4      1      0      5      5      0      0      2      8      2
7524   117    000003 000231 5.000e-01      0      1      0      1      6      5      5      1      3      0      1      3      0      2      6      1      0      2      0      3      0      9      1      3      4      1      3      1      2      1      3      4      7      7      0      1      5      2      2      8      2      1      0      2      1      1      4      6      6      0      2      3      1      5      3      3      3      2      6      0      4      0      0      1      2      2      7      5      6      0      2      1      5      0      0      3      0      6      0      4      0      4      0      0      2      1      0      1      0      2      0      1      0      1      3      5      3      0      4      1
7631   117    000003 000162 5.000e-01      0      1      6      2      0      0      0      0      8      0      0      1      0      4      2      1      3      0      0      3      1      2      0      0      0      1      3      4      0      7      0      0      2      0      0      7      3      0      2      1      2      1      2      1      2      3      0      1      2      2      0      0      0      1      4      1      3      2      1      5      0      1      2      1      3      3      0      0      1      1      0      2      2      3      0      4      4      0      0      2      3      1      3      0      0      3      1      2      3      1      4      3      4      0      0      1      3      1      0      3
7697   117    000001 000081 5.000e-01      0      0      4      1      1      0      0      0      1      0      2      0      0      0      1      1      3      2      0      0      1      0      0      4      1      2      0      0      4      1      0      1      0      1      0      1      1      1      2      0      0      1      2      0      0      1      1      0      1      3      0      0      0      1      1      0      2      0      0      0      0      1      2      1      0      0      0      0      0      1      0      0      0      1      0      2      1      1      0      0      1      0      3      0      2      0      2      4      2      1      0      2      1      1      0      0      0      2      1      0
7496   0      000002 000135 5.000e-01      0      0      3      4      1      1      7      0      1      0      0      0      0      2      1      1      0      1      7      0      0      3      0      1      3      0      2      4      0      0      1      4      1      0      0      1      3      1      3      0      0      0      3      1      2      1      1      0      2      4      1      1      5      2      2      0      0      0      0      0      2      0      0      0      0      2      0      0      0      1      0      0      1      1      2      1      4      1      2      0      4      1      2      0      0      1      1      3      3      3      2      3      2      1      2      1      1      2      5      0
7690   7496   000002 000102 5.000e-01      1      3      3      0      0      0      1      1      1      0      0      1      0      1      0      2      0      1      1      3      1      0      3      1      0      2      0      0      3      0      4      0      0      0      1      2      3      3      0      1      1      1      0      1      3      0      1      1      0      1      0      1      0      0      1      4      1      0      0      3      2      0      1      1      0      1      1      0      0      1      0      0      1      0      0      0      1      3      0      2      1      3      1      4      0      0      0      0      2      0      0      3      7      2      0      0      0      0      0      3
