SCORE -1.38826118026086e+05
ITER 8000
ETA        1.50000000000000e+00 1.50000000000000e+00 1.50000000000000e+00
GAMMA      5.00000000000000e-01 5.00000000000000e-01
GEM_MEAN 5.00000000000000e-01
GEM_SCALE 1.00000000000000e+02
SCALING_SHAPE 1.00000000000000e+00
SCALING_SCALE 5.00000000000000e-01
ID     PARENT NDOCS  NWORDS  SCALE     WD_CNT
0      -1     000100 012518 5.000e-01    193     70    272     91     38     15    102     18     70     19     46    184    259     99    153     43     61     67     35    181    175    390     70    330     74     91     13    121     29     72    270     31     74     10    200     77    156    146     58     38      3     82     61    109    140    172    382    127    261    103     78     75    146    141    110     99    134     33    104    191    126     74    202     30    209    162    118     69     26    204    142    237     53     73    243    326    245    173     83    178     64    207     80    208     82    218     36    193    460     45     19     71    104    163     57    149    142     10    126    119
29     0      000020 001361 5.000e-01     20     13      3     13     26     20      9     25      0      4     23     11     19      7     18      6     21     23     27      5     16     25     80      1     28     18     41     43     19     15     15      5     13     17     17     14     23      1      9      1     27     17      1      2     11     32      7     21      5      8      5      1      2     18      3      6      2     19     10     12     21      7     10     16      7      7     11      4      0      3      7     26      7     19     29     22      5     12     34     20      6     15     15     24     10     11      8      8      9      2      4      6      4     13     20      0      5     15      2     14
1714   29     000018 001121 5.000e-01      9     13     12     36     13      5     13      0     13      2      8     16      8      4      3      5      9     18     12     39     11     24      9     13     13     13      0      4      7     18      5     24     17      7     17     11     26      1     10     21      4     15      4      2      6      0     16      5      4     16     27     11      9      1     16     19      6      8      2      2     16      3     24      6     26     33     15     16      7     12     18      2      3     21      3      4      2      3     15      5      6      3      7      5     12     20     36      0     15      8     37      6      4      7      1      1     15     23     15      4
36530  29     000001 000061 5.000e-01      1      0      0      0      0      0      0      2      0      0      2      0      1      0      3      1      0      1      0      0      0      0      1      0      1      2      1      1      0      1      0      1      0      0      0      0      1      1      0      0      0      0      0      0      0      0      4      1      0      2      0      3      0      0      1      0      0      1      1      0      0      0      1      0      1      3      0      0      0      1      1      2      2      0      1      0      0      1      1      0      0      1      0      0      0      0      0      0      1      1      0      5      0      1      1      0      1      1      0      1
36531  29     000001 000063 5.000e-01      0      0      2      1      0      0      1      1      1      2      0      0      2      0      2      0      0      1      0      0      0      1      0      1      0      1      0      1      0      1      1      0      0      0      1      1      1      0      1      0      1      0      0      0      0      0      0      0      0      0      0      1      0      0      2      3      0      0      0      0      2      1      3      1      0      2      2      1      0      1      0      0      0      1      1      3      0      0      0      2      1      1      1      0      2      1      1      1      2      1      0      0      1      0      0      0      1      0      0      0
36403  0      000002 000157 5.000e-01      2      1      1      0      5      8      0      0      0      1      4      3      0      4      1      4      2      0      3      0      0      2      5      1      0      1      2      2      3      2      1      0      3      2      1      1      2      0     11      1      3      1      2      2      0      1      1      4      2      2      1      1      1      0      1      0      3      0      0      2      3      2      0      2      2      1      1      0      0      2      2      2      2      2      0      3      0      1      1      0      0      1      2      0      4      0      1      0      0      3      5      0      0      0      0      4      2      0      3      0
36483  36403  000002 000099 5.000e-01      0      0      0      1      1      1      0      1      1      0      0      1      0      2      0      0      1      0      1      1      0      0      1      0      1      1      2      0      1      1      0      1      1      1      1      0      0      0      3      1      1      0      0      5      0      2      0      3      1      4      1      1      1      5      2      0      0      0      0      1      0      0      0      0      1      2      0      1      3      1      0      1      1      0      1      0      0      0      1      2      2      0      3      1      0      0      5      1      1      0      0      3      4      1      0      4      1      4      0      2
14     0      000050 003021 5.000e-01     13     12     12     51      0      2     63     16     73     14     11     16     53     10     27     21     25     94     11     11     21      7     64     16     56     24     39      4     11     36     13     29     63     42     22     70     16     50      7     11     32     31     91      1     12     11     81     34     24     19    128      9     72     18     16     18     22     23     57     52     23     56     54      3     30     18      9     67     87     61     10     55     58      3     25     21      5     33     19     27     33      8     12     13     10     14     24     33     13      3     34     39     11     70     24     40     28     24     32      5
4574   14     000047 002881 5.000e-01     11     50     25     19     12     14     48     26     45     17     78      6     54     16     52     87      8     28     29      2     43     18      2     50      6      1     12     25      4     41     20     54      3     15     30      6     83     17     14     16      6     37      3     32      9     28     11     29     46     12      8     41     34     18     17      6      6     29      2     38     52     28     89     32     52     24     92     29     30     25     88      6     15      0     13     36     16      7     42     13     77     34     23     35     18     23     18     60      7     99      6     15     40     17      5     14     61     29     31     81
36528  14     000002 000170 5.000e-01      1      2      6      3      5      2      1      1      2      0      4      1      0      0      4      7      0      2      0      1      1      1      1      0      2      3      0      1      5      1      1      1      1      0      0      1      0      3      1      3      2      0      1      0      1      0      4      1      0      3      1      0      1      2      3      1      2      1      2      0      4      2      0      0      1      0      2      2      3      1      0      0      0      0      0      1      3      3      1      6      2      1      4      1     10      2      0      3      1      6      1      1      0      1      2      3      3      4      2      1
36534  14     000001 000065 5.000e-01      0      0      0      0      0      2      1      0      2      0      0      1      0      0      1      2      0      0      1      0      0      0      0      0      1      0      0      1      0      0      0      0      3      3      0      0      0      0      0      6      1      1      1      1      0      1      0      0      0      0      2      1      2      3      2      1      0      0      1      0      1      0      0      2      1      0      0      3      0      0      4      1      0      2      0      0      1      0      1      1      0      0      0      1      1      1      0      0      0      0      0      0      0      0      1      2      1      0      0      0
41     0      000022 001382 5.000e-01      6     14     11     12      4      2     20      2     39      8     29     11      0      3      6     31      2     21      5     14     14     24     12     22      3      4      7      4     11     30     12     49      9      5     11     31     16     30      3      1     15     13     21      4     12     12      6     19      5      5     48      2     18     19      2      2      4      2      7     32     10     13     20      8     15      3     12      4     18     12     17     38     33      0     20     14     10     15      5     15     17      8     13     11      3     14     14     44     28     31      7      7     35     11     22     12     10      2     11     14
42     41     000021 001276 5.000e-01     15     18      6      5      7      1     15     17     27      6     27      2     12     17     19      8      5     36     11     18      0     10     12     11      2      5      6      7      4      7     19      4     23      6     17      3      7      9      1     20      7      9     29     28      3     30      9     39      5      8     18     22      2     18      0      5      4     18      4      4      5     30      9     11     14     16     17     20     54     25     18     12     10     10     16     15      5      8      1     25     20     26      6     14     17      5     17      4      2      0      5     11     16     38      0     19     14     11      0     23
36532  41     000001 000074 5.000e-01      1      2      1      2      2      0      1      1      1      0      1      1      0      1      0      2      0      0      0      0      0      0      0      0      2      0      3      1      0      0      1      0      0      0      2      0      2      2      1      0      0      2      0      0      1      0      2      1      0      1      1      0      0      2      0      1      0      2      3      0      2      0      1      1      0      0      1      1      1      0      0      1      1      0      0      1      1      2      1      0      0      0      1      1      1      0      0      0      1      0      0      0      1      3      1      0      1      2      1      1
36383  0      000003 000156 5.000e-01      2      2      3      8      0      0      0      2      1      0      1      0      1      1      0      0      0      1      6      1     11      0      4      1      0      1      3      1      1      1      0      4      4      1      2      1      7      0      0      0      1      3      0      1      1      4      1      0      5      0      0      0      1      3      0      3      0      3      0      3      4      7      0      0      0      4      0      0      2      8      0      0      1      0      4      0      0      1      2      0      1      0      2      2      0      1      2      4      0      0      0      1      1      0      4      1      3      0      1      0
36384  36383  000003 000215 5.000e-01      0      2      3      0      3      2      1      0      0      1      5      0      3      2      3      1      0      4      0      2      2      3      0      3      2      1      3      1      5      0      3      5      0      1      0      6      0      7      0      1      4      0      0      1      1      0      7      4      4      5      4      2      8      5      1      2      1      1      0      2      3      1      0      1      0      3      0      2      2      1      4      7      0      1      2      5      8      2      0      0      3      1      0      1      1      4      0      1      5      7      3      1      2      2      1      1      3     10      0      0
36476  0      000003 000179 5.000e-01      0      1      2      5      1      0      1      0      6      1      1      0      0      1      1      2      2      2      0      0      3      2      0      1      4      0      1      1      0      5      0      3      0      0      1      2      6      1      1      2      1      4      2      1      3      3      3      0      6      0      1      0      0      0      0      1      1      1      2      0      2      2      3      3      5      3      0      4      0      7      4      2      0      6      2      3      6      1      2      7      3      0      2      0      7      3      0      2      0      4      2      2      0      2      0      0      1      0      0      1
36524  36476  000001 000054 5.000e-01      0      1      3      0      1      0      1      2      0      0      0      1      0      0      0      0      0      0      0      1      0      0      0      0      0      0      1      0      0      1      0      1      2      0      1      3      0      0      1      0      2      0      2      0      0      0      0      0      0      0      1      1      0      0      0      0      0      0      0      0      0      1      0      1      2      0      0      2      1      0      0      0      1      0      2      0      0      0      0      2      0      0      1      1      0      4      1      1      1      0      2      1      1      1      0      0      1      0      1      0
36529  36476  000001 000078 5.000e-01      2      0      2      0      0      0      1      1      1      1      2      1      1      0      0      2      0      1      3      0      2      1      1      1      1      2      0      1      0      0      0      0      0      0      0      3      0      1      0      2      2      1      0      0      2      0      1      0      2      0      4      2      0      0      1      0      0      0      0      1      1      0      0      2      0      0      1      1      1      2      1      0      0      0      0      0      0      0      0      0      2      2      0      1      1      3      1      1      1      1      1      2      0      1      1      0      1      1      0      0
36533  36476  000001 000069 5.000e-01      0      2      2      1      0      1      0      1      0      1      2      0      1      1      0      0      0      0      0      2      1      0      1      1      0      0      0      0      1      0      0      0      0      0      0      2      0      0      0      0      0      0      0      1      1      2      0      0      0      0      2      2      1      0      0      0      0      2      0      3      0      1      1      0      0      0      2      1      1      2      2      4      0      1      1      0      0      0      1      0      0      1      2      1      1      0      1      1      0      1      3      1      0      2      1      1      0      1      0      1
