SCORE -1.38576486426980e+05
ITER 5000
ETA        1.50000000000000e+00 1.50000000000000e+00 1.50000000000000e+00
GAMMA      5.00000000000000e-01 5.00000000000000e-01
GEM_MEAN 5.00000000000000e-01
GEM_SCALE 1.00000000000000e+02
SCALING_SHAPE 1.00000000000000e+00
SCALING_SCALE 5.00000000000000e-01
ID     PARENT NDOCS  NWORDS  SCALE     WD_CNT
0      -1     000100 012805 5.000e-01    152     52    212    100     12      5     59     53     44     23     87    159    314     81    142     85     46    189     35    144    199    325     91    205    100     98     21    144      2     63    273    126    147     48    251    185    218    154     63     33     37    111     57     59     66    189    412    166    208    138    165     29    208    135     55     86     28     13     61    199    144    120    243     38    234    163    180     86     39    247    133    290     65     17    231    357    160    127     93    168    114    220     94    250     50    148      0    223    427     53     17     52    107    235      3     80    151     47     95    142
29     0      000021 001351 5.000e-01     19     18     25     38     39      9     15     14      2      2     15     21     13      2      2      4     21      7     21     19     30     28     77     26     14     10     18     21     25     22      2      2      7      3     14      2     16      5     10     13     24     15      6      0     24     30      1      0      1     10      9     10      0     13      5     17     31     17     16      2     10      3      8     16      6     31      6     16      1      2     23      5      2     41     24     10      8      8     13     13      3      8     10     14      7     20     43      3     15      2      7     11     15      8     14      3     21      8      9      2
1714   29     000014 000849 5.000e-01     15      3      2      0      9     12      0      1     17      2      2     13      5      6     11      0      9     11     13     20      1     39     15     10     16     17     13     20      7      9      5      6      0      5      3      7     22      6      8      9      8      9      6     11     14     11     12     13     11      2      5      8      2      2     15      7      5      5      3      0     11     11     18      3     23      4     13      6      1      9      2      8      2     12      7      5      1     20     34      4      3      0      1      4     11     16     13      2      2      2     27      7      0      0     13      3      2     12     11      8
24741  29     000006 000341 5.000e-01      0      6      1      4      0      6      8      5      2      0     14      5      1      3      8      1      7      9      4      2      3      2      6      2      2      4      6      5      3      2      1      2      6      4     14      1      8      0      1      0      1     10      0      1      5      0      4      1     10      7      3      2      1      1      5      2      0      8      3      4      3      1      2      1      2      1      2      1      5      5      1      1      1      0      1      0      5      1      4      7      1      1      0      0     10      9      1      3      1      6      4      7      0      1      8      2      4     10      0      3
25183  29     000001 000089 5.000e-01      2      1      0      0      1      2      0      1      0      2      1      1      0      4      0      0      0      1      1      2      1      4      0      1      1      0      4      3      0      2      0      0      2      1      4      0      0      2      0      0      0      0      0      1      0      0      2      2      2      0      0      0      1      2      3      1      0      1      0      0      4      1      0      0      0      0      1      1      0      1      1      0      0      0      0      1      1      0      0      0      0      4      1      4      0      0      0      0      2      0      1      2      0      0      1      1      0      3      0      0
24937  0      000002 000142 5.000e-01      1      0      1      0      7      5      1      1      0      1      0      1      0      5      2      0      2      0      1      1      0      0      5      2      0      0      4      1      0      3      1      2      3      0      1      0      0      0      4      0      2      0      1      0      1      0      1      2      0      3      0      0      1      3      4      1      5      1      4      2      0      1      1      0      1      2      1      2      1      4      0      1      1      0      0      2      1      0      0      0      0      0      1      0      2      0      6      0      0      2      2      2      4      1      0      9      0      3      2      4
25164  24937  000002 000134 5.000e-01      1      1      0      1      1      4      1      0      0      0      2      1      1      1      0      3      0      0      2      1      1      0      1      1      0      0      1      1      4      2      0      0      0      2      0      1      2      0     12      3      1      1      1      5      1      3      1      1      2      1      0      2      0      1      0      2      1      0      0      0      1      0      1      1      5      0      1      1      2      2      0      1      2      1      0      1      2      1      4      1      2      4      6      1      1      0      2      1      2      0      3      1      0      2      1      3      0      1      3      0
14     0      000044 002680 5.000e-01     26      7     53     65     14      2     93      8    101      2     43     12     45      6     54     53     16     19      3      5      7     32     31     82     15     15     30     10      4     45     16      8     13     22      9      8     31     21      3     18     12     36     63     19     13      9     49     11     28      6     41     21     10     37     50      9     59     21      9     26     65     33     60     23     31     10     42     56     18     12     97     23      9      3     22     15      9     16     34     48     32      8     19      2     56      3      8     45      6     20     10     24     34     32     31     33     19      9     47     40
4574   14     000039 002340 5.000e-01     11     57     16     18     10      4     31     19     23     22     22     20     17     23     28     30     15     26     31     18     25     32      5     16     24      8     22      4     20     22     17     13     15      9     17     10     24     21      8     11      8      6     21     30     25     16     13     25     61      7     48     42     35     16     11     12     16     33     53     62      6     14     29      9     22     22      7     15     71     36      0     21     51     19     26     24     54     25      8      9     39     18     15     17      1     62     44     24     22     68     34     34      0      7     23     48     58     15      9     30
23406  14     000005 000304 5.000e-01      3      1      1      0      4     11      2      1      8      0      0      1      0      2      2      4      5      4      3      3      1      3      0      2     11      0      2      1      9      5      0      2      4      2      0      4      1     11      0     13      2      4      5      4      1      1      4      2      1      1      5      2      4      2      7      1      1      0     10      0      2      2      2      2      3      1      1      1      6      6      1      0      0      5      0      5      9      3      3     10      1      1      1      1      7      2      5      0      1      6      2      0      4      6      1      3      6      6      6      0
41     0      000029 001739 5.000e-01     36     51     10      2     20      1      8      0     68      0     14      2     16      1     31     23      3     13     10     42      7      6      9     80      1      7      3      2      5     39     37     31      1      6      5      7     10     32      6      4     12      7     20     30     37     26     21     18      7      4     36     26     15     30      5     18      0      3      0     35     15     21      8      7     21      6      2     36     37      8     15     34     21     13     25     26     10     54      3     33     26     17      4      7      9     27      4     25     19      5     10     14     26     29     36     58     16      5      3      5
42     41     000028 001675 5.000e-01      5      1     25     14      1     10     48      8     12     21     29     15      0     27     11     14      7     16      7     16     16     35     19     18      6      8      7      3     18     15      1     16     15      6      2      1      8     12      4     16      3     11     32     21     11      6     12     43     32      5     15     31     11      1     13      6     32     36     28      1     11     11     41     15     15     35     24      4     46     33     43      8     29     23     20      3     36      3      6      6      9     19     22     12     22     32     33     23     36     38     10     11     31      8      6      3     13     13     34     25
25182  41     000001 000069 5.000e-01      0      0      1      2      0      1      0      0      3      0      1      1      1      1      2      1      0      1      0      2      1      0      0      1      1      1      0      1      0      1      0      0      2      0      1      1      1      1      0      0      2      1      1      1      0      0      0      0      0      0      0      0      1      3      0      1      0      1      1      1      0      2      1      0      0      0      1      0      0      0      0      3      0      0      2      0      0      2      0      2      0      1      0      1      2      1      1      1      0      0      0      0      0      0      1      1      1      1      0      3
22942  0      000004 000240 5.000e-01      4      3     13      3      0      2      9      0      1      0      4      2      0      4      0      1      2      2     12      0      1      1      3      5      5      0      0      3      2      0      1      2      0      0      0      2      3      0      0      4      0      0      2      8      3      0      3      0      3      1      2      1      1      5      1      3      2      4      1      4      0      5      3      4      0      1      1      0      5      1      1      0      2      2      0      3      7      0      1      2      4      6      0      6      1      0      3      5     11      8      0      5      2      1      1      3      1      0      5      2
25175  22942  000002 000135 5.000e-01      0      1      5      0      0      1      2      2      0      1      4      0      0      0      0      0      0      0      1      1      7      1      1      1      0      0      2      0      1      0      4      2      1      2      0      2      1      4      1      0      0      1      3      0      2      6      0      0      4      1      1      1      6      0      1      0      3      0      5      2      3      1      0      0      1      5      1      1      3      0      0      0      0      0      5      1      0      1      4      0      2      2      0      0      0      3      0      1      3      1      0      1      1      1      2      1      2      4      0      1
25170  22942  000002 000107 5.000e-01      1      1      1      1      0      0      1      3      1      1      6      1      1      2      0      3      3      1      0      2      0      0      0      0      0      0      1      0      1      2      3      0      0      0      2      1      1      0      1      0      0      4      0      0      0      1      0      4      0      2      0      0      2      2      2      1      2      0      1      5      0      2      0      0      2      0      0      1      1      2      1      1      2      3      0      1      4      1      3      0      1      0      0      1      1      1      2      1      0      1      2      1      0      2      0      0      0      0      1      2
