SCORE -1.37874221696912e+05
ITER 7559
ETA        1.50000000000000e+00 1.50000000000000e+00 1.50000000000000e+00
GAMMA      5.00000000000000e-01 5.00000000000000e-01
GEM_MEAN 5.00000000000000e-01
GEM_SCALE 1.00000000000000e+02
SCALING_SHAPE 1.00000000000000e+00
SCALING_SCALE 5.00000000000000e-01
ID     PARENT NDOCS  NWORDS  SCALE     WD_CNT
0      -1     000100 012417 5.000e-01    189     17    288    100     31     22     31     35    129     11    117    160    347     49    172     20     37    139     28    191    183    320    143    349    105     81     10    125     47    118    273      6     63     11    216    113    206    133     40      4     40     91     17     52     87    198    453    203    291    119     96     88    171    153     43     80     97     33     87    205    202     77    229     20    208    155    109    131      5    256    242    192     11      7    237    292    255    142     53    181     19    180    102    155     90    161     24    261    419     34     18     85     89    201     46     23    135      3     25     80
29     0      000022 001433 5.000e-01      3     32      3     34     14      8     13      8      2      2      9     18      7      1      8     10     27     39     17     13     39     23     72      0     24     16     28     36     14      1      5      9     18      8     10     11     17      5     13      6     16      6      2      1      7     28      2      4      2     12     25      0      3      8     22     11     16     10      6      8      2      7     27     13      9     35     10      6      5     16      9     18     12     39     32     32      9      7     25     15     18     14     18     44      1     40     17      4     19     10     26      2      2      9     16      2      3     35     10      3
1714   29     000014 000858 5.000e-01     14      6      0      2     26     12     17      6      5      7      4      7     14      6      1      2      2      0     20     21      1     46     12      4      8     15      3      1      8     18      1     23      4     12     13      7     12      7      3     21      6     25     15     10     17      4      9      9      1      2      1      1      1      8     13      7     10      6      8      1      8      4      2      7     19      8     17      7      3      2      3     22      5     15     10      3      0      5     22      3      3      0      1      4     18      3     37      0      0      3     10      2      0      5      7     12     10      3     16     14
34273  29     000003 000162 5.000e-01      0      2      0      2      3      3      1      1      0      3      3      0      0      6      1      1      1      0      0      2      2      4      0      0      0      0      7      2      1      4      3      2      6      1      4      1      3      2      4      2      1      6      0      0      0      1      2      0      1      0      3      0      1      1      0      2      0      4      0      2      9      2      0      1      1      0      2      1      2      1      0      1      1      3      2      0      5      1      0      0      2      2      0      0      0      1      0      2      0      2      2      1      0      2      1      1      6      5      1      1
34005  29     000003 000174 5.000e-01      4      2      0      2      2      0      0      2      0      0      4      3      1      4      1      3      3      0      0      2      1      1      0      1      2      1      1      6      1      0      0      0      0      1      4      0      2      3      1      1      2      1      0      0      5      2      7      6      2     12      0      5      1      0      0      2      1      5      4      1      0      1      4      1      3      1      1      0      3      0      2      0      0      0      1      3      0      5      5      2      0      1      0      0      1      2      0      2      4      2      0      4      3      0      0      1      1      3      0      3
34393  29     000001 000084 5.000e-01      1      0      0      1      2      0      1      4      1      1      1      2      0      0      0      1      0      1      0      3      0      1      2      3      2      3      3      0      2      3      1      1      1      2      1      0      0      0      2      1      2      2      2      0      1      0      0      1      1      1      0      1      0      0      0      1      0      0      0      0      0      0      2      1      0      0      0      1      0      1      0      0      0      0      1      0      0      1      1      0      1      3      3      0      1      1      0      0      0      2      1      1      0      0      0      1      1      1      1      0
34399  29     000001 000095 5.000e-01      0      1      0      0      1      0      0      1      0      1      0      0      0      0      0      0      0      1      0      0      2      0      0      2      0      1      1      1      1      0      0      4      1      1      2      3      3      1      0      1      1      1      0      2      1      1      1      1      2      1      2      1      1      1      0      3      2      1      2      1      0      2      2      1      3      1      2      1      1      3      2      2      0      0      1      1      2      1      0      0      1      1      0      1      0      1      0      0      0      0      0      2      1      0      0      3      0      2      4      0
33921  0      000002 000139 5.000e-01      0      2      0      1      3      7      1      1      0      0      1      2      0      3      1      1      3      1      0      0      0      0      4      0      0      0      2      0      3      0      0      1      0      1      4      1      1      0     13      1      3      0      1      5      0      0      1      4      1      5      1      1      0      4      3      0      2      0      3      0      0      0      1      2      2      0      4      1      1      1      0      0      2      3      0      0      0      0      0      2      1      0      3      0      0      0      7      1      1      0      1      1      2      1      0      3      2      3      2      0
34394  33921  000001 000074 5.000e-01      1      0      1      0      2      2      1      0      0      1      1      1      0      1      0      0      0      1      1      0      1      0      0      0      1      1      3      1      0      2      0      0      0      1      1      1      0      0      3      1      0      0      1      0      1      2      1      0      2      0      2      0      0      0      0      0      1      0      2      0      0      0      0      1      2      1      2      0      2      1      0      3      1      0      0      1      1      0      1      1      1      0      1      0      3      0      0      2      0      0      0      0      1      0      0      5      0      0      1      2
34398  33921  000001 000091 5.000e-01      0      0      1      0      2      0      0      0      0      0      0      1      0      1      0      5      1      0      3      0      2      2      0      0      0      1      0      1      0      2      0      2      3      1      1      0      0      0      0      1      1      0      0      3      1      0      0      0      0      1      1      0      1      0      1      1      1      1      0      1      1      1      0      0      3      0      0      0      1      1      0      0      3      0      1      2      0      0      3      1      1      4      4      0      0      0      1      0      0      3      4      1      3      0      0      5      1      1      2      1
14     0      000050 003155 5.000e-01     12     46     22     60     14      2     63     10     65      0     18     10     10     42     47     99     13     15      1      7      4     24      6     27     26     15     29      2      4     30      6     99     79     12     21     21     39     16     13     47     11     26     84     17     25      8     32     15     36      8    119     12     46     27     56     26     36     33     48     49     25     37     73      5     15     24     11     18    112     54     19     33     33     19     18      6      6     48     46     39     99     29      4     26      9     45     18     34     23     21     12      0     22      1     31     94     86     14     97     59
4574   14     000043 002593 5.000e-01      6     40     22     16      4      6     74     28     13     35     35     14     25     18     33     31     27     64     45     12     36     32     16     28     10      5     16     22      2     16     31      1      5     32     13     36     25     44      8      2      8     31     28     51     19     15      5      7      3     14     12     27     44      9      4     13      2     19     12     41     15     45     35     35     53     19     95     49     15      1     20     54     51     16     32     59      5     21     34     12     25     21     19     47     20     23     25     23     25     85     26     45     38     61      6     26     12     35     22     51
34240  14     000007 000498 5.000e-01      5      1      0      6      3      7     19      1     10      0      8      4      2      1      4      0      2      3      1      6      7      8      2      3     12      5      8     10      1      4      2      0      1     14      8     12     11      4      3     11      8      5      3      4      4      5      0      3      8      3      7      8      2      0      8      2      9      7      2      2      1      0      3      7      1      8      4      4      2      2      9      6      9      4      0     11      4      4      3     16     14      2      2      3     13      6      3      1      1     12      5      3      4      9      9      1      2      6      1      4
41     0      000023 001436 5.000e-01     17     42      8     16      1      3     45     14     29      3     39     22      3     22      2     18      1      3     21      8      6     19      2     19      2      2     16      7      3     14     21     32      7     11     11     14     15     42      1     17      6     14     31     28     31      2      7     13      4      3     29      1     21     38      3      3      0     18      7     17      6     40     22      8     12      5     19      2      4     18      6     23     12      7     15     36      5     19     13      6     24     27      4     21      9     14     19      5      3      6      5      9     25     19     16     43      9      5     21     20
42     41     000021 001273 5.000e-01     20      3     10      2      6      0      5      3     21     10      1      8      4      9     21     25     10     31      6      9      8     19      1     12      0     15      2      2      9     17     14     27     25      2     12      1      8      2     10      5      5      3     26     12      1     26     10     19     10      0     24     23      1      1     15     14      3      3     11     13      2      4     11     14     23     17      6      2     69      7      2     36     42     17      5      2      6      5      0     13     19     19      5     17      9     20      9     16     48     27     10      9     33     24      7     23     23     12     18     27
34396  41     000001 000078 5.000e-01      1      3      4      0      0      3      0      0      0      0      0      1      0      1      0      1      3      0      0      3      0      0      2      0      0      2      1      0      0      1      1      2      0      0      1      0      0      0      1      0      0      0      1      0      0      0      0      3      0      1      1      1      1      0      0      0      2      1      1      0      0      1      0      0      0      0      0      0      6      1      1      1      2      1      0      1      1      1      0      3      1      1      0      1      0      1      0      2      0      1      1      2      0      0      1      3      0      2      0      0
34397  41     000001 000058 5.000e-01      0      0      0      1      0      0      2      0      0      0      0      1      0      1      1      0      0      0      1      1      2      5      0      0      0      0      0      0      0      0      0      0      1      0      0      1      2      1      2      0      0      0      0      0      0      1      1      0      0      2      1      2      2      0      1      1      0      0      0      0      0      1      0      0      0      2      0      0      2      1      0      0      1      1      3      0      1      1      0      0      1      1      0      0      0      2      0      0      0      2      0      2      0      0      0      0      0      2      1      1
34310  0      000003 000180 5.000e-01      0      6      1      3      2      0      3      2      4      1      0      0      0      1      0      2      2      0      0      0      3      3      0      2      3      0      2      0      3      2      1      1      1      0      0      9      0      2      2      0      1      4      2      3      3      2      1      0      0      4      5      3      1      1      1      0      3      1      0      1      1      3      1      1      7      2      0      3      1      0      1      4      2      6      5      4      1      0      1      5      5      1      4      0      3      4      1      1      1      1      4      1      1      0      0      3      1      3      0      1
34377  34310  000002 000128 5.000e-01      3      0      5      1      1      0      2      0      2      0      2      0      1      2      0      2      2      0      0      0      2      0      0      1      1      4      2      3      2      0      1      1      1      0      0      0      1      5      2      3      1      1      5      2      0      0      2      0      4      0      0      0      0      2      6      1      0      0      2      0      0      3      4      2      0      3      1      1      1      0      0      0      0      0      0      1      3      1      2      3      2      0      4      0      2      0      4      2      2      1      1      1      0      0      0      0      2      1      3      0
34395  34310  000001 000074 5.000e-01      0      0      1      1      1      0      0      0      1      2      1      1      0      0      1      1      2      1      0      0      1      1      1      1      0      1      0      0      0      0      1      1      0      0      1      1      1      2      0      0      0      0      0      0      0      3      1      0      2      0      1      1      1      0      1      0      0      1      0      1      3      0      1      0      5      0      0      0      1      2      2      1      0      1      0      0      3      0      1      1      0      3      0      1      1      0      0      1      1      0      3      1      0      1      1      2      0      1      0      0
