SCORE -1.41238206796993e+05
ITER 0
ETA        1.50000000000000e+00 1.50000000000000e+00 1.50000000000000e+00
GAMMA      5.00000000000000e-01 5.00000000000000e-01
GEM_MEAN 5.00000000000000e-01
GEM_SCALE 1.00000000000000e+02
SCALING_SHAPE 1.00000000000000e+00
SCALING_SCALE 5.00000000000000e-01
ID     PARENT NDOCS  NWORDS  SCALE     WD_CNT
0      -1     000100 011151 5.000e-01     88     63    220    100     19      7    162     24    161      8     49     82    225     48    146    107     32    133     25    162    146    341    104    315    103     64      6     28     19     50    216     99     63     19    197    119    198     88     20     19      4    100    105     62     75    179    419    130    130     33    206     83    114    118     65     19     81     31     48    179    154    105    275     29    230    128    151     88     94    221    138    177     64      7    158    326    184     85     36    180     47    164     15     97     66    141     56    146    420     62     25     70     52    162     45    104    133     18    125    117
1      0      000008 000559 5.000e-01     10      4     10      9      2      1      3      1      1      0     20      2      8      7      6      8      4     10      2      0      6      9     14      5      2      3      7     14      3     12      8      5      3      5     10      3      3      5      1      0      1      0     13      6      6      0      8     13     12      5      7      1      7      5      1      5      1      5      4     16      2      3      3     10      7      6      3      6     10      2      3     14      9      5      2      1      2      9      5      4     11      6     10     14      5      3      4      1      3      3      1      6     13      3      1      7      6     10      3      1
2      1      000002 000122 5.000e-01      0      2      0      4      0      0      1      0      5      2      2      1      1      0      2      2      0      1      1      0      6      2      0      5      1      0      0      0      2      3      0      0      2      2      1      0      2      1      0      0      2      0      0      0      0      0      3      1      3      0      3      0      2      0      1      1      2      1      0      0      1      0      1      0      4      0      2      1      2      1      1      0      1      1      2      2      1      0      1      1      0      2      5      1      2      1      2      4      1      2      3      0      0      2      0      0      2      0      1      2
5      1      000003 000197 5.000e-01      1      1      2      1      1      2      5      3      1      1      0      3     14      0      2      0      0      6      2      1      6      1      6      3      0      2      1      3      0      1      2      1      2      2      3      1      0      2      1      0      0      2      4      1      2      1      1      0      4      3      1      0      3      1      1      5      0      3      1      0      2      1      5      1      1      3      5      0      0      1      4      3      2      0      2      1      0      0      2      1      3      2      1      3      2      8      2      2      1      4      2      0      3      5      2      0      0      1      0      6
59     1      000002 000149 5.000e-01      3      2      1      0      1      0      1      1      2      1      0      4      3      1      1      1      0      6      1      4      0      4      2      1      1      0      0      0      0      2      0      3      1      0      1      0      1      3      2      1      3      0      2      0      0      1      3      1      2      1      3      1      0      3      0      2      0      2      1      2      1      1      2      2      2      2      0      2      0      0      0      1      2      2      3      2      1      4      0      2      3      4      4      0      1      2      0      3      2      1      3      1      3      2      2      1      4      0      1      1
285    1      000001 000070 5.000e-01      0      0      1      2      0      1      2      1      0      0      2      1      1      0      0      1      2      2      2      0      1      2      0      0      1      0      0      2      0      2      0      2      0      1      0      5      1      0      1      0      0      2      0      0      0      0      1      0      0      0      0      0      0      2      0      1      0      0      0      0      2      0      0      1      1      0      0      0      0      0      3      0      1      1      1      0      3      1      1      0      2      2      0      0      0      0      0      1      0      2      1      1      1      0      0      0      0      1      1      1
8      0      000007 000420 5.000e-01     11      6      7      0      0      0      7      4      0      1      6      1      1      5      3      6      2      4      2      2     10      2      3      6      0      2      0      3      1      6      7      3      6      0      5      2      4      8      1      4      4      1      4     12      1      1      4      5     13      0      2      2      8     10      0      4      4      1      4      2      0      9      6      1      1      3      3      5      4      2      6     11      6      3      3     12      5      9      4      0      4      7      2      7      3      0     10      7      6      2      2      0     10      7      0      9      7      1      9     11
9      8      000003 000212 5.000e-01      2      1      3      0      1      0      0      1      0      2     10      3      1      6      0      0      3      1      0      5      2      1      1      3      0      4      1      5      1      4      1      3      4      0      3      0      2      2      1      1      1      1      0      0      1      0      1      2      4      2      1      2      6      3      3      1      1      2      1      2      3      1      1      0      1      3      2      1      6      2      1      4      4      1      5      3      6      3      6      1      3      4      0      5      0      0      1      1      5      5      0      1      1     10      2      4      2      1      0      1
115    8      000001 000086 5.000e-01      0      0      0      0      0      0      0      0      2      0      1      2      1      0      2      0      1      0      0      2      0      3      1      0      0      1      2      1      0      1      2      0      0      0      0      0      2      0      1      0      2      0      1      0      3      3      0      0      1      1      0      3      1      1      0      1      3      0      3      3      1      2      0      1      0      0      1      1      0      0      2      2      0      1      0      2      1      0      0      2      1      1      0      1      1      0      0      2      1      2      1      0      0      4      1      1      1      1      1      0
179    8      000002 000178 5.000e-01      0      2      3      6      0      1      0      0      2      4      5      0      1      2      7      0      0      1      3      1      1      0      1      1      1      2      2      4      1      0      0      1      1      1      1      0      3      1      0      0      0      1      0      0      1      3      2      1      0      2      2      4      5      3      0      1      0      0      4      4      4      1      1      0      0      2      2      0      4      9      7      3      4      0      3      0      0      3      3      1     10      2      2      1      1      4      2      0      3      0      0      1      0      5      0      4      1      0      1      2
182    8      000001 000072 5.000e-01      1      1      1      0      0      1      3      0      2      0      0      2      1      1      4      1      0      0      0      0      1      2      1      0      0      2      0      0      1      1      0      0      1      1      0      0      0      1      0      2      0      0      1      0      1      2      0      1      0      0      3      0      0      0      0      0      1      1      0      0      0      0      2      1      2      1      1      0      1      0      0      2      1      1      2      0      0      0      1      0      1      1      0      1      0      2      2      0      2      1      1      0      1      0      1      2      0      0      0      1
14     0      000006 000411 5.000e-01      1      0      5      5      0      1      2      2      4      1      5      7      9      0      0      6      6      6      0      1      2      9      7     11      0      3      2      3      2      3      3      3      3      2      2      0      7     12      0      3      3      1      7      4      7      3      5      4     12      2      5      1      6      3      4      2      4      1      4      7      4      4     18      4      5      2      0      6      3      5      2     10      0      1      6      3      0      9      5      7      1      5     11      2      8      8      4     10      1     15      0      2      4     10      1      1      1      6      4      0
15     14     000002 000119 5.000e-01      1      3      0      2      2      0      1      0      1      0      4      0      0      2      4      0      0      1      1      0      0      0      0      2      0      3      1      2      2      2      2      0      1      2      1      2      0      1      3      0      0      0      1      4      0      0      2      2      2      1      2      4      2      0      0      0      3      0      3      0      0      1      2      0      0      1      1      0      0      1      0      1      1      1      0      0      2      1      1      4      4      0      4      2      1      1      0      6      0      3      1      0      0      1      0      0      2      1      2      2
26     14     000001 000081 5.000e-01      2      0      0      0      0      0      0      0      0      0      0      0      1      2      1      0      3      2      0      5      2      0      1      0      0      2      3      1      1      2      3      1      0      0      0      0      1      2      0      0      1      1      0      2      0      1      0      0      0      0      0      1      2      0      2      1      0      0      0      0      4      0      0      0      1      1      0      0      1      1      2      1      1      1      5      2      2      1      0      1      0      0      0      0      0      0      0      0      1      0      1      0      0      1      0      4      0      1      2      1
93     14     000001 000087 5.000e-01      3      2      0      1      1      0      1      0      2      1      1      2      1      1      1      0      0      0      1      0      1      0      0      1      0      1      0      0      1      0      0      1      0      1      2      1      2      1      0      2      0      0      0      0      2      4      0      1      0      1      1      0      0      3      1      1      0      0      2      0      5      1      2      2      3      2      1      1      0      1      0      1      0      1      0      0      0      3      1      1      0      1      1      0      0      4      0      1      0      0      2      0      2      0      0      0      1      1      0      1
127    14     000001 000097 5.000e-01      0      0      1      3      0      1      1      0      0      0      0      0      0      0      3      1      1      0      1      0      0      0      0      0      0      5      0      1      0      0      1      1      0      0      3      0      1      0      0      0      0      0      2      0      2      0      0      2      1      3      2      1      3      1      0      1      1      1      1      1      1      1      0      0      0      1      7      0      0      1      3      2      0      0      1      3      0      0      3      0      1      4      0      5      0      0      1      1      1      0      2      3      1      1      3      0      0      1      1      3
232    14     000001 000082 5.000e-01      1      1      1      0      0      0      1      1      1      0      1      0      0      2      2      1      1      2      2      0      0      1      0      0      0      1      2      0      1      1      0      0      1      0      0      3      1      0      0      1      0      1      2      1      0      0      2      1      1      1      3      0      1      2      3      0      0      1      1      2      1      1      0      0      0      0      0      0      0      0      1      1      0      0      2      1      2      2      2      1      1      0      0      1      3      0      0      2      0      1      1      0      1      2      0      0      3      0      0      2
18     0      000005 000320 5.000e-01      6      8      7      1      3      0      3      1      2      4      0      2     10      2      4      2      0      6      0      0      2      4      0      1      0      0      0      2      1      7      0      4      3      1      2      1      3      3      1      1      3      1      3      0      6      2      3      2      9      3      5      0      5      1      3      1      0      1      2      8      5      9      1      0      4      5      2      4     15      0     10      4      2      0      8      1      7      6      2      8      0      0      0      6      4      1      5      6      0      5      3      2     11      8      2      5      4      2      2      6
19     18     000001 000039 5.000e-01      0      1      0      0      0      0      1      2      0      1      0      0      0      0      0      0      0      0      2      0      0      0      2      0      0      0      1      1      0      0      0      0      0      1      1      0      0      0      0      0      1      0      1      0      0      0      2      0      2      0      1      0      2      0      0      2      0      0      0      0      1      0      0      0      0      0      0      0      1      0      0      1      0      1      1      0      0      0      0      0      0      0      1      0      0      0      0      0      0      0      0      0      0      2      1      1      0      1      1      3
29     18     000004 000290 5.000e-01      7      3      0      4      2      3      2      1      8      1      6      2      4      3      3      5      0      9      1      1      5      3      1      7      1      2      0      2      1      5      3      3      4      1      4      5      2      5      0      2      2      5      4      5      4      2      1      7      3      2      1      3      5      3      4      2      1      2      1      5      3      2      3      3      1      0      3      1      2      4      2      4      2      1      3      1      1      7      0      1      7      0      7      5      2      9      1      9      2      4      0      0      0      3      2      2      0      1      1      8
22     0      000006 000386 5.000e-01      5      5      1      3      1      0      1      0      7      1      8      4      7      1      5      1      1      7      7      0      4      7      4      5      2      0      1      0      1     12      2      2      0      4      0      1      1      0      2      4      0      7      6     10      3      3      3      1      7     16      1      0     10      0      2      8      3      3      2      1      4      4      1      2      4      2      6      3      5      6      6      2      3      4      2      1      6      7      3      3     10      7      5      8      1      3      2     12      4      6      0      6     12      1      2      3      7      2      1     17
23     22     000003 000179 5.000e-01      8      0      3      2      0      1      0      1      2      1      2      1      2      1      2      0      2      5      2      0      5      2      0      1      0      2      0      6      1      1      5      1      5      3      7      0      1      3      0      0      1      1      0      1      1      1      2      3      4      1      3      4      0      6      2      0      1      2      0      6      1      1      2      2      0      2      0      1      3      1      2      6      2      4      2      0      0      2      1      0      0      0      2      3      1      3      0      2      0      0      3      5      0      1      2      3      0      1      3      1
54     22     000002 000119 5.000e-01      0      1      0      1      0      1      2      0      2      2      1      2      0      4      1      1      0      0      1      2      1      2      0      1      0      0      0      3      1      1      0      2      0      0      0      2      5      1      1      0      0      4      0      3      1      1      0      0      1      1      2      1      0      1      0      3      1      1      1      0      1      3      3      1      1      1      4      0      1      4      1      0      3      1      2      0      2      0      1      0      3      4      0      1      1      5      0      0      0      1      0      0      0      2      1      0      0      2      6      2
134    22     000001 000101 5.000e-01      3      1      1      1      0      0      2      0      0      0      3      4      3      0      1      1      0      0      1      1      0      3      0      2      0      0      0      1      1      1      1      2      3      0      1      0      0      2      2      0      0      1      0      1      1      1      0      1      1      0      2      1      1      1      0      1      0      4      3      2      0      2      3      0      1      2      1      0      2      2      2      0      2      2      1      2      0      1      2      2      0      2      1      0      0      0      1      1      0      2      0      0      0      0      2      1      2      0      0      0
32     0      000004 000270 5.000e-01      7      4      1      0      5      0      2      2      0      3      1      3      2      0      2      1      1      4      3      2      1      6      2      2      1      2      3      3      0      7      3      3      3      4      2      0      0     14      2      1      0      2      4      2      0      1      1      0      1      7      1      3      3      8      2      6      1      2      0      4      1      2      3      0      6      1      1      3      3      6      5      8      1      2     10      3      2      4      8      0      0      3      6     11      2      1      0      3      1      1      2      0      0      2      6      0      4      1      3      5
33     32     000003 000191 5.000e-01      7      0      0      1      2      2      0      2      2      1      2      1      4      1      0      0      2      1      3      2      4      1      1      2      2      0      2      4      2      2      2      2      1      0      2      6      3      0      0      0      0      0      2      0      3      2      0      4      6      1      1      2      1      1      7      0      1      2      6      4      0      3      2      0      5      1      3      1      1      2      0      3      1      5     10      3      1      0      1      2      5      0      1      5      2      1      4      3      4      0      1      0      2      4      0      2      1      0      0      0
145    32     000001 000047 5.000e-01      1      1      0      0      1      0      1      0      0      0      0      0      0      0      0      2      1      1      0      0      0      0      0      1      0      0      0      1      0      0      2      0      1      1      0      0      1      0      1      0      0      0      0      2      0      0      0      0      1      0      0      2      0      0      0      1      2      0      1      1      0      0      0      1      0      0      1      0      0      0      1      2      1      0      0      1      2      0      1      1      0      0      0      0      1      2      0      0      1      1      1      1      0      0      0      0      1      1      0      1
42     0      000006 000392 5.000e-01      4      2      2      5      3      1      3      2      1      1      9      3      4      5      5      2      4      7      0      2      4      5      2      4      4      2      2      2      2     13      3      7      9      5      1      1      0      5      3      3      2      3      3      3      3      6      3      7      6      1      3      2      1      1      5      3      4      2      9      0      1      2      3      2     10      0      5      3      5     12      9      9      9      2      0      2      3      5      1      1      5      3      3      6      0      3      1      7      9      7      7      5     15      6      0      8      4      5      0      5
43     42     000003 000197 5.000e-01      4      3      2      2      0      0      0      0      5      0      2      5      2      1      1      0      0      4      4      0      1      1      2      0      0      0      0      1      0      0      0      0      1      1      4      1      5      8      1      0      2      0      0      2      2      3      3      3      5      0      0      2      7      4      1      4      0      2      1      2      3      2      1      0      0      3      3      3      2      1      3      5      4      2      3      0      3      0      5      1      3      2      0      4      2      8      0      2      0      0      0      6      4      2      1      5      2      2      2      4
176    42     000002 000133 5.000e-01      1      5      0      1      1      3      3      0      2      0      1      2      4      0      1      0      0      1      1      1      0      2      0      3      0      0      1      2      1      1      1      1      5      2      1      3      0      2      1      2      0      1      2      2      0      0      1      1      2      5      0      1      2      1      3      3      0      0      0      3      3      0      2      1      4      0      2      1      1      3      0      0      0      2      4      1      0      2      0      0      6      0      1      3      0      1      1      3      0      0      0      0      3      4      0      0      2      1      0      0
229    42     000001 000078 5.000e-01      0      0      0      0      0      0      0      0      0      0      0      0      4      0      0      0      0      2      1      0      0      0      0      2      2      1      0      0      0      2      3      1      2      0      0      2      1      1      1      0      0      0      1      0      3      1      1      0      3      0      0      1      1      0      0      1      0      0      3      1      0      1      1      0      0      1      1      0      1      0      0      3      1      1      1      1      0      2      2      1      0      0      2      1      1      2      0      0      0      3      0      2      0      2      0      1      1      2      2      1
48     0      000004 000260 5.000e-01      3      0      0      6      2      1      0      0      2      1      2      1     10      2      5      0      3      1      0      6      3      5      2      5      1      0      6     11      0      1      2      2      1      1      8      4      7      2      5      3      4      1      3      2      5      1      2      4      1      3      1      3      3      0      3      8      6      2      1      2      1      0      1      2      0     11      0      0      0      2      2      3      0      4      2      2      1     10      6      0      3      0      7      2      4      5      2      0      1      0      3      0      4      3      1      0      1      2      1      5
49     48     000003 000221 5.000e-01      0      1      1      0      5      1      2      3      0      2      3      7      5      2      4      0      2      2      2      0      1      5      2      1      0      3      0     11      2      4      1      1      3      0      3      5      7      1      1      1      1      3      1      0      1      3      0      1      5      1      0      1      1      3      2      0      1      0      0      1      3      4      8      0      3      4     10      5      1      4      7      1      2      9      1      3      1      2      1      1      0      3      1      3      0      5      3      4      1      1      2      0      1      0      0      1      3      4      0      0
109    48     000001 000072 5.000e-01      0      3      0      1      0      0      1      0      1      0      1      1      1      0      0      1      1      3      0      0      2      0      1      0      2      1      0      0      1      3      0      0      1      2      1      0      1      1      0      0      1      0      0      2      0      0      0      1      1      0      0      2      0      1      0      0      1      2      0      1      0      0      1      0      0      1      1      2      0      1      0      3      2      1      4      0      0      1      0      1      3      0      0      1      1      0      0      2      0      0      1      0      0      0      2      0      1      1      0      0
64     0      000004 000243 5.000e-01      2      8      5      7      2      0      2      4      0      1      5      3      1      2      1      1      5      5      3      2      1      2      1      2      1      7      1      7      3      2      5      0      1      0      5      1      3      1      2      2      0      2      2      3      0      1      1      2      1      3      0      0      7      1      0      1      3      5      0      0      2      2      1      0      3      3      5      7      0      4      3      6      0      6      6      1      5      2      0      2      3      3      4      0      4      3      3      5      0      1      1      1      6      0      4      2      3      3      0      1
65     64     000001 000083 5.000e-01      3      0      0      1      0      0      1      1      0      1      2      0      1      1      3      0      0      2      1      0      1      0      1      0      2      0      2      2      0      2      1      5      1      1      0      0      2      1      0      1      0      0      2      0      0      1      0      0      2      0      0      0      0      1      1      0      2      0      0      0      0      0      0      0      0      0      0      0      2      2      2      1      1      0      2      0      1      1      0      3      2      1      1      1      0      1      2      2      1      3      1      0      0      0      4      0      0      0      1      0
96     64     000001 000078 5.000e-01      1      0      2      2      0      0      0      0      1      1      0      0      0      0      0      0      0      0      0      0      2      0      5      1      0      0      2      3      1      2      0      0      1      1      1      1      0      0      2      0      1      0      0      1      0      1      1      1      2      2      2      2      1      0      1      1      0      0      4      1      0      1      0      2      1      0      1      0      1      0      0      2      1      2      5      0      2      0      2      1      2      0      0      2      0      0      0      0      0      0      0      0      0      1      0      0      2      0      0      0
104    64     000001 000068 5.000e-01      0      2      0      0      1      2      0      0      0      0      0      1      0      0      0      0      0      0      1      0      1      2      3      2      0      0      0      2      2      0      0      0      0      0      0      1      2      0      0      2      2      3      1      0      1      1      2      1      1      0      1      0      0      0      0      2      1      2      2      0      0      0      2      0      4      0      0      0      0      0      1      2      0      0      2      0      0      0      4      1      1      0      0      2      0      0      0      2      0      0      1      0      0      0      0      0      1      0      0      1
222    64     000001 000067 5.000e-01      5      0      2      0      1      0      0      1      0      0      0      1      2      0      0      4      0      0      0      0      2      0      0      2      1      0      0      0      0      2      0      0      1      0      0      1      2      2      0      0      1      3      1      0      1      1      1      0      0      0      0      0      3      0      1      0      0      1      0      1      0      0      0      0      0      1      2      0      0      1      1      0      1      0      1      1      1      1      0      0      0      0      1      4      0      2      0      2      0      0      0      0      0      1      2      0      0      1      1      0
70     0      000008 000498 5.000e-01     10      8     17      5      0      0      2      4      7      3      8      9      6      9      2      2      4      2      3      9      3      1      3      0      1      1      6      1      2      3      8      2      4      2      2      3      6     15      4      5      2      0      4      1      5      7      2      1     11     11      6      1      2      5      4      8      0      3     11     10      5      2      5      0      3     15      2      9      3      6      6      3      6      3      7      0      6      8      8      5     11      1      5      9      2     14      3     10      2      9      4      6     13      3      5     13      8      0      1      1
71     70     000001 000092 5.000e-01      2      0      3      1      0      1      3      0      0      0      0      0      0      2      1      0      0      1      5      0      3      1      0      2      0      0      2      1      1      0      2      0      0      0      1      2      3      2      1      0      0      1      0      0      1      2      2      0      1      2      0      1      5      1      1      1      0      1      0      0      1      2      0      0      0      2      0      0      0      2      0      0      0      1      2      3      3      4      0      0      1      0      0      0      0      1      0      1      4      0      0      0      2      1      0      0      0      2      1      0
99     70     000002 000140 5.000e-01      3      0      1      1      1      4      0      0      0      0      1      1      0      2      2      4      1      0      0      1      1      0      1      1      0      2      1      5      0      2      3      0      2      0      1      1      0      1      3      2      0      1      1      2      1      2      3      3      2      1      4      0      3      1      0      1      2      2      0      0      2      0      1      0      2      0      0      0      1      1      2      8      0      0      3      1      1      1      1      1      3      2      0      2      1      2      0      7      2      0      1      6      0      7      0      1      1      2      1      0
112    70     000001 000088 5.000e-01      0      4      1      3      0      0      1      1      0      0      1      1      1      0      5      4      0      1      3      0      1      0      0      3      1      0      1      2      0      0      1      0      0      1      3      2      1      1      0      0      0      2      0      0      1      0      3      0      2      0      3      1      1      2      0      0      0      0      0      0      0      0      0      1      1      0      2      0      1      1      2      0      2      0      2      0      0      1      0      2      0      2      0      0      1      0      0      3      2      3      1      1      0      1      0      0      0      0      0      1
185    70     000002 000109 5.000e-01      0      2      2      1      1      0      1      2      2      2      0      0      6      1      0      0      1      1      0      0      1      0      0      1      3      2      0      0      0      0      4      0      0      0      0      0      2      2      1      1      1      2      1      0      1      0      0      2      1      0      2      0      1      2      1      0      0      2      2      5      0      0      4      0      0      0      1      8      0      1      2      1      1      1      1      0      3      1      3      0      0      1      1      2      1      0      0      5      0      5      0      1      2      0      0      1      1      0      0      0
219    70     000002 000155 5.000e-01      0      0      1      2      1      0      2      0      2      2      1      2      1      2      0      0      1      0      2      2      5      2      0      1      0      0      3      1      0      2      5      3      3      3      3      3      3      1      0      0      6      3      3      4      1      3      0      2      3      1      2      1      3      1      0      0      1      1      4      2      2      2      0      3      2      2      1      1      1      5      0      0      0      3      5      0      1      1      1      5      0      0      1      1      4      3      0      2      1      0      0      1      1      0      0      0      5      0      1      0
74     0      000004 000260 5.000e-01      0      4      1      4      0      1      1      0      1      0      1      0      3      8      4      1      1      3      8      1      3      3      5      1      1      4      5      2      2      9      1      3      3      1      4      2      7      3      4      3      1      1      2      1      2      0      3      1      3      2      4      1      4      0      3      4      1      2      5      4      3      3      1      0      1      3      5      5      2      0      1      2      3      0      3      2      2      4      2      6      6      3      0      9      1      3      4      5      0      0      1      9      3      2      6      1      2      2      2      1
75     74     000001 000067 5.000e-01      0      0      0      0      1      0      0      1      0      0      2      3      1      2      0      0      2      1      0      5      0      2      0      0      0      2      1      0      0      2      0      0      1      0      0      1      0      1      1      1      1      0      0      0      0      2      1      0      2      0      0      0      0      0      1      2      0      0      0      0      0      0      2      2      0      0      4      0      0      2      0      0      1      0      0      1      0      0      4      0      0      1      0      1      3      3      1      0      0      0      0      0      0      1      1      0      0      1      0      0
86     74     000002 000129 5.000e-01      1      0      1      0      2      0      0      1      2      2      3      5      3      0      1      1      3      1      2      2      0      1      0      1      1      0      0      0      0      0      0      1      3      3      1      1      0      1      0      3      0      0      0      1      2      2      0      1      6      0      1      1      4      0      1      2      0      2      0      1      1      0      0      0      0      2      0      3      2      1      1      4      1      2      1      2      3      0      4      2      3      2      0      5      2      1      0      1      3      0      1      1      1      0      1      3      1      0      2      3
169    74     000001 000066 5.000e-01      2      1      1      1      2      0      0      1      1      0      0      3      0      0      1      0      0      0      1      2      1      1      5      0      0      0      2      0      0      0      1      2      0      0      0      0      0      0      0      3      1      1      1      0      1      0      0      1      0      1      0      0      0      0      1      0      0      1      0      0      0      0      0      0      0      0      0      1      0      0      0      6      0      2      1      1      0      0      3      1      0      0      1      1      2      1      1      1      0      1      0      0      1      0      1      0      2      0      0      0
78     0      000005 000352 5.000e-01      0      4      0      2      1      1      2      1      4      1      0      1      3      0      2      4      6      7      1      5      4      3      1      4      1      4      1      5      1      4      8      2      0      0      0     10      4     10      3      0      2      8      2      0      4      4      8      8      2      3      1      8      4      1      3      4      4      3      2      7      2      1      2      2      6     11      3      2      1     10     10     12      5      2     12      4      1      4      2      1      4      8      1      5      2      7      2      7      0      3      1      2      6      4      3      1      4      3      2      6
79     78     000003 000193 5.000e-01      5      3      1      1      0      2      1      3      4      2      7      2      2      1      3      1      1      2      0      0      1      2      5      0      0      2      0      2      2      0      0      2      1      1      4      0      1      1      1      1      4      1      0      5      0      3      2      8      7      1      1      1      2      1      1      0      3      0      2      2      2      1      0      3      1      0      1      5      4      3      4      0      1      0      1      3      3      7      4      0      1      2      1      4      0      1      3      7      6      1      0      1      0      2      1      4      1      1      0      3
124    78     000002 000120 5.000e-01      1      3      0      1      2      1      4      2      4      3      3      1      3      1      1      1      0      1      1      1      3      0      1      1      1      0      0      0      1      2      3      0      0      1      0      2      1      2      0      0      1      0      0      1      1      1      2      0      2      2      0      0      3      0      0      1      0      4      0      2      0      0      2      1      1      1      0      0      0      2      1      0      1      5      0      0      4      2      1      0      3      0      6      2      2      0      1      0      2      1      2      0      2      0      1      2      1      2      0      0
118    0      000003 000214 5.000e-01      4      2      6      2      1      3      0      2      2      0      4      1      0      3      4      4      2      1      1      2      1      0      4      2      7      2      2      3      1      6      1      0      0      2      1      5      4      2      1      5      3      4      0      0      0      2      0      0      2      0      1      0      2      1      0      1      1      5      1      0      1      1      2      0      2      3      1      4      4      3      3      2      1      0      2      0      0      3      1      6      5      0      4      6      0      1      2      2      2      8      2      2      6      0      0      3      7      3      4      2
119    118    000002 000142 5.000e-01      1      1      0      1      0      2      2      1      0      0      2      0      2      0      0      3      1      0      1      1      2      3      0      1      1      0      1      1      0      1      0      2      5      1      4      1      1      5      3      2      1      2      1      1      0      0      2      0      4      0      2      2      3      1      3      1      2      0      1      0      1      0      0      2      0      1      1      1      5      0      3      2      2      0      3      0      2      3      0      1      3      4      0      1      3      2      0      3      1      0      1      0      1      4      2      2      6      0      3      1
235    118    000001 000047 5.000e-01      0      0      1      1      0      0      1      0      0      0      1      0      0      0      0      1      0      0      0      0      0      0      0      0      0      0      2      0      0      2      0      1      1      0      0      0      0      1      0      0      0      1      0      0      0      0      0      0      0      2      0      1      0      1      0      1      1      0      0      2      0      1      2      0      0      0      0      0      0      2      1      2      1      2      0      1      0      0      1      0      3      1      0      0      0      0      0      2      3      1      0      0      0      0      0      0      1      0      0      2
130    0      000001 000070 5.000e-01      0      0      1      0      0      0      1      0      1      2      1      2      0      0      1      4      0      0      1      1      1      0      0      0      1      0      1      0      1      1      2      1      1      0      1      0      0      0      0      1      0      0      0      0      0      1      0      0      2      0      0      0      1      1      2      1      1      2      0      0      0      1      2      1      2      0      0      2      3      0      0      1      0      0      1      3      0      1      0      0      1      1      1      0      0      1      0      1      2      1      0      0      0      3      0      3      1      0      0      1
131    130    000001 000048 5.000e-01      2      1      1      0      0      0      0      0      1      0      1      0      0      0      0      0      0      1      0      1      0      0      0      1      0      0      0      0      0      0      1      1      0      0      0      0      0      0      1      0      0      2      0      1      0      0      0      1      1      0      1      0      2      0      0      0      0      0      2      0      0      0      0      0      0      0      0      0      3      3      0      0      0      0      0      1      1      1      2      0      4      1      1      1      0      1      0      0      0      1      2      0      0      0      0      0      4      0      0      0
137    0      000004 000272 5.000e-01      1      2      4      4      3      3      3      4      1      0      8      1      0      1      3      1      9      0      6      3      4      2     11      4      2      3      3      9      2      4      0      0      3      0      2      2      1      2      2      1      2      1      0      0      3      2      3      7     10     14      0      0      5      5      1      2      1      1      3      2      1      3      9      1      0      6      1      0      3      1      3      2      1      3      8      6      0      0      1      0      2      0      1      0      0      3      3      8      4      1      1      7      0      3      5      2      4      1      1      1
138    137    000002 000152 5.000e-01      7      1      1      2      1      1      0      1      0      0      1      6      4      1      4      1      1      1      0      2      0      1      2      1      5      1      4      6      0      0      0      1      3      0      0      0      1      1      1      0      2      0      0      2      2      0      1      3      0      4      0      3      0      1      1      0      4      1      2      3      0      1      1      2      2      5      0      1      0      0      0      2      1      1      1      3      1      2      5      0      0      2      5      5      1      3      0      0      1      2      2      0      1      1      1      1      0      2      2      4
196    137    000002 000147 5.000e-01      0      2      1      0      1      0      0      1      1      0      1      6      0      1      1      1      2      2      1      1      0      0      3      2      5      2      4      1      3      1      2      0      1      1      3      0      2      0      0      0      4      7      0      1      1      3      1      1      2      2      0      0      0      3      0      5      0      5      4      0      1      0      0      1      0      2      1      0      0      1      3      1      0      0      1      0      2      2      0      3      1      3      2      5      1      2      1      2      4      1      1      0      1      1      1      0      5      5      1      1
141    0      000003 000219 5.000e-01      4      4      2      4      3      0      1      3      1      0      1      3      0      2      0      0      1      5      1      0      2      2      0      0      1      0      6      0      0      3      0      0      6      1      0      1      4      5      2      0      0      0      0      4     10      2      0      4      6      4      3      0      5      0      0      4      3      4      4      4      5      0      0      1      3      2      3      3      1      1      4      5      0      0      2      5      3      2      0      5      3      1      8      3      2      2      0      2      4      3      1      2      3      3      4      3      3      1      0      1
142    141    000001 000067 5.000e-01      1      1      0      0      1      0      0      2      0      2      5      2      2      1      0      3      1      2      0      0      1      0      0      1      0      0      0      2      1      0      1      0      0      0      0      0      0      0      0      0      1      0      2      0      0      0      0      0      0      0      1      0      1      0      0      0      0      2      0      0      0      2      0      0      0      1      2      2      2      0      1      1      1      0      2      2      0      0      1      2      1      1      1      2      1      1      0      0      0      1      0      0      0      1      0      0      0      2      0      1
148    141    000002 000110 5.000e-01      2      0      0      7      0      0      1      1      0      2      1      1      2      3      0      2      0      1      0      1      1      3      0      2      2      0      0      0      0      0      5      2      5      0      0      2      0      1      1      1      1      0      3      1      1      1      0      0      1      0      0      1      0      3      0      1      1      1      3      1      5      2      2      0      1      0      0      0      1      2      2      0      0      0      2      1      0      2      1      1      0      1      1      1      4      0      1      1      0      0      0      0      0      1      1      2      1      1      4      1
153    0      000004 000306 5.000e-01      4      6      1      4      7      4      2      7      2      0      1      9      2      0      1      1      1      1      2      7      2      7     15      1      4      3     11      7      5      3      1      1      4      6      0      2      8      0      1      1      7      6      0      0      2      6      0      1      3      0      3      2      1      3      3      7      1      2      3      5      1      3      1      6      2      2      1      5      0      0      3      2      2     12      5      5      2      1     10      0      2      4      3      4      0      2      6      3      1      3      2      0      1      1      0      0      1      6      3      2
154    153    000002 000166 5.000e-01      1      1      0      0      1      2      2      6      2      1      1      3      0      1      0      2      2      1      0      0      4      9      4      0      1      0      1      2      1      0      2      1      2      0      0      1      0      2      1      5      2      0      0      2      2      0      1      1      2      4      1      0      1      0      2      3      1      1      1      1      2      0      0      0      5      3      4      3      0      2      2      0      0      1      6      0      1      2      7      2      0      1      2      4      2      5      5      1      1      1      6      1      4      0      1      2      0      0      1      2
247    153    000002 000163 5.000e-01      3      0      1      1      2      1      3      0      1      1      2      2      5      0      2      0      1      4      2      2      2      2      2      2      5      0      1      1      2      2      3      2      1      4      1      5      1      0      5      1      1      1      0      0      1      1      5      0      2      5      0      0      2      1      1      0      2      1      2      0      0      2      2      0      2      1      0      0      1      1      3      0      0      0      1      1      0      1      0      1      3      4      4      2      4      7      0      1      2      3      3      1      1      2      0      1      1      3      2      3
163    0      000003 000219 5.000e-01      3      2      4      3      0      3      3      0      0      0      2      5      3      6      2      1      4      1      3      1      2      1      6      2      3      0      1      3      2      1      3      1      1      0      1      0      0      0      6      4      2      1      0      2      1      0      3      6      5      2      0      3      2      1      3      2      5      0      3      8      4      1      5      4      5      1      4      4      0      3      1      3      4      1      0      8      2      2      1      1      0      1      3      1      0      0      5      3      2      0      0      1      0      8      0      2      3      1      2      1
164    163    000001 000101 5.000e-01      0      1      1      2      1      0      1      1      1      1      1      0      0      0      3      0      0      2      0      2      0      3      2      2      2      1      0      1      0      2      1      0      1      1      2      0      3      0      0      1      0      3      3      2      2      1      0      0      1      0      5      0      2      0      1      2      2      0      5      1      0      2      3      2      0      0      1      1      0      0      3      2      1      0      1      0      1      0      1      2      1      1      0      0      0      1      0      0      0      1      2      0      2      0      0      0      1      1      0      2
216    163    000001 000076 5.000e-01      1      0      0      1      2      0      3      3      6      0      0      0      4      1      0      1      1      0      0      0      0      0      0      0      0      2      0      1      0      2      0      3      1      1      0      1      0      2      0      1      0      0      0      2      3      1      0      1      1      1      0      0      0      0      0      0      0      0      1      0      2      0      0      0      0      0      1      0      2      1      1      0      1      2      2      1      0      0      1      0      2      0      0      0      0      2      0      2      0      0      1      0      1      1      0      1      1      1      1      2
256    163    000001 000079 5.000e-01      1      0      0      0      4      4      0      0      0      1      3      0      1      2      0      0      0      0      0      1      1      1      1      0      0      1      2      2      1      0      0      0      1      1      1      1      0      0      6      0      1      0      1      1      1      3      1      0      1      2      1      0      0      0      0      1      1      0      0      0      0      0      0      3      1      0      1      0      0      1      0      3      1      1      0      0      0      0      2      0      1      0      1      2      2      0      1      1      0      0      0      1      1      1      1      1      0      2      0      1
172    0      000002 000163 5.000e-01      1      0      3      2      0      1      3      2      1      0      1      2      2      0      3      0      1      1      4      0      2      9      3      0      4      7      0      1      1      4      4      0      0      2      0      0      2      5      4      2      5      0      0      0      2      2      0      4      5      2      1      0      2      1      1      1      1      1      1      2      1      3      1      0      0      2      2      1      0      0      2      3      1      1      3      1      0      1      3      1      3      0      1      2      0      2      2      0      5      0      3      0      0      1      2      2      3      3      0      0
173    172    000001 000080 5.000e-01      3      0      2      2      1      0      0      0      0      0      0      3      2      0      0      0      1      1      1      0      1      0      4      1      2      0      0      0      0      0      0      0      1      1      0      1      0      0      1      0      0      1      4      0      1      0      2      0      0      1      1      3      0      3      1      0      1      0      0      1      2      1      1      1      0      0      0      0      0      0      0      0      4      2      0      0      2      0      2      0      0      0      1      1      0      5      1      0      2      0      2      1      1      1      0      1      0      0      1      1
238    172    000001 000068 5.000e-01      1      0      1      1      3      3      0      0      0      0      1      1      1      1      1      2      1      1      0      0      0      0      0      1      0      0      1      2      0      1      2      1      1      0      0      1      2      1      2      1      1      1      0      1      2      0      1      1      1      0      0      0      1      1      3      3      0      0      1      0      0      0      1      1      1      1      0      0      0      1      0      2      0      1      0      0      0      0      0      0      0      0      1      1      0      0      0      0      0      0      3      1      1      0      0      0      0      0      1      1
192    0      000002 000149 5.000e-01      0      0      6      2      1      1      0      0      0      0      0      2      4      3      2      1      0      1      1      0      3      4      2      2      4      0      1      1      0      0      0      0      3      1      1      0      1      4      0      0      1      3      2      5      0      0      2      1      3      2      2      0      1      0      3      3      1      1      2      2      0      2      1      2      2      1      1      3      0      0      0      1      2      1      1      0      1      2      8      2      1      4      0      5      1      1      1      1      5      1      0      0      0      6      0      4      3      1      0      0
193    192    000001 000072 5.000e-01      0      1      1      0      0      0      0      0      2      1      2      1      0      1      0      0      0      1      2      1      0      1      0      0      2      0      0      3      1      0      0      3      1      2      0      0      1      0      0      0      0      0      1      0      2      1      0      0      1      0      1      0      4      0      0      0      0      0      3      0      1      2      1      0      2      1      0      0      3      2      1      0      0      0      1      1      0      1      1      1      2      1      0      4      0      2      0      1      0      0      0      2      0      1      1      0      0      0      0      0
213    192    000001 000066 5.000e-01      2      0      1      0      0      1      2      0      1      0      0      2      1      0      1      1      0      0      0      0      0      0      0      0      0      0      3      1      0      1      0      1      3      2      0      1      1      0      0      4      1      0      0      0      0      0      0      2      0      0      0      0      0      2      0      1      3      1      3      0      1      1      1      1      1      3      1      0      0      0      1      0      0      3      0      1      0      2      1      3      0      0      0      0      1      0      0      0      0      0      0      0      0      0      1      0      1      0      0      1
201    0      000002 000176 5.000e-01      1      2      2      2      3      0      4      2      2      0      1      3      1      0      8      1      1      2      2      1      2      3      4      1      2      0      0      2      3      1      2      2      1      2      2      1      2      4      1      2      1      0      1      0      1      6      1      3      1      1      2      1      1      2      3      0      1      1      1      6      1      4      1      1      0      0      0      2      1      2      1      3      1      1      4      0      0      1      3      1      2      6      1      4      2      2      1      5      0      2      0      1      5      4      1      3      0      0      1      1
202    201    000001 000065 5.000e-01      0      0      0      0      0      0      0      0      2      1      1      1      0      0      0      0      0      1      1      3      0      1      1      0      0      0      1      1      0      0      1      2      0      0      0      0      0      3      0      1      0      1      0      1      1      1      0      0      2      1      2      1      0      3      0      0      2      0      1      0      0      0      0      0      0      0      1      1      2      0      1      2      0      0      2      2      0      1      0      0      1      0      0      1      0      1      1      3      2      0      2      0      1      0      0      1      1      1      0      1
273    201    000001 000050 5.000e-01      0      2      1      0      0      0      1      1      0      0      0      0      0      0      0      1      0      0      2      1      0      0      0      0      0      1      1      0      1      2      0      0      3      0      0      0      0      2      0      0      0      0      0      2      0      1      1      0      1      0      0      0      0      0      0      0      0      0      0      0      0      0      1      0      2      0      1      0      0      0      2      0      0      2      0      0      1      2      1      2      1      0      1      1      1      0      0      1      0      0      2      0      1      1      2      0      1      0      0      0
225    0      000001 000106 5.000e-01      5      1      1      0      1      1      0      0      0      2      2      1      0      0      0      0      1      1      2      1      0      0      1      1      1      0      4      3      1      3      1      0      5      0      1      1      0      1      1      1      0      1      0      0      0      1      0      4      2      3      1      0      2      0      1      0      0      3      1      0      3      1      1      1      1      2      1      0      0      0      1      1      1      3      1      2      1      0      1      1      1      2      1      4      0      0      2      0      2      0      0      1      0      0      0      1      0      5      1      1
226    225    000001 000082 5.000e-01      1      2      3      3      2      1      0      1      0      0      1      2      1      5      1      0      1      0      0      4      2      5      0      0      3      0      1      3      2      0      0      0      1      1      2      0      2      1      0      0      0      1      0      1      1      1      0      2      0      0      0      0      0      2      2      2      0      0      0      1      5      0      0      0      0      1      0      0      0      0      0      2      0      0      1      0      1      0      0      0      0      2      1      0      0      0      1      0      0      0      1      2      0      0      0      1      0      0      0      0
243    0      000001 000060 5.000e-01      0      0      1      2      0      0      0      0      0      0      1      0      0      0      0      1      0      0      0      1      0      0      0      1      0      3      2      0      0      0      1      2      0      0      0      0      0      0      0      1      0      2      0      2      0      1      0      1      2      0      0      1      2      1      0      2      1      0      0      0      1      2      0      0      0      1      0      2      1      0      1      0      0      0      2      0      1      2      0      0      0      0      2      0      1      1      0      0      1      2      0      1      1      2      1      3      1      0      0      0
244    243    000001 000049 5.000e-01      0      0      1      0      0      0      0      0      0      0      2      3      1      0      1      0      0      2      0      0      1      0      0      1      0      0      0      0      0      0      0      0      2      0      0      0      1      0      0      1      1      3      1      0      0      0      1      1      0      2      0      0      0      1      1      0      0      0      1      0      0      0      0      1      0      0      1      0      0      0      0      1      1      0      0      0      1      1      0      1      2      1      0      0      2      0      0      0      1      0      1      1      1      1      1      1      0      0      0      2
259    0      000002 000155 5.000e-01      1      2      0      1      7      1      0      1      1      1      1      4      1      0      1      3      0      1      1      0      3      1      1      1      0      1      2      1      2      1      0      0      1      0      1      1      1      0      2      1      4      1      1      4      0      0      1      3      0      5      2      1      0      4      4      1      0      1      0      0      1      1      2      0      1      1      2      0      4      1      1      4      1      2      1      0      2      1      3      5      2      1      7      1      1      0      0      0      1      3      6      1      4      3      1      4      3      2      3      0
260    259    000001 000077 5.000e-01      0      1      0      0      0      1      0      0      0      0      0      3      0      1      1      2      2      0      2      2      1      0      0      1      0      3      0      2      2      2      0      0      2      2      3      0      0      0      5      1      0      0      0      1      0      1      0      4      1      1      0      0      0      1      1      0      0      1      1      0      1      0      1      0      1      1      0      0      0      0      1      0      1      0      0      5      0      0      1      1      0      1      0      0      0      0      3      2      1      1      0      0      1      0      0      3      0      0      1      0
276    259    000001 000077 5.000e-01      1      0      1      0      0      2      2      0      0      0      0      2      0      1      2      3      1      1      0      1      0      1      1      0      1      0      2      2      0      0      4      1      0      1      0      1      1      1      0      2      2      2      0      0      1      0      1      0      0      0      1      0      1      0      0      1      0      0      0      0      0      2      1      0      0      0      0      3      2      0      0      0      0      0      0      1      3      1      1      2      0      2      0      1      5      0      0      1      1      1      0      0      0      1      0      2      1      1      1      0
263    0      000002 000120 5.000e-01      1      0      1      3      3      0      1      2      0      2      2      0      2      0      1      0      2      0      0      2      6      1      0      1      0      1      3      0      1      0      2      1      0      2      1      1      1      1      1      0      2      3      1      2      0      0      2      0      2      0      1      1      3      1      0      2      0      4      0      0      2      2      0      1      3      2      0      2      5      2      2      0      0      2      0      1      2      0      2      0      3      0      1      1      0      1      0      1      0      2      0      1      2      1      1      1      4      4      0      0
264    263    000002 000118 5.000e-01      1      0      1      1      1      0      1      0      0      1      2      0      2      0      2      0      0      2      0      2      0      0      2      3      0      1      1      1      0      2      2      1      2      0      1      1      0      1      0      2      0      0      1      2      3      0      0      0      3      2      1      0      0      2      0      3      2      1      3      3      0      3      0      1      1      1      1      4      0      2      3      6      1      0      1      4      0      4      1      0      0      2      1      1      0      1      0      4      0      2      2      0      1      1      0      1      0      2      4      1
267    0      000002 000154 5.000e-01      3      0      2      1      0      0      3      0      0      0      4      0      5      2      1      1      1      3      4      2      4      2      1      1      0      4      1      3      1      1      0      4      1      0      2      0      2      3      0      1      3      0      0      1      1      2      1      0      3      2      1      2      2      1      1      1      5      1      1      2      0      2      0      3      0      7      2      2      2      1      3      5      0      1      4      1      0      1      0      0      1      2      0      3      4      3      2      2      3      1      0      3      0      0      1      0      0      1      1      0
268    267    000002 000166 5.000e-01      3      1      2      2      1      0      0      1      6      1      2      2      2      1      0      5      0      1      2      2      1      0      0      2      1      0      0      4      2      3      3      1      1      0      0      3      2      0      0      3      1      2      1      1      2      1      0      3      6      0      4      2      2      3      5      1      1      0      2      1      0      1      0      3      1      1      0      1      0      0      5      1      3      1      0      0      0      2      1      1      4      2      4      2      2      7      1      2      2      8      0      1      1      1      4      0      6      0      0      0
279    0      000001 000080 5.000e-01      2      1      0      1      1      0      1      0      2      1      1      0      1      1      1      1      0      1      0      0      1      1      2      1      0      0      2      0      1      0      0      3      0      0      2      1      0      2      0      0      0      0      2      2      1      1      0      1      2      1      2      2      4      1      0      0      1      0      0      3      0      0      1      0      2      0      0      1      4      0      0      1      0      1      2      0      1      1      0      0      3      1      1      2      0      0      1      0      0      1      0      0      1      1      0      1      0      0      0      0
280    279    000001 000073 5.000e-01      0      1      1      0      0      0      4      0      0      0      3      1      0      0      2      2      1      2      0      0      0      2      0      1      0      0      0      0      0      1      2      0      1      0      0      0      0      0      0      4      2      0      1      0      0      0      1      3      1      0      1      1      1      1      0      0      0      0      0      1      1      2      1      0      1      0      0      0      1      0      1      2      0      1      0      0      2      1      3      0      2      1      0      0      0      0      1      1      1      0      0      0      0      0      0      2      3      0      2      3
