SCORE -1.39136008534717e+05
ITER 3000
ETA        1.50000000000000e+00 1.50000000000000e+00 1.50000000000000e+00
GAMMA      5.00000000000000e-01 5.00000000000000e-01
GEM_MEAN 5.00000000000000e-01
GEM_SCALE 1.00000000000000e+02
SCALING_SHAPE 1.00000000000000e+00
SCALING_SCALE 5.00000000000000e-01
ID     PARENT NDOCS  NWORDS  SCALE     WD_CNT
0      -1     000100 012543 5.000e-01    164     88    271    152     17      6    117     22    112     23    153    124    286     80    166    118     44    163     20    137    188    296     81    315     31     49      9     64      4    137    192     43    104      1    186    110    177    120     13     28      3     49     43     25     60    164    419    152    281     72    177     78    146    136     93     34     89     26     86    141    123    132    274     17    229    187    147     95     90    214    206    246     59     28    220    336    217    126     10    189    103    219     53    168    108    185     70    227    438     94     22     24    111    198     72    101    201     34    129    156
70     0      000019 001054 5.000e-01     19     18     23      4      7      0      9     12     36      8      3      4     16      6     26      2     11     24      0     12      3     12      3     35     24      4     20      5      2      7     21     13      8      5     16     16     13      9      9      4      6      4     18     18      5     14     12      4      6     14     20      1      5     14      2      8      8     11      9     25      7      9     12      4      3      8      4     16      3     16     15      1      2      3      5      9     22      6     20     11      4     13     13      6      2      9      5     20      0     28      7     28     15      4      4     23     12      1     10      1
11678  70     000016 001028 5.000e-01      2      7      6      5      1      6     23     15      0      6      2      5      9      2      4     23      9      2     14      5      3     21      6     13      6      6      5     20      2     12     31      3      4     14      9      7     23      7      0     10      3     30     22     18      5      7      7      3      7     10      6     12     25      2      5      8      6      7      3     11     25      3     12     17     38      9     25     23     20      9     17      6     12      8     21     14     11     13     11      5     15      5      5      8      7     11      7     16     12      9     12      2      3     14      4      1     14      5     13     21
16759  70     000002 000155 5.000e-01      0      4      4      1      1      0      2      0      2      0      2      0      1      1      0      4      4      0      1      0      3      3      2      6      3      4      0      1      6      1      4      1      0      0      0      4      0      3      4      3      1      1      5      4      0      0      2      1      2      0      1      0      1      3      2      0      1      0      0      0      0      0      2      1      0      1      1      3      0      3      2      1      0      1      2      2      1      1      1      3      1      0      3      1      3      1      3      2      0      4      0      4      2      3      0      0      1      1      2      0
16765  70     000001 000072 5.000e-01      1      0      1      1      2      0      0      0      0      0      0      0      0      0      0      0      0      3      0      1      3      1      0      1      0      1      1      0      0      0      0      4      1      1      0      2      0      1      1      0      2      0      0      2      1      0      1      0      0      1      1      1      2      1      0      2      2      1      2      1      0      2      0      1      0      2      0      1      0      3      0      1      0      0      1      1      1      2      0      0      0      0      0      1      0      0      0      1      0      1      1      2      0      0      0      0      1      4      0      0
8      0      000020 001124 5.000e-01      5      7      3     12      4      0     17      4     33      0      3      8      6     19      2      2      0     22     21      1      1     10     31      4      4     12      6      5      2     17      3      8     20     18      2      1      1     34      1     14     15      7     19     26     21     18     12     14      3      1     35     15     22     18      2      5      5     10      0     48     16     31     32     22      4      3     20      4      3      5     21     22     31      5     12      6      0     30     40     11     16      3      2     10      2     11      1      7     15      3      5     11      8      5      7     27      2      3      2      7
10974  8      000010 000637 5.000e-01      2      0      7      2      1      1      7      2      6      0      2     16      4      2     12      4      0      5      3     15      8     17      8      1     24      6     10      3      6      7     27     10      4      2      2      5      9      6      9      5      6      6      3     13      7     10      1      3     13      1      8      6     12      4     12     12      8      2     31      6      2      3      0      6      7      0      2     15      5      6      3      3      8      5      0      2      4      4      0      5      7     10      3     12      3      6      7     10      5      4      6     14      5      9      0      4      5      7      2     14
7763   8      000010 000590 5.000e-01     10      7      5      3      2      1     13      3      2      5     27      8      0      3     20      5      3      3      1      6      2      3      0      8      2      6      5      1      8      0      4     15      2      0     10      0     24      0      2      1      7      5     14      9      1      0      4     15      1      2     10     11      2     15      0      5      0      1      7      5      4      0      2      0      3      9      2      3     21     11      5     26     12      5      5      5      0      3      3      4     10     12      8      2      6     13      1      0      5      5      1      9      5     21      2     20      4      0      5      4
14     0      000004 000210 5.000e-01      1      1      3      0      1      2      1      2      0      1      2      0      3      2      3      2      3      0      4      1      1      1      0      1      6      2      0      2      1      0      1      3      1      6      5      6      2      2      3      4      2      3      1      1      0      0      3      2      1      1      2      2      0      3      2      2      1      2      1      1      8      0      0      1      0      2      3      5      7      5      0      3      0      1      0      2      1      2      1     11      0      1      0      6      2      0      2      1      1      1      1      4      2      3      4      2      9      3      6      1
16768  14     000001 000069 5.000e-01      0      0      2      0      4      0      0      0      1      0      0      0      0      0      2      0      0      0      0      1      0      1      1      1      1      1      2      3      3      0      0      1      2      0      1      1      0      2      0      1      3      0      0      1      1      0      1      0      0      0      1      0      0      0      4      0      1      0      1      0      0      1      3      0      2      0      2      0      1      2      0      0      0      0      0      0      0      0      1      0      0      0      0      1      4      1      0      1      0      1      0      1      0      2      0      1      0      0      1      0
16661  14     000002 000147 5.000e-01      0      1      0      1      1      1      1      0      3      0      2      1      2      0      4      0      1      1      0      2      0      2      1      1      0      5      2      0      0      2      2      2      3      2      0      0      1      1      4      2      3      3      0      1      1      2      1      1      3      1      1      0      3      3      3      1      0      3      3      6      1      2      2      1      0      0      1      4      2      0      0      0      3      0      2      0      2      1      3      3      3      1      1      1      1      3      0      1      1      4      1      0      1      0      2      4      1      0      3      2
16772  14     000001 000055 5.000e-01      1      0      1      0      1      1      0      0      0      0      0      0      0      2      1      1      0      1      0      0      0      1      0      1      1      0      0      0      0      1      0      1      1      1      1      0      0      2      1      3      0      3      1      0      0      0      0      0      1      0      0      0      0      0      0      1      1      0      1      0      0      0      0      1      0      2      0      0      1      1      0      0      0      1      1      0      1      0      0      1      2      2      1      1      0      0      0      0      1      2      1      0      2      1      0      0      1      0      1      0
18     0      000015 000891 5.000e-01     12      3      2      5      6      5      8      8     21      5      4      7     18      5     14     25      4     13      2      6     10      5      7     10      1      5      4      2      3      6      8      0     10      5      3     15     12     14      7      3      0     12     16      4     29     11      3      9      2      7     12      1     21      2      4     13      8      2     10     29     28      7      6      4     31      5     12      1     14     19      6     13      3      5      3      0     12      8     10      9     23      9     20      5      1      5      5     12     13     11      9      0     11     24      4     27      2     10      5      1
29     18     000014 000856 5.000e-01      4     11     11     21      3      4     30      5     26      7      4      6      7      1      2      4      0     14     11      5     11     12      7      8     15      5      6     17      8      7     22     28      3     10      1      7      3      9      3      6     10     11     22     10      6      3     13      7      7      1     11      4      5     17      2      4      5     15     12      4      5     12     13      4      4      1      6     14     18      6      1      8      7      2     23     17      0      8     14      3      3      4      3     16      4     18      3      9      6      2      7     13     19      8      4      3      7      4      5     19
16766  18     000001 000068 5.000e-01      0      1      1      0      1      1      0      1      1      1      0      0      0      2      0      1      2      0      0      1      0      1      0      1      2      0      0      0      0      0      1      1      0      0      0      1      1      1      0      0      1      1      0      2      0      1      2      0      2      1      1      0      0      0      1      0      0      3      0      2      1      0      1      0      3      0      1      2      0      2      0      2      0      3      1      1      0      1      1      1      0      0      2      0      1      1      0      1      0      0      0      1      0      0      2      0      0      1      0      0
22     0      000015 000923 5.000e-01     10     23      5      0      3      2     11      2      5      2      5      3     19      2      9      7      4     14      1     13      0     13      0     13      9      9      1     13      3      3      8     11     15      9     14     15     21     19      1      4      2     15     26      6     20     12     10     16      2     17     10      8     22      3      5      9     13     19      0     17      5      7     17      4      7      4      2      7     14     20      1      2     14      1     17     22      4     17      8      6     17      9      5     23      8     10      4     10      2     21      1     13     20      6      7      2      8      4      7     14
4351   22     000011 000679 5.000e-01      5      3      0      5      6      1      3      2     11      2      4     20      2      6      0      6      2      4     16      8     19     18      9      6      6      4      9      2      9      0      7     26      7      6     17      4      5      8     12      0      0      8      2     18      3      6      6      7     12     12     13     13      1      7      0     11      1      4      5     14      2      1      5      1      0     11     24      3     16      4     16      1     13     14      6      1     10      2     11      9      7      2      7      2      1      0      4      9     14      0      2      5      5      7      3      7      2     10     14      5
16757  22     000001 000078 5.000e-01      4      0      0      1      0      1      0      0      2      2      1      0      1      2      0      0      0      0      0      0      0      1      0      2      0      1      0      1      0      2      2      1      0      0      1      3      0      0      0      1      1      2      3      1      1      0      0      3      0      0      1      0      0      0      1      1      0      1      0      0      0      0      2      1      1      0      3      2      6      1      2      2      1      1      0      0      0      0      0      0      0      0      0      0      1      1      1      1      0      0      1      0      1      1      0      0      1      2      1      1
16771  22     000001 000071 5.000e-01      1      1      0      0      1      0      2      1      0      0      1      1      1      0      0      1      1      1      1      1      0      1      0      3      0      1      1      1      1      0      1      0      0      0      3      1      0      2      0      0      0      0      1      1      2      1      0      0      0      0      0      0      2      0      1      0      1      0      0      0      1      0      0      0      0      0      3      2      1      0      0      3      0      0      0      2      0      0      0      0      1      0      0      1      1      0      0      1      5      1      1      0      0      1      1      1      3      3      1      0
16774  22     000001 000078 5.000e-01      2      1      0      0      0      0      0      0      1      0      2      1      0      1      3      1      1      1      0      0      2      1      1      0      1      1      1      0      2      0      0      1      0      1      2      4      2      1      1      0      1      1      0      1      0      0      1      2      1      0      0      1      1      0      0      1      1      1      0      0      1      1      0      0      0      2      1      2      1      0      1      4      1      0      2      1      0      1      2      0      1      0      1      0      0      0      0      0      0      0      3      2      0      1      1      0      0      2      0      0
16775  22     000001 000060 5.000e-01      0      1      0      0      1      0      1      0      0      0      0      0      0      1      0      3      0      2      0      0      0      0      0      1      1      0      0      0      1      0      2      1      1      0      0      0      1      0      0      0      1      0      1      1      1      0      4      1      0      0      0      0      1      0      0      1      0      2      1      1      1      1      0      2      1      0      1      0      1      0      1      1      0      0      0      0      0      0      0      2      0      2      4      0      0      0      0      1      1      1      0      1      1      1      0      0      1      2      0      2
15353  0      000004 000282 5.000e-01      7      2      0      0      7      6      4      1      1      3      2      2      0      9      0      2      5      1      0      3      1      2      4      3      1      0      1      2      6      1      3      2      3      1      6      2      0      1      3      2      5      5      1      3      2      5      4      9      3      7      2      0      4     10      4      0      7      0      5      2      1      1      1      5      0      5      2      0      1      4      1      6      3      3      0      8      6      0      3      2      6      2      2      6      2      0     10      1      4      4      0      1      0      1      1      7      0      1      0      5
16743  15353  000002 000126 5.000e-01      1      0      5      0      0      0      1      5      1      1      4      2      0      0      1      0      3      0      2      1      1      1      1      1      1      1      1      1      0      1      3      1      1      0      2      2      0      4      1      3      1      4      1      3      0      2      0      0      1      0      2      1      1      2      1      5      0      1      0      0      0      3      2      1      1      1      0      0      3      0      0      3      0      0      0      1      2      2      1      1      0      5      2      1      0      0      1      2      1      0      1      0      5      5      0      2      1      0      0      1
16729  15353  000002 000150 5.000e-01      0      0      0      1      1      3      0      0      0      0      1      5      1      3      1      1      0      1      3      1      1      1      0      1      0      2      5      1      1      2      0      2      3      3      1      2      2      0     15      0      1      0      2      5      0      2      0      1      0      1      0      3      0      0      3      3      2      1      1      6      2      1      0      0      4      0      0      0      0      1      0      0      2      1      0      1      0      1      5      1      0      0      5      0      0      0      1      2      0      1      4      3      5      0      1      8      1      4      1      0
153    0      000020 001320 5.000e-01     10      1      5     14     36     15      8     24      3      9      7     17     11      3      9      6     10      9     21     25     18      6     66      7     44     17     13     52     25      4     10      6     12     10      8      9     10     12     11     16     15     19      4      8      8     30     17     19      9      8      1      7     13      6     18     25      1      9     11      6     21      3     24      6      5     16     13     14      0     17      2     12      5     41      6      1      7      8     47      8      8      2      8     36     10     11     37      0      8      8     26     27      0      7     10      3      1     10      7     12
338    153    000015 000945 5.000e-01      7     16      1     14      6      9      2      1      6      0      0     14      3      7      7      3     22     11     12     22     12     72     20      2      5     12     25      9      4      6      1     21      7     13     21      3     33      8      5      4     12     17      2      5     20      2      4     15      1     21      7      8      3      3      9      9     14     16      4     13     13      0      3      9     22     10      5      5      1      2      4     23      3      8     30     17      0     22     13     11      3      1     14      5      3     11      2     10     12      0     10      0      1      4      3      2     11     14      7      0
15357  153    000004 000285 5.000e-01      2      3      1      3      4      4     10      5      0      1      5      5     17      0      2      0      3      2      0      0      7      1      9      7      4     11      2      4      0      5      4      0      0      1      4      4      4      0     11      2      6      2      5      1      2      0      5      0      2      6      1      1      1      3      0      3      3      2      0      2      4      4      0      7      1      0      0      1      0      6      6      1      3      1      1      1      0      1      2      0      3      4     10      0      2     17      0      1      1      1      3      0      1      0      1      1      2      6      1      0
16773  153    000001 000081 5.000e-01      0      0      3      1      0      1      2      0      1      0      3      1      2      1      1      0      1      1      6      0      0      3      1      0      0      2      1      0      1      4      0      2      1      0      0      0      1      1      1      1      0      1      0      1      2      1      0      1      0      1      1      0      0      0      0      2      0      0      0      0      0      0      1      0      0      1      2      0      0      2      1      0      2      0      0      2      0      1      1      1      1      0      0      2      1      0      0      1      0      0      0      1      0      2      2      1      0      1      2      0
16755  0      000002 000108 5.000e-01      1      0      0      1      0      1      2      1      0      1      3      1      1      2      1      0      0      1      1      0      1      1      3      0      1      0      1      4      3      2      1      2      0      0      4      3      0      0      0      1      3      4      1      1      0      2      2      0      3      2      0      2      2      0      2      0      3      0      1      0      0      1      0      1      0      1      0      1      0      3      3      0      0      1      0      0      0      0      0      0      0      1      0      3      2      2      1      4      1      0      2      2      0      1      2      1      2      0      0      1
16767  16755  000001 000094 5.000e-01      2      0      0      1      1      0      3      0      4      0      0      1      1      1      0      0      1      0      2      4      4      0      0      0      1      0      0      2      0      2      0      1      0      0      2      3      1      0      0      4      2      1      1      0      3      0      0      0      3      0      4      0      1      1      1      1      1      0      0      1      1      1      1      3      0      0      1      2      1      0      0      1      1      0      0      0      0      1      0      2      1      0      0      2      4      2      0      0      1      5      0      0      0      1      1      0      0      1      0      0
16776  16755  000001 000070 5.000e-01      0      2      2      0      0      0      0      0      0      0      1      2      1      0      2      0      1      0      2      1      1      1      1      0      2      1      1      1      0      0      1      0      3      0      0      1      0      1      1      0      0      1      0      0      0      4      0      0      2      0      0      0      0      0      0      1      1      3      0      0      2      1      0      0      0      1      0      0      1      2      2      0      0      0      3      1      1      0      1      0      0      0      2      0      0      5      0      1      0      0      1      0      0      1      1      0      1      2      0      0
16769  0      000001 000091 5.000e-01      2      0      4      0      0      4      1      0      3      0      1      1      0      1      1      0      0      0      0      4      0      0      1      0      0      0      0      1      0      2      1      1      0      1      1      1      0      0      2      2      0      1      1      1      1      0      1      2      2      1      2      0      2      0      0      0      1      0      0      2      1      1      1      0      0      0      0      0      1      2      2      2      2      0      0      0      4      0      1      3      1      2      0      0      1      0      0      1      0      1      0      3      1      2      2      3      0      2      0      0
16770  16769  000001 000060 5.000e-01      1      2      0      0      0      0      0      0      1      0      0      0      2      4      0      1      1      0      0      2      0      0      0      0      0      0      2      2      0      1      1      1      0      0      1      0      0      1      0      0      0      0      3      0      1      1      0      1      0      0      0      0      0      0      0      0      1      1      1      0      0      0      1      0      0      0      0      2      4      2      0      3      0      1      2      1      1      1      0      1      1      0      0      1      0      1      0      4      0      0      1      1      0      0      0      0      0      0      0      0
