SCORE -1.39352797066254e+05
ITER 2000
ETA        1.50000000000000e+00 1.50000000000000e+00 1.50000000000000e+00
GAMMA      5.00000000000000e-01 5.00000000000000e-01
GEM_MEAN 5.00000000000000e-01
GEM_SCALE 1.00000000000000e+02
SCALING_SHAPE 1.00000000000000e+00
SCALING_SCALE 5.00000000000000e-01
ID     PARENT NDOCS  NWORDS  SCALE     WD_CNT
0      -1     000100 012352 5.000e-01    173     28    257    139      1      3    118     23     78     14    145    113    303     79    128     57     68    130     41    155    152    322     89    288     94     49     20     74      2     91    273     91    105     23    171     57    171     69     26      5     19     89     47     66     85    189    386    151    213     58    199     84    184    144     43     34     78      7     77    219    183    163    256     25    239    109    148     90     77    235    153    272     64     23    261    336    122    165     86    189     98    185     59    204     67    165     37    270    437     26     26     85     79    179     80    152    170     24     97    119
70     0      000023 001396 5.000e-01     16     42      4      1      0      3     12     12     29     14     12      3     25      7     37     32      6     19      1     14     11      1      1     33      5      2     15     13      6      9     15      5      6      5      9     46     17     28      0      1      4     17     34      8      1     10      7      2     27     16     14     13     13      5     11     14     24     13      8      2     21     11     46     16     28     43      3     16     27      9     41      2     15      5      8     17     41      4      7     12     17     15     14      6      9     32      8      8     11     27     12      3      6     21      4     19     10      8     18     16
11678  70     000012 000733 5.000e-01      0      0     13     15      6      3     23     12      3      2      1      4      3     11      5      5      7      9      3      0      3     18      2     14      5      7      9      4      2     13     14      5     10      6     13      3     12     13      7      9      3      4     18     16      4      2      7     10      5      0     17      1      7      7      7     10      4     16     15      7      2      3     10      3      4      1     12     31      2     20     10      2      1      7      6      0      3      3      8     10      4      8      5      2      4      5      3     12      2     27      1      7     18     11      0      2      7      5      9      9
11962  70     000003 000202 5.000e-01      0      4      2      0      0      2      9      3      5      0      6      0      1      1      2      3      6      1      2      2      0      1      3      1      7      1      2      2      0      2      1      0      1      3      7      8      8      2      2      3      0      3      0      4      0      1      2      1      0      5      0      0      1      0      0      0      4      4      1     10      1      2      0      0      0      5      0      1      0      0      0      1      2      2      1      3      2      1      0      2     13      3      1      0      1      0      0      2      0      0      3      4      0      3      2      1      5      1      1      0
11422  70     000006 000360 5.000e-01     10      4      0      6      3      1      2      1     12      5      2      4      1      4      5      6      1      2      4      2      3      3      2      2      0      4      2      1      2      6     12      2      0      1      6      2      0      3      3      2      6      4      4      4     12     12      5      1      5      0      1      6      6      8      2      3      0      2      1      0      0      0      3      2      2      0      6      7      6      8      2      8      7      3      6      8      1      4      1      0      0     13     14      0      4      0      0      4      6      4      3      0      0      5      2      4      3      3      3      5
11993  70     000002 000122 5.000e-01      0      0      3      1      2      0      2      0      0      0      0      2      2      0      1      0      0      0      1      1      1      2      0      4      1      4      0      3      0      1      2      0      2      1      4      0      3      2      2      3      0      3      0      5      0      4      0      0      0      0      0      2      3      2      2      0      2      1      0      1      0      0      0      2      1      1      3      1      1      4      1      0      0      2      1      0      2      2      1      0      1      2      3      0      2      0      0      5      0      3      2      1      1      0      0      0      4      0      1      0
8      0      000017 001020 5.000e-01      9     17     14      0      0      1      8      5     29      0      8     14      8      5      5     15      1     24     14     12      7     10     11      7     11      4     10      2     11     20      7     17     12     14      7      8     21     12      1      9     13     11     12     21     14     10     18     18     19      1     30      3     17     10      9      6     14      4     10     18      2      0     14     12      8     13      5     12      4      9     10     11      8      6      5     10     25      6     15      8     11      7      1      5      9      8      7      0     20     18      4      2     25     15      2     20      5      4      6     20
10974  8      000005 000294 5.000e-01      1      1      2      0      2      1      7      1      0      2      2      6      1     12      8      2      1      0      1      3      1      5      8      5      7      2      3      2      1      2      0      3      1      0      3      4      0      5      2     10      3      3      3      4      2      4      6      6      2      2      0      0      2      1     10      7      3      1     13      2      0      3      1      5      3      0      1      6      6      2      4      2      6      2      1      0      3      0      3      3      1      9      1      9      2      3      3      1      2      0      2      0      2      6      0      4      1      0      0      6
7763   8      000011 000705 5.000e-01      3      2      3     11      5      1     16      6      6      7     20      1      2      6     20      4      4      5      0      3     11      8      9      9      0      5      1      7      4      1      3      4      2      0      8      4      3     24      4      5      5      0     17      6      5      0     10     13      0      3      5     19      8     11      1      4      3      8      1     13      3      3      9     10      0     14     20      2     19     10     16     18     19      4     12      8      1     12      8      3      9     14      1      1      2      5      8      5     13      6      3     10      0     12      4     10     17      2     16      7
12003  8      000001 000082 5.000e-01      0      1      0      0      0      0      0      0      1      0      1      0      3      2      0      0      0      2      0      1      1      0      0      1      0      2      0      0      1      0      0      0      4      0      0      0      0      1      1      0      2      0      0      1      0      1      2      0      1      0      2      0      0      1      0      0      0      0      4      2      2      3      0      0      2      2      1      2      2      6      1      1      1      0      0      0      1      0      0      0      1      0      0      0      1      0      1      1      4      0      1      5      0      1      0      0      2      2      1      0
14     0      000009 000512 5.000e-01      0      7      5      3     10      3      6      1     23      0      2      1      0      2     13      5      1      9      4      0      2      3      1     15      0     12      3      1      1      2      1      4      5      0      5      5     14     11      8     17      3      7      6      1      1      0      8      4     21      5      5      1      4      0     14      1      7     10      5      4      2      4      5      3      2      1      6      7     13      1     14      5      2      1      6      0      8     10      0     15      2      2      4      4      6      4      3      2      2     28      1      2      1      7     13      3      6      0      3      2
7664   14     000006 000399 5.000e-01      5      3     10      2      5      7      4      1      2      1      3      4      1      7      2     11      5      1      0     10      8      0      1      7      6      2      3      9      9      6      0      6      1      3      4      6      0     12      3      6      3      9      4      0      1      0      8      3      2      3      3      4      5      4      6      3      5      1      4      2      5      2      2      0      3      4      1      2      4      6      5      4      1      2      1      0      5      0      0     11      5      2      2      3     18      9      4      7      1      3      0      5      3     10      0      0      5      9      8      1
11966  14     000003 000169 5.000e-01      0      1      1      1      0      0      0      1      0      1      4      6      0      0      1      1      2      2      1      4      1      6      0      0      1      2      1      1      0      2      2      2      3      7      1      4      0      0      0      1      5      2      2      2      1      1      1      1      1      1      2      0      0      2      2      4      2      1      2      7      0      2      0      3      0      3      3      2      4      0      2      0      4      0      1      0      1      3      0      1      3      3      0      1      0      5      0      0      3      3      4      5      5      0      0      1      2      0      1      5
18     0      000011 000721 5.000e-01      4     18      5      4      6      6     10      7     34      4      2      3     12      0      9     18      1      9      8      2      8     17      4      5      1      7      1      3      4     19      5      7      7      8      3     21      3      6      4      4      6      5      8      5      9      4      6     10      4     10     10      7     16     16      3      4      4      1      7      2      3      3      4      4      8     10      5      7     17      3      7     11     11      8      5      7      3      5      7     16      6      1      9      7      7     11      6     21      3     11      3      1      4      7      1      7      3      2      5     26
29     18     000010 000633 5.000e-01      9      4      6      9      1      2     19      4     16      3      1      2      1      3     11     13      0      7      5      5      7      0     12      4      4      4      2      9      4      6      3     13      4      2      2      3      8     16      1      7      2      4     19      6     10      9     15      1      2      1      8      0      3      5     13     11      3      7      8      7     20      6     17      4     13      2     15      4      5      5      1      1      5      3      6      3     13      3      5      0     22     10      0      1      1      5      8      1      7      5      9      6     20     13      1     14      5      4      4      0
12002  18     000001 000082 5.000e-01      0      0      2      0      0      0      1      0      0      0      1      1      2      2      0      2      1      1      2      0      0      0      2      1      3      0      0      0      0      1      2      0      1      1      0      2      1      2      1      1      0      0      0      1      2      0      0      0      1      0      0      2      1      0      0      0      0      0      1      0      0      5      6      0      0      0      1      2      0      0      2      2      1      0      0      1      0      0      1      0      1      0      2      1      0      0      0      4      1      1      0      2      0      1      1      0      2      2      0      2
22     0      000018 001130 5.000e-01      3     34      3     12      5      0      4      5     14      0     10     11      3      2     10     19      2     38      8      1     25      7      8     24      1      7      8     14     12     13      1     15     16      1     37     15     28     22      3      0      0     10     12      6     17      7     22     21     17     23     10      7     12     14      4     20      9     11      7     21      1      2      5      1      5      6     19      7      0     24     20      9      5     10      7     13     29     11      9      3      3     14      5     24     11      6     13      0      5     25     12      4     39     14      6      1     20     17     18     16
4351   22     000009 000540 5.000e-01     11      1      1      3      9      0      7      0     12      7      4     21      6      2      4      6      0      2      2      5      4     33      3      1      5      3      8      3      3      2      8     13      2      7      1      3      4     15      9      4      1      2      9     10      2      8      4      1      6      0      2      3      0      2      7      0      3     16      2      2      3      4      7      3      5      3      7      0     29      4      0      8     18      4      4     10      3      4      0      5     18      1     11      3      2      9      4      2     12      1      0      3      2      3      2      0      3      0     16     13
11537  22     000007 000387 5.000e-01      3      1      6      5      4      4      5      2      2      5      5      4      6      5      2      1      2      2      6      6      7      4      5      6      5      3      1      4      3      2      1      2      1      1      3      5      2      8      1      3      5      4      7      6      4      3      0     10      9      6      1      0      7      0      4      3      1      9      0      7      0      3      2      0      0     19      0      3     12      1      5      0      0      0      8      9      8      3      5      5      5      4      5     10      0      8      0      2      0      3      1      7      2      4      6      2      7      9      0      0
12001  22     000001 000075 5.000e-01      2      0      1      0      0      0      1      0      0      0      1      0      2      1      2      1      1      1      1      0      0      0      1      3      0      1      0      1      0      2      1      0      0      2      2      3      0      0      0      0      0      3      1      2      0      0      0      2      1      0      1      0      1      2      4      0      0      0      0      1      0      0      2      0      0      0      1      0      1      1      0      2      1      0      0      1      3      1      1      0      0      1      0      1      0      0      0      1      0      0      0      2      1      1      1      0      2      1      2      0
12004  22     000001 000074 5.000e-01      0      2      0      0      1      0      0      1      0      1      0      0      1      0      2      0      0      1      0      1      4      0      1      0      0      3      1      0      1      0      1      2      2      1      0      3      0      0      0      1      1      0      0      1      0      0      0      0      0      2      1      1      0      0      0      3      1      1      1      0      0      3      2      1      1      3      0      0      1      2      2      1      0      1      1      1      1      0      0      0      0      1      0      1      0      0      0      1      0      2      0      1      0      0      0      2      1      2      1      0
137    0      000007 000478 5.000e-01      2      1      5      1     16      2      2      1      0      1      4      9      1      9      2      3      9      9      3      0      5      8     11      1      7      4      7     19      8      8      0      2      9      4     24      2      7      0      5      3      7      8      0      1      6     10     10      5     10     22      8      5      7      2      4      2      2      5      7      0      7      0      1      4      5      4      6      0      5      0      5     12      2     11      5      2      1      3      9      3      1      5     10      3      3      2      2      0      5      1      7      4      0      1      0      0      3      6      2      3
11278  137    000004 000284 5.000e-01      3      5      4     11      3      4      1      7      2      2      3      6      3      3      5      3      0      0      4      4      1      0     10      1      3      1     11      8      1      2      0      0      5      0      1      0      2      1      3      0      0      3      0      0      0      1      9     10      3      2      2      0      0      1      2      6      1      6      8      3      3      0      3      3      2      7      4      3      0      1      2      5      0      1      2      1      8      2      2      5      2      2      3      5      0      0      3      3      0      0      1      4      3      5      2      1      4      8      1      3
11787  137    000003 000224 5.000e-01      4      2      4      1      3     11      4      2      0      1      0      3      0      0      2      5      1      0      2      2      2      1      2      0      0      7      4      1      2      2      2      1      1      2      0      2      4      1     17      2      2      4      3      7      2      3      1      4      6      0      0      0      0      3      5      4      0      0      0      4      0      1      0      1      1      2      1      2      0      5      0      1      4      0      0      4      2      0      2      0      1      3      1      3      3      0      6      2      0      1      3      4      5      6      2      5      1      2      2      0
153    0      000015 001057 5.000e-01     13      5      6      4      2     21     13     14      0      5      7     25     16      2      8      2     13      3     18     35     22     45     55      8      7      8      1     24     15      7      1      1      9      6      7     10     14      5     15     19     15     12      4      5     12      5      7      8     10     14      6     11      0      8     15      5      5      4     12      1      3      4      7     14     32     24      8     16      1      2      9      9      7     21     11      5     13      7     22      5      3      4      3      9     17     22     39      0      9     11     26      5      8      3      1      1      4     14      1      7
338    153    000015 000969 5.000e-01      5     20      9     19     34      0      4      7     14      2      0     12     11      3      9      8      4     22     13     10     14     14     22     12     23     24     21     14      9     13      6     17      7     12      5     16     24     11      3      9      7      9      8      2     13     14      1      6      5     14      3      6      1      5      9     23     10     15      1      8     14      1     15      3      2      5      7      4      0     10      6      9      3     23      5     15      8     13     18      7     10      0     20     17     11     25     10      3      4      6      5      0      0      5     11      2      2     12      9      7
