SCORE -1.39221014386657e+05
ITER 8000
ETA        1.50000000000000e+00 1.50000000000000e+00 1.50000000000000e+00
GAMMA      5.00000000000000e-01 5.00000000000000e-01
GEM_MEAN 5.00000000000000e-01
GEM_SCALE 1.00000000000000e+02
SCALING_SHAPE 1.00000000000000e+00
SCALING_SCALE 5.00000000000000e-01
ID     PARENT NDOCS  NWORDS  SCALE     WD_CNT
0      -1     000100 012363 5.000e-01    186     50    164    126     16      0    133     23    175     24     81    133    189     98    163     76     22    104     15    157    222    353    133    301     83     79     57     26     36    111    178     98    152      9    201     73    298    117      7     36     50     89     80     26     65    201    420    163    184     78    131     16    239    108     61     50      6     40    130    185    168     97    245     13    262    196    146    149     49    199    194    249     89     75    234    342    130    121    119    186     87    145     64    170     81    218     65    185    357     85     18     94     19    188     43     99    171     45     66     73
70     0      000032 002044 5.000e-01     14     32     72     23      7     16     44      8     14      3     45      7     50     18     10      1     25     47     15     16      5      0      5     75     19      4      9     12      3     22      8     12     18     10     10     55      0     33     13      5      1     24     46     30     24      4      5      0     31     19     19     43     12     32     15     19     50     29      5     46     23     16     28      4     14     23     12     14      9     50     37     13      8      4     11     24     69     20     11      6     19     10     33     14     12     22      6     52     44     20     11      5      1     42      6     39     27      1     17     28
41700  70     000003 000201 5.000e-01      4      2      3      0      3      1      3      1      1      1      2      2      0      0      1      1      0      4      0      2      8      0      3      3      2      1      2      4      1      0      2      2      3      3      3      1      1      1      3      0      0      0      3      2      0      1      6      4      0      2      7      3      1      2      1      3      3      0      0      1      0      7      6      1      0      2      0      3      3      7      3      8      2      1      3      0      4      3      1      1      1      2      1      1      1      2      2      1      2      1      2      1      4      0      0      0      0      9      1      2
29468  70     000024 001440 5.000e-01     11     10     14      2      4      1      4     17     13     17     19      2     24      9     28     42      5     18     14     13     13     12      0      2      9     14      5     39      1     22     62     20      2     14     41      4      8     10      6     13      8     17      9     23      8     15     11      6     20      6     22      5      6      4     11      1     15      5      1      2     15     19     16     26     19      7     32     10     56      8      5     21     13      3     11     11     12     14      1      2     17     55      4     25     10      2     15      5     18     35      7     10     46     22     14      6      1     17     47     24
41452  70     000005 000340 5.000e-01      0      6      3     10      3      0      0      3      6      3      3      0      2      1      4      4      7      0      0      2      5      2      2      0      7      2      4      4      6      2      6      2      2      0      6     10      3      1      5      3      4      3      1      3      1     10      4      1      9      3      1      0      0      7      5      3      1      0      2      4      4      2      6      3      2      1      1      2      5      7      5      2      1      5      1      4      0      1      0     15      3      3      6      4      8      3      5     13      2      1     10      3      4      3      1      1      2      7      2      1
8      0      000014 000849 5.000e-01      3      6     14      3      0      2     10      7      0      0      9     12     31      2     12     10      4     26     13     12      0     12      8      5      7      0      1      5      5     16      4      1      1      4      1      7      2     24      4      3      3      7      0     22      7     10     12     14      9      3     27     12      8     16      4      1      8      0     15      2      2      7     18     12      6      5      3      5      8     21     27     40      2      6      6      6      2     14      6     15     18     12      5      0      9      6      8      5     31      7      3     13      5     14      8     13     10      0      4      1
7763   8      000014 000898 5.000e-01      9     22     16     15      2      1      7      4      5      5     22      3     10      0     19      8      8     13      8      3      4     13     13     10      2     11      3      8      7      3      4     17      2      4      8      8      1      4      4      2      4      5     17     14     11      3      3     10     16      5     19     15      6      8      3     12     12      2      2     14      5     18     15      9     12      5     21      4     14      6     12     11     24      0      8      7      9      6      4      3     21      8      3      2     11      4      4      7      5      3      9      2     25     12      7     27     21      9      4     32
153    0      000020 001228 5.000e-01      9      5     25     14      8     17      0     24      1      6     11      6     13      0      4      2     13     21     38     21     15     30     41      4     30     25     18     46     14      2      8     10      5      6      2      7      4     20     20     16     18     20      1      9     12      5     10      9      8     26      1      3      3      7     15     21     30     12      0      5     18     11     19     11      7     29      9      4      0      5      2     20      4     21     16     10     15     12     24     11      7     15      9     39      5      6     10      4     24      5      5     10     10      0      5      2      8     16     13     11
338    153    000016 000978 5.000e-01     14     20      6     18     31      8      7      0      1      0      7     26     28      4      7      6     19     13      4     17      2     27     36      7      6      8      6     16      9     21      6     11      7     16      5     11     15      1     10      8      8     15      3      2     24     25      1     13      4      6     15     19      0     16     13      4      0      4      5      6      4      3      0     11      1      4     12      4      3      8      6      3      1     13     16      2      7     13     10      8      7      7     13     16     17     17     28      3      5      0     35      1     11      4     18      0      2      9      5      4
41790  153    000003 000201 5.000e-01      5      3      0      1      6      4      1      2      0      0      5      0      0      2      0      0      3      0      0      1      0      6      2      2      5      0     10      8      0      0      2      0      4      1      4      2      0      1      0      1      2      2      0      0      0      1      4      1      6      2      1      3      1      2      1      5      1      7      1      3      2      0      2      2      1      0      1      2      3      0      1      1      1      1      2      5      3      3      2      3      3      3      0      0      0      2      2      0      4      0      0      3      2      1      5      3      2      8      2      2
41848  153    000001 000079 5.000e-01      0      0      2      1      2      0      1      1      2      1      0      1      3      0      1      0      0      2      0      0      0      0      2      2      0      2      0      3      0      1      1      0      0      0      1      2      2      1      0      0      0      0      1      1      2      1      1      1      1      1      0      2      0      1      2      1      3      0      0      1      0      0      1      2      0      0      1      2      0      2      0      0      1      1      0      0      2      1      0      2      0      0      2      0      0      1      1      0      2      1      0      0      1      0      0      1      0      0      0      2
18     0      000029 001771 5.000e-01     14     19     19     27      5      9     15      7      8      1     14     11     42      8     22     22      2     35     11     18      5     23      5     37     12     16     10     22      0     14     17     12      2      3     22     33      0     22     20      2      2      5     30     21     40     12     14     36     19      1     11     35      4     30     19     30     18     20      0     18     12     33      2      2      7      2     22      7     33     19      3      6     22      3     28     17     37     39     20     28     24     18     20     35      3     12      8     58     38     24     25     18     63     17     22      7     16      1     15     54
29     18     000027 001757 5.000e-01      3     24     21      1     19      1     46     17     51     14     17     37     15     14     15     38     22     12     14      5     12     24      4      2      3      1      1      9     10     10     55     23     14     31     12      5      9     26      9     18      3     19     23     21      4      3     32     21     48     23     58      7     12      9     15      8     19     22     23     45     17      9     52     15     26      2     13     11     41     20     17     18     16      3     24     16      9     10      6     15     21     24      7      6      8     20      6     20      7     22      1      5     24     22      4     38     26      8     40     29
41847  18     000001 000092 5.000e-01      1      0      2      3      0      1      1      0      0      0      2      1      0      2      1      0      0      0      5      1      3      1      1      0      1      0      0      0      1      0      2      1      0      0      1      0      0      3      0      0      0      0      1      0      0      0      3      0      3      3      2      1      1      2      0      2      2      0      2      3      0      3      0      0      0      2      1      0      0      2      0      0      0      0      1      2      3      2      2      0      2      0      0      0      0      2      0      0      4      0      0      1      0      1      1      0      1      2      1      0
41849  18     000001 000059 5.000e-01      0      2      0      1      0      0      0      0      0      0      0      0      0      0      1      1      0      1      0      1      0      2      0      2      1      2      0      1      1      1      2      1      0      1      1      2      0      0      2      2      0      0      0      3      0      2      1      1      1      3      0      1      0      0      0      0      1      0      0      0      0      0      0      0      1      0      0      0      3      2      1      0      1      0      0      0      0      0      0      0      2      0      1      1      0      0      0      0      1      1      0      0      2      0      0      0      1      1      0      0
41820  0      000003 000197 5.000e-01      1      0      1      0      0      2      2      0      4      1      1      0      5      1      5      8      0      0      1      6      3      0      1      0      7      0      3      1      0      1      2      1      2      2      0      7      2      4      0      7      6      4      2      4      0      0      4      3      4      0      7      4      2      2      1      4      7      1      1      0      2      1      5      4      1      1      1      2      2      3      1      0      0      0      0      3      1      0      0      2      1      1      0      2      3      6      0      1      1      2      0      1      0      2      1      3      4      1      2      0
41834  41820  000003 000205 5.000e-01      1      1      1      2      5      3      3      1      1      0      2      7      2      3      0      0      2      1      2      2      1      2      1      0      1      0      0     10      3      3      2      1      0      3      1      3      0      0      0      6      0      3      1      1      2      1      1      4      4      1      8      3      1      0      8      0      4      0      5      2      1      1      2      2      0      0      4      5      4      4      3      1      0      1      0      2      1      2      1      5      2      4      0      4     10      1      1      1      1      3      0      2      0      2      6      0      1      0      2      1
40439  0      000002 000120 5.000e-01      0      0      1      0      4      8      1      1      0      0      4      3      0      6      0      1      1      2      1      0      1      0      1      0      0      0      2      1      0      1      0      0      1      0      0      0      1      0      0      2      2      1      0      3      1      4      3      0      2      3      1      2      1      2      2      3      0      0      2      4      1      1      0      2      3      1      4      3      0      1      1      1      0      2      0      2      2      1      1      1      0      1      0      1      1      0      2      0      1      0      0      0      1      0      0      1      1      1      2      2
41729  40439  000002 000178 5.000e-01      1      1      2      1      3      1      0      0      0      1      0      4      0      0      0      2      3      0      3      1      1      1      5      0      1      3      3      4      4      2      0      0      1      3      4      2      0      1     18      0      1      2      0      5      2      0      0      1      1      3      0      1      1      5      1      0      5      1      1      2      1      0      0      0      4      1      0      0      3      4      0      2      2      0      2      1      1      0      2      0      2      1      6      0      1      0      2      2      0      2      3      3      6      3      0     11      0      2      2      1
