SCORE -1.39316238004502e+05
ITER 1000
ETA        1.50000000000000e+00 1.50000000000000e+00 1.50000000000000e+00
GAMMA      5.00000000000000e-01 5.00000000000000e-01
GEM_MEAN 5.00000000000000e-01
GEM_SCALE 1.00000000000000e+02
SCALING_SHAPE 1.00000000000000e+00
SCALING_SCALE 5.00000000000000e-01
ID     PARENT NDOCS  NWORDS  SCALE     WD_CNT
0      -1     000100 012348 5.000e-01    115     45    243    157     12      0    109     20    128      7    125    151    252     79    167    102     15    214     20    141    167    348     94    323     62     67     24    106      7    127    221    108     77     16    221    121    235    163     19     22     28     64     88     67     71    120    449    163    187     52    211     64    147    139     86     62     43     15     80    177    175    109    252      4    192    166    150     85     68    218    146    254     55     20    261    319    203    166     63    151     90    126     25    212     57    169     57    230    434     25     57     58    104    202      6     77    151     12     82    174
172    0      000007 000407 5.000e-01      5      0      7      2      8      2      0      1      3      1      5      1      8      1      2      3      9      4      4      0      9      8      5      1      6      4      4      0      4      3      0      2      4      1      0      3      9      5      6      5      9      4      0      4      4      1      4      3     14      3      2      2      3      0      7      4      4      0      0      1      9      6      2      4      2      8     15      2      4     11      5      1      2      7      2      6      5      4     11      7      0      8      2      2      4      6      7      1      9      1      2      7      2      1      4      6     13      5      0      0
7148   172    000002 000143 5.000e-01      0      2      1      0      3      2      4      0      0      0      1      1      0      1      2      0      0      0      2      0      0      1      1      0      1      2      2      2      2      0      3      0      2      0      3      1      1      0      0      1      2      5      0      0      1     13      0      5      3      3      0      0      2      3      2      2      2      4      1      2      0      0      1      0      0      5      0      1      0      4      1      3      1      0      2      0      0      1      0      0      3      4      5      3      0      1      0      1      1      1      3      0      2      3      4      1      1      0      0      0
7132   172    000003 000194 5.000e-01      2      5      0      1      0      0      1      0      1      1      0      7      2      0      1      0      0      3      4      4      2      2      2      1      1      5      1      0      1      3      0      2      9      3      1      1      3      6      2      1      0      0      0      0      2      6      0      3      2      3      3      2      0      0      2      0      0      3      8      1      0      6      3      1      4      1      0      6      3      2      2      0      0      0      0      1      3      1      0      5      1      2      0      0      3      8      0      3      5      2      3      3      1      2      0      0      0      4      5      1
7171   172    000001 000073 5.000e-01      1      0      0      0      2      0      2      0      0      1      1      1      0      0      0      0      1      0      1      0      1      1      0      2      2      0      0      0      0      2      1      1      0      1      0      0      1      0      0      2      1      3      0      0      2      2      2      0      1      1      1      1      3      2      2      1      1      0      1      0      0      0      0      1      2      4      1      2      0      0      1      1      1      2      0      1      0      0      1      0      0      0      0      1      1      1      1      0      0      0      0      1      2      0      0      0      1      0      0      0
7172   172    000001 000075 5.000e-01      1      1      0      1      2      0      0      1      0      0      1      1      1      0      3      0      0      0      0      0      0      1      1      0      0      2      3      5      1      0      2      1      1      2      2      1      1      0      2      2      1      0      0      3      0      3      0      1      0      0      0      1      1      0      1      1      3      1      0      1      0      0      2      0      0      1      0      1      0      0      1      0      0      4      0      1      0      1      0      0      1      0      1      0      0      1      2      0      0      0      0      0      0      0      0      0      1      0      1      1
8      0      000014 000914 5.000e-01      5      9      2      0      3      3     20      5     15     11     29      6     10      3      0     12      6      9     16      1     16      7      5      3      7     12      0      8      6      7     12     15      4      2      6      1     10      6      4     11      4      6     15      9     17      9      9     16     13      3     20     18     23     22      2      3     14      5      6     21      0     20      8      5      0     14      1      0     11      7     10     11     17      1     17      0      2      7     10     11     26     23      0     10      4      6     13      4     14     20      4      0     16      7     12     23     18      4     12      4
5552   8      000009 000533 5.000e-01      8      8      5     11      1      0      5      1     10      1      0     10      1      1     22      8      0      1      1      1      3      2      6     15      5      2      1      5      2      2      1      6      6      4      3      4      3     15      0      1      5      4      4      8      5      5      3     13      4      3      0      7      5      5      0      5      2      6      3      8      3      4      3      7     10      5     30      9     13     11     20     16     16      5      1      0      1      3     10      1      2      9      7      0      3     11      5      0      8      1      1      9      0      2      3     15      4      0      3      6
6825   8      000004 000242 5.000e-01      4      0      2      1      0      0      3      4      2      1      3      7      0      9      2      2      5      3      2      6      1      4      0      7      2      0      2      4      2      4      0      0      3      2      1      6      0      0      0      5      1      5      0      3      2      7      2      0      1      0      2      2      0      2      4      4      8      3      0      0      0      1      3      6      4      0      0      7      3     10      0      2      0      3      1      1      4      0      0      2      0      3      0      5      4      8      2      4      0      8      0      0      0      1      2      0      1      3      9      0
7170   8      000001 000081 5.000e-01      0      0      0      0      1      0      2      1      2      0      0      4      0      1      1      1      1      1      0      3      1      1      1      0      0      0      0      0      2      0      4      0      0      0      0      1      1      4      0      0      0      1      1      1      0      2      1      0      1      0      1      1      0      1      2      0      1      0      2      2      0      2      0      1      1      0      1      0      1      2      2      1      0      1      1      1      0      0      2      0      0      1      0      2      0      1      1      0      1      0      1      2      1      2      1      0      0      1      0      1
14     0      000012 000772 5.000e-01      9      7      0      5      8      7     21      4     13      0      8      0     15      2     18     13     10      1      1      1      3      2      1      3     11      8     11      6      5      7      2      7     15      9      3      5     16      6      1     11      6     18      2      9      7      5      1      4     17     12      2      5     14      2      9      5     12     14      6     12     11      7     20     10      7      3     10     15      8      5     24      5      1      2      2     17     12      3      4      9     18     10      6      3      9      7      1     10      4     10      1      5      3      5      6     14     16     11     18      3
7173   14     000001 000069 5.000e-01      0      1      0      2      0      0      3      2      2      0      2      1      0      0      0      0      0      1      0      0      0      0      1      0      4      0      2      0      0      1      1      1      0      0      1      1      1      0      0      0      0      0      1      0      1      2      1      0      0      0      0      0      0      0      0      0      2      0      1      0      0      0      1      0      1      1      0      0      0      2      2      0      0      2      0      3      0      0      1      4      4      0      1      1      0      1      1      0      3      1      0      0      0      0      1      0      3      0      0      1
6298   14     000006 000339 5.000e-01      1      2     11      4      3      3      1      2      5      2      4      3      4      2      5      3      0      0      2      3      5      0      1      3      0      4      1      1      2      2      4      0      4      4      7      1      3      4      4      4      1      4      3      3      0      0      5      1      2      1      2      6      7      6      7      2      6      1      0      7      1      1      2      0      7      7      2      2     13      0      7      3      5      1      2      0      3      7      0      7      3      2      7      5      6      7      2      1      1     13      1      5      0     14      7      3     10      3      1      0
7109   14     000004 000211 5.000e-01      0      1      7      0      1      1      3      3      1      4      0      2      2      3      1      1      5      3      3      2      1      2      0      1      1      1      0      2      0      0      2      6      0      1      1     10      1      2      0      2      0      5      1      3      0      7      0      1      7      0      0      3      1      2      3      3      3      0      3      4      0      1      2      2     11      5      0      0      3      7      0      0      2      5      0      1      0      1      3      1      2      4      1      2      1      2      0      3      1      5      1      2      3      4      0      1      0      7      3      3
7174   14     000001 000062 5.000e-01      1      3      1      0      0      0      1      0      0      0      0      0      1      0      0      0      0      1      0      0      0      1      2      0      1      1      1      1      0      1      0      0      0      0      0      1      2      0      1      0      0      0      2      2      0      0      1      0      1      0      1      3      1      1      1      1      2      0      0      0      1      1      1      0      0      2      0      1      1      2      1      1      2      1      1      0      0      2      1      0      1      0      1      2      0      0      0      0      0      0      2      0      0      1      1      0      0      0      0      0
18     0      000017 001103 5.000e-01     19     29      9      7     10      5     27      6     24      4      7      0     16      1      5     26     10      5      9      2      1     12     15      1      2      2      4      5      2      9     24     19     10      5      1     15      3      2      7      4     12     14     15     14     22     18      3     12      7      8     32      8     18      8      1      6      6     10     13     28      6      7     15     18     13     11     20      7     11     14      9     29     22      6      9     21     13      9      8     11      7      2      6      5      6      3      3     25      2     30      5     10     27     13      9     20      9     12      8     23
29     18     000015 000946 5.000e-01     19      3      4      4      0      9      7      4     18      8      8      2     17     16     17      2      0     11     10     30     15      5      9     40      7     10      4      6      6     12     12      7     13     15     15      1      1     14      6      9      2      9     18      6      7      4      5     19     24      8      4      4     10      4      7      6      3      2      2      8     16     13     15      0     10      2      2      6     33     11     12     16      2      7      8      4      2      9      8     21     25     19     14      6     17     22      6      7      5      0      5      6      6     14     12     21      7      3      2      4
7011   18     000002 000108 5.000e-01      1      3      1      0      0      0      2      0      0      1      0      0      0      0      1      0      1      2      0      0      3      1      5      6      2      1      0      0      2      1      1      0      1      0      0      1      0      1      1      2      1      1      0      2      1      0      0      1      0      0      1      1      4      1      1      1      3      0      4      2      0      2      1      7      2      1      1      6      0      0      2      2      0      1      0      0      0      0      0      1      1      1      1      0      2      1      0      1      0      1      2      0      0      2      2      1      1      1      0      1
22     0      000012 000739 5.000e-01      8      5     16      0      4      1     13      1      5      6      2     14      9      2      2      4      4      1      9      0      4     30      3      3      5      1     12      2      5      5      9     15      7      9     13      0     19      1     11      1      0     18      2     15      4      8      3      0     15     21      1     20     10      0     11      8     14     21      6     16      1      5      6      3      8      2      9      0     14     14      4      0      8      8      4      5      2     16     11      3     14      3      2      8      6      4      8      2      6     23      0     14      5      2     16      7      5     10     10     17
4351   22     000012 000737 5.000e-01      8     13      1     12      7      2      2      7      7      3     11      1      9      1      7      6      6     10     12     10     14      7      2      2      8      4      0     10      5      4      8      2     11      7      8      2      4     23      7      0      1      2     18      2      3     13      7      6     16      4      4      2      3      8      0      5      3      2      9      4      2      9     26      0     18      7      6      4     24      8      6      4     16      6     13     13     11      3      8      4      5     26     14      6      2     22      0     19     10      1      1      5     12      9      1      1     10      5     19      6
137    0      000007 000480 5.000e-01      4      5      4      0     14      5      1      2      1      0     11      6      4      7      0      3      3      1      9      1      7      1     18      3      4      6     16     17      7      3      6      0      7      2      2      5      2      1     10      0      2      6      0      5      4     18      6      9      5     27      0      2      3      5      0      1     11      3      6      4      1      0      1      4      2      5      3      1      5      0      4     14      3      4      5     11      5      0      8      5      2      0      9      4      1      0      6      2      5      2      5      9      3      1      7      7      4     15      2      0
196    137    000005 000330 5.000e-01      9      2      5      6      5      2      0      7      5      3      0      6      2      4      2      2     15      2      0      6      3      6      8      3      9      2      4      9      2      1      1      0      2      3      6      2      3      3      1      1      2      2      0      0      1      1      2      4     11      1      2      1      2      2      4      4      1      7      8      4      8      0      7      3      1      5      0      1      0      3      2      2      2      9      3      0      5      6      2      7      1     11      2      2      1      3      1      3      5      1      2      2      1      6      3      1      1      2      3      2
7079   137    000002 000160 5.000e-01      0      0      0      0      0      7      1      0      0      1      0      0      0      4      0      4      1      1      0      3      0      0      2      0      1      0      0      0      1      2      0      1      2      0      4      0      1      0     13      3      3      1      1      4      2      1      0      2      5      0      2      3      0      2      0      0      1      1      2      2      3      0      0      3      5      0      0      3      1      2      1      2      3      0      0      7      0      2      4      1      3      3      5      0      2      0      1      1      2      1      3      1      3      1      0      9      1      0      3      0
153    0      000011 000751 5.000e-01     11     16      3      4     10     12      3     20      4      0      3     10     12      2      5      1      7      4     21     20     13     17     30      2     31      7     10      4     11     15      0      6      6      8      2      5      2      2      7     11     14     18      3      1      2      4     11     10      3     18      2      8      9      2      4     13      6      2      2      3      2      2      9      9     13      3      0     10      0      0     14      0      5     23      7      9      3      3     20      4      1     14     12      4      8      5     17      6     12      5      3      4      1      0     11      0      1     12      6      1
338    153    000008 000507 5.000e-01      9      4      0      4      6      8      5      0      0      2      3     10     10      2      4      2      6      2      5     18      6     23     34      2      0     12      7      5      6      4      0      4      6      4      3      2      6      2      0      5      1      2      3      1     15      6      1      4      2      0      1      1      1      6      5      8      2     10      1      1      1      3      2      5     12      4      7      8      1      2      0     10      1      5      4      0      1      0      8      8      5      0      3     19     11      9     18      1      3      6     11      5      1      2     10      5      7      1      4      2
7104   153    000003 000170 5.000e-01      1      0      3      2      6      1      5      0      2      2      1      1      8      0      2      0      4      5      0      0      0      2      5      1      0      6      0      2      3      2      2      1      1      0      3      1      3      0      9      0      4      2      4      0      4      1      3      0      1      1      0      1      1      1      1      1      4      2      2      2      1      0      1      2      0      1      1      1      0      1      0      3      2      2      1      2      0      1      3      1      1      0      2      0      2      5      0      0      0      3      1      1      0      1      0      0      2      7      3      0
70     0      000019 001202 5.000e-01     20      9     33      2      7      2     12     10     23     13      5      2     19     10      2      5     10      8      3      8     14      5      2     25     12      6      7     10      3      2     29      4      6      0      3     26      3      0      5      3      8     10     21     20      9     35      0      0     23      3     10      7     23     13      3     10     15      7     11     29     26     17     17     11     19     10     11     39     10     22     17     12      6      1     17     22     24      4      1     26      8     12     20     14     14     16      3     16      6     38     12      7     17     25      5     13     18      5      4     12
446    70     000013 000799 5.000e-01      9     21      1     20      1      1     21     13      2      4      7      2      8     11     14     14     13      2     10     16      4     16      7      1      5      0     12      6      4      9     15      0     15      7      9      7     11      6      3     10      1      7     11      6      2      1      5      6      0     11     19      0      6     10      2      0      3     17     10      1      5      8     14     10     21      0     12      6      8      9     14      2      9      6      2      0      6      8     17      4     12      5     15      1      8      5      7     15      6     10      0     13     10      7     14     17      6      3     25      4
7040   70     000005 000249 5.000e-01      2      9      0      1      1      0      1      2      7      1      5      3      1      5      3      6      1      2      0      0      6      3      1      1      1      1      2      2      6      2      1      3      0      0      4      2      0      2      0      0      2      3      2      0     14      2      8      1      3      2      2      1      0      0      4      8      1      6      0      2      3      2      3      1      0      3      0      0      0      0      7      1      3      4      0      4      0      2      3      4      0     17      9      1      2      0      0      1      3      3      3      0      3      3      3      5      0      8      0      0
7177   70     000001 000089 5.000e-01      0      0      5      1      2      0      1      0      0      0      1      0      0      0      0      0      3      2      0      0      1      0      1      2      0      2      1      0      4      1      0      0      0      1      0      3      0      1      2      2      0      0      2      0      0      2      1      1      0      2      1      0      0      5      3      0      4      0      2      0      0      1      0      0      0      2      0      0      0      0      0      1      0      1      0      0      1      1      0      0      1      0      4      0      4      0      3      1      0      1      0      2      1      1      0      0      1      3      1      0
7175   0      000001 000084 5.000e-01      3      0      0      1      1      0      1      0      1      0      1      1      2      1      1      0      0      0      0      2      0      0      1      0      2      0      3      0      0      1      0      1      0      1      0      2      0      0      0      1      0      1      1      1      0      0      2      3      0      0      4      1      0      0      0      2      5      1      3      0      0      0      0      1      0      2      1      2      1      0      2      0      1      2      0      1      1      1      1      5      0      1      0      1      0      0      0      0      1      0      0      1      0      2      1      4      1      0      0      0
7176   7175   000001 000083 5.000e-01      1      0      2      0      0      2      1      0      1      0      0      2      1      0      4      2      0      0      0      0      0      0      0      1      4      0      0      1      0      0      0      0      4      3      1      1      1      0      0      5      1      1      0      1      1      2      0      0      2      1      0      0      1      1      3      1      0      0      3      1      0      1      0      1      1      1      0      2      0      1      2      0      2      0      0      4      0      1      2      0      0      3      0      1      2      0      0      0      0      0      0      0      0      0      0      0      1      0      1      1
