SCORE -1.38895525195518e+05
ITER 10000
ETA        1.50000000000000e+00 1.50000000000000e+00 1.50000000000000e+00
GAMMA      5.00000000000000e-01 5.00000000000000e-01
GEM_MEAN 5.00000000000000e-01
GEM_SCALE 1.00000000000000e+02
SCALING_SHAPE 1.00000000000000e+00
SCALING_SCALE 5.00000000000000e-01
ID     PARENT NDOCS  NWORDS  SCALE     WD_CNT
0      -1     000100 012345 5.000e-01    181     67    224    156     18     12    154     22     68      3     58    126    308     34    187     97     39    131     54    165    158    401     94    288     36     84     18    132     12     85    149     63     36     34    225     65    240     84     22     50     14    137      0     97    151    216    416    199    237     70    138     83    141    106     93     48     56     52     97    165    184     58    341     52    250    121     89     74     19    260    198    287     93     45    211    333    140     93     80    101    120    208     19    142    105    219     61    184    410     24     54     88     64    187     43    118    160     28     83    103
70     0      000037 002351 5.000e-01      1     23     58     14      3     10     15      6     63     18     48      6     10     10     11     23     23     44      2     13     14      5      8     37     39      7     13      9     11     18     52     34     51      5     20     65     23     69      9      4     21     27     41     17      4      5     27      0     31     31     30      7     14     25     14     17     37     23      6     47     13     64      8     16     19     49      4      4     35     42     27      2      4     17     35     30     76     60      6     47     19     27     42     25     13     20      5     65     17     50     11     15      4     15     13     24     32      6     43     29
48064  70     000009 000566 5.000e-01      4      8      6      6      6      4      9      4      6      2      5      6      4      7      0     12      6      6      1      1      3      7      2      3     11      2      6      3      3     12     14      3      3      2      2     17      9      7      1      4      5      6      7      8     11      1      0      1      0      0      0      9     21      1      4      2      0      1      6      5      4      9      4      0     10      3     11     19     11      3      4     19      4      3      2     10      3      3     12     13     15     14      6      6      6      0      0      6      4      3      4      2      3     17      5      2      4     10      2      5
29468  70     000024 001403 5.000e-01     20      9     14      0      9      2      4     19      4     12     27      1     26     31     17     25      3     16     12     11     18      3      6     30      5     12     14      5      3     33     24     22     10      9     10      1      3      1     12      6      7      8     46     19      9      2      2     15     26      2     20     19     21     15     10     14     13      8      3      6     21      1      5      7      7     10     51     36     45      5     25     27     16      1      3     17      4      6     12     12     11     22      8     42     10      8     14      6     17     30      4      4     38     30     13     12      9     12     23     25
49396  70     000003 000228 5.000e-01      2      4      6      2      3      0      1      1      1      0      2      2      0      4      5      1      1      4      3      0      8      4      2      0      1      2      4      1      5      1      1      6      2      1      4      0      4      0      3      1      3      0      0      1      0      5      8      0      5      0      1      1      6      8      4      7      0      5      0      1      1      3      1      1      0      5      2      0      2     10      0      3      0      0      1      2      8      0      1      0      0      0      1      4      0      3      0      4      5      0      0      1      5      1      2      0      2     10      3      0
49479  70     000001 000084 5.000e-01      0      2      5      2      2      0      0      0      2      0      1      0      1      1      0      0      2      1      0      0      0      0      2      1      2      3      0      0      4      1      0      0      0      1      0      1      0      1      1      0      0      0      3      2      0      1      2      1      0      2      1      0      1      1      1      0      1      0      0      1      1      1      2      0      0      0      0      0      0      0      0      1      0      0      0      1      2      0      1      1      0      0      1      0      4      0      3      0      3      1      0      3      1      0      0      0      1      2      1      1
8      0      000008 000598 5.000e-01      0      3     13      7      1      0      8      0     17      6     18      3      3      9      3      7      1     12      7      6      0      5      3      7      3      7      0      1      3      2     12      9      6      2      5      2      2      7      1      1      3      4      4      2      2      5      2      3      0      4     24     13      5      4      1      6     11      0      8     14      7      9      2      3      2     11      6      4     13      4     13     13     11      2     19      2      3      1      2      7      7     10     12      0     10      2      6      7      5      7      6      6      6     21      4     21     13      1      2      1
7763   8      000008 000439 5.000e-01     11      6      0      6      1      0      5      7      2      0      3      6      1      0     19      1      1      5      4      3      7      4     11      3      2      1      6      3      4      8      0      6     13      1      2      3      6     11      0      3      7      0     13      5      1      1      2      9      0      3      4      3      3     11      3      0      1      0      1      2      2      6      1      5      6      0     13      2      4      1      8      4      8      2      0      8      4     15      3      9     18      1      3      0      0      9      3      0     16      7      3      3      2      0      7      5      4      0      1     12
153    0      000020 001232 5.000e-01     18     12      2     19     39     21      0     17      6      7      8     10      2      8      9      1     21     20     23     20     20     38     69     14     33     17     23     33     24      2     12     12     25      0     12     15     11     14     11     12     15      7     12      0      5      4     18      8      6     17     12      5      3     10      4      4     16     20      7      0      7      1      6      4     23     37     25     14      6      4      0      5      1     11     20      0     11     24     26      0      1      1     23     36      0     15      7      6      6      2      1      8      8      5      7      0     15     22      5      6
48128  153    000012 000751 5.000e-01      3      7      7      8      4      0     12      6      1      2      1     21     12      1      9      0      9      5      9     16     11      8     23      8     13      6      7      5      4      6     13      6      4     10      6      6     11      1     11     10     11      8      6      0      0     18      6      4      2      8      7      4      8     14     12     16      6      2     12      8      2     11      3      5      6      4      6     11      1      5      4      9      0     27     18      9      3      7     14     21      3      3      7      1      5     10     26      4      9      6     18      1      7      0      9      2      1      4      6      9
45173  153    000004 000250 5.000e-01      2      2      1      0      0      4      5      2      0      0     12      4      7      4      1      1      3      3      1      6      3      0      6      0      2      5      1      1      0     17      2      0      3      5      1      1      0      3      2      0      4      0      3      4      3      1      1      3      1      0      0      0      2      0      1      6      0      0      0      0      4      0      0      5      3      4      2      2      1      1      3      0      3      1      1      4      1      0      2      5      3      2      2      5      5      4     12      0      0      7     12      3      1      2      6      1      0      1      2      1
49395  153    000003 000181 5.000e-01      0      0      6      0      1      1      1      4      4      2      5      5      0      6      0      0      4      1      0      3      3      2      0      0      3      2      6      7      1      2      0      0      0      0      5      1      0      1      1      1      0      2      0      0      0      1      0      1      4      6      1      1      2      2      2      7      0      1      1      1      3      4      1      2      1      0      0      0      0      1      3      1      1      4      1      0      4      2      3      8      1      4      3      0      2      0      2      0      5      1      0      0      2      1      1      0      0      7      1      2
49478  153    000001 000063 5.000e-01      2      0      0      1      0      0      1      0      0      0      1      0      1      0      0      1      1      0      1      1      0      0      0      0      0      0      2      2      0      1      0      1      0      0      1      0      0      3      0      0      0      0      0      0      0      0      0      0      0      5      0      0      0      0      1      0      1      1      2      1      0      0      0      0      1      1      0      0      4      0      0      2      1      3      2      1      0      1      1      1      0      4      0      0      0      1      0      0      1      0      0      3      0      0      2      0      0      3      0      0
18     0      000031 002009 5.000e-01     14     25     20      2      3      8     18     26     75     19     36     17      9      8     16     25      5     42     11      2     21      0     23     32     25      9     14      8      2      8     19     45     30     15     21     31      4     10     15     12      9      2     28     17      0      2     17     14      8      7     47     10     33     13     21     25     18      3     33     33     20     38     12      5     27     16     59     39     49     10     28      6      5      7      8     17     13     13      5     40     15      1     33     50      5     10      5     40     46     37     12     16     33     33     19     48     36      4     37     47
29     18     000031 001923 5.000e-01     13     34      4     22     18      4     40      0     26      4     13     42     25     33     13     21     14      9      9     27     27     26      8     25     13      6     13      1     21     28     60      0     24     19      3     14     29     52     15      8      6      8     49     10     16     30     30     27     42     24     37     15     33     38      2      9     12     26     12     53      5     20     26      7      5     16      9     15     41     16      2     12     39     10     37     11     30     32     36     27     18      6      7      2      8     18     12     33      0     29      2     15     42     15      5      3     14     23     11     22
49280  0      000002 000162 5.000e-01      0      1      0      0      3      1      0      0      0      1      4      3      0      3      1      4      1      0      2      1      3      2      1      2      0      3      3      1      2      2      0      2      3      2      2      3      1      0     12      2      0      0      0      5      1      1      1      1      0      6      2      0      1      4      2      3      2      0      0      2      0      0      0      2      0      0      2      2      1      1      1      3      0      2      0      0      2      0      2      4      1      2      6      1      0      0      6      0      0      1      2      1      3      2      1      6      2      1      2      1
49419  49280  000002 000110 5.000e-01      1      0      0      0      5      6      1      1      0      0      0      0      1      4      0      0      1      0      1      1      1      0      4      0      1      0      1      1      1      2      0      1      2      0      2      0      2      1      5      1      4      2      2      1      0      1      0      1      0      2      0      1      1      0      0      0      3      0      3      1      0      0      0      0      4      1      1      1      2      2      0      1      0      0      1      4      1      1      2      0      0      2      1      0      1      0      2      0      0      2      0      0      4      1      0      4      0      2      1      0
49476  0      000002 000139 5.000e-01      1      0      0      2      2      1      0      0      5      1      0      1      1      2      0      1      1      0      2      1      1      0      0      2      5      0      3      1      1      2      2      2      0      0      1      6      1      0      0      4      0      1      2      0      0      2      2      1      2      0      0      3      2      0      1      1      7      1      2      1      1      3      1      3      0      2      2      3      1      0      1      0      1      2      1      4      1      2      1      5      1      0      0      3      0      2      1      1      2      5      0      3      0      1      3      0      1      0      1      1
49480  49476  000001 000091 5.000e-01      3      0      0      1      0      0      2      1      1      0      2      1      3      2      0      2      0      0      1      0      1      1      0      0      0      2      0      4      0      1      1      0      0      0      0      0      0      1      0      3      2      3      2      0      0      2      1      0      4      1      4      1      0      0      1      0      0      0      0      1      0      0      1      2      0      0      1      0      1      2      1      0      0      0      3      0      0      1      0      1      3      2      0      3      4      3      0      1      1      0      0      0      1      0      1      1      0      1      1      1
49481  49476  000001 000075 5.000e-01      0      0      0      0      0      1      2      0      1      0      0      1      0      1      2      0      0      0      1      1      1      2      1      0      2      0      0      1      0      1      0      0      4      4      1      1      0      3      0      2      1      1      0      2      0      0      0      0      2      0      2      0      1      1      0      2      1      0      2      1      0      0      3      0      2      1      0      1      0      1      0      1      0      2      0      1      1      1      1      1      1      0      0      0      2      0      0      0      0      0      0      0      0      2      0      4      0      0      0      1
