SCORE -1.39149180765745e+05
ITER 7000
ETA        1.50000000000000e+00 1.50000000000000e+00 1.50000000000000e+00
GAMMA      5.00000000000000e-01 5.00000000000000e-01
GEM_MEAN 5.00000000000000e-01
GEM_SCALE 1.00000000000000e+02
SCALING_SHAPE 1.00000000000000e+00
SCALING_SCALE 5.00000000000000e-01
ID     PARENT NDOCS  NWORDS  SCALE     WD_CNT
0      -1     000100 012671 5.000e-01    125     68    257    159      5      8    112     15    134     31     99     90    241     88    192     73     27    199     84    136    196    382    144    292     94     60     18     79      4    130    253     92     73     18    151    110    240    123     30     15     47    105     52     68    115    113    406    127    287     87    188     51    172    149     63     62     92     24     96    179     93     84    289     17    229    169    118    130     53    233    187    262    120     34    213    314    189    111    104    141     67    190     88    185     71    130     43    153    405     72     51     88     68    238     84     82    227     19     85    105
70     0      000026 001630 5.000e-01     21     22     27     17     10      1      6     13     22     11     33      3     24      6      9     40     14     32      7      5     10     10      2      8      2      7      2     11     14     10      0      8     35     10     50     29      1     40      3      7      5     31     35     25      5     24     11      0      1     15      6     23      6     12      7     13      3     11      0     28     22     31     14      7     33      8     48     22     47      9      6     22      3     13     26     27      1     32      6     14     39     61     20     21     23     27      3     42      6      1      4     10     22     29      2     35      5     19      0     27
35259  70     000009 000530 5.000e-01      3      5      3      3      3      7      8      5     25      4      3     11      8      1      4      1      3      2      1      7     13      2      3      9      1      0      2     10      0      6     11     12      6      6      4      7      3      4      3      2      2      1      1      2      7      5      8      5      0      2      1      1      7      7      1      4      4     15      4      5     13      5     14      2      3     13      3      5      4     19      6      2      4      3      7      2      9      9      2      1      6      6      0     13      5     11      2      6      8      0      0      0      6      1     12      1      5      8     17      4
29468  70     000017 001098 5.000e-01     12     15     16      8      0      6     25     13      3     10     17      7     16      9     16     10      6      0      8     15      3      5      0     37     12     10     12     15      3     24     27     16      1      1     12      7      2      3      6     13      5      6     21     14      1     10     24     22     14      0      7     11     16      6     14      5     22     10      8      2     19      9      7     20     13     14     10      7     15     27     33      2      8      2      1      9     26      6      7      3      3      1      7     13      3     21     11      8     29     38      1      3     13     10      1     11      1      1     36     10
8      0      000017 000981 5.000e-01     11     13      7     11      6      0     17      7      6      1     16      6     12      3     19      0      2     16      4      8      8      5      7     15      8     12      7      1      3      4      5      4     11      3      7      2     17     27      1      2      5      2     15     13     12     16      2     12     11      6     26     19     20     12      2      3      2      3     19     19     13      5     11     10     12      4     29      3     17     13     16     37     10      4      1     17      3      7      5      5     30      2      0      6      5     23     13      7      7     12      6     16     14     10      5     32     11      4      1     22
7763   8      000012 000700 5.000e-01      4      1      6      4      1      2      6      3     13      1     10     10     15      7      7     16      9      3      4     10      1      8      9     14      2      6      2      0      4      1      7      5      5      4      1      1     10      4      3      9      2      4     11      9      7      3     11     18      4      3     11      5      5     11      6     11     12      3      6     23      1     22     10     10      3      7      7     15      6      9     21     13      7      1      8      4      5      5      1     15      4      8      7      5      5      1      5     21     15     14      2      4      3      8      3     10      3      5      9      5
36282  8      000002 000128 5.000e-01      0      3      1      1      2      0      0      1      0      1      1      0      3      1      0      0      0      4      0      3      0      0      1      2      1      2      1      0      3      0      0      3      9      2      3      5      2      0      0      1      2      0      0      0      0      1      0      0      0      2      2      1      2      1      2      1      3      1      1      4      1      7      3      1      1      0      0      0      0      3      1      0      2      1      0      0      4      1      1      0      0      0      0      0      0      0      2      2      0      1      1      4      3      0      0      0      0      7      3      0
36225  8      000002 000114 5.000e-01      3      2      2      1      0      1      0      2      2      1      2      1      0      2      1      0      0      2      1      0      0      1      0      0      0      1      0      1      4      1      0      0      0      0      0      1      0      2      0      0      1      1      1      3      1      1      0      3      0      0      3      2      0      2      0      0      0      2      2      3      5      2      1      0      1      0      0      0      2      0      1      1      1      2      2      0      0      3      2      1      1      0      2      2      3      2      2      0      8      0      0      0      1      2      1      5      1      0      0      1
36323  8      000001 000077 5.000e-01      2      0      0      0      1      0      2      0      0      1      0      2      1      0      1      2      3      0      0      0      0      2      0      0      0      0      0      1      0      3      1      0      0      1      2      0      1      0      2      0      0      1      0      1      0      0      1      1      2      1      0      3      1      2      2      2      0      0      1      0      0      1      1      2      0      0      0      1      0      1      0      0      0      0      0      2      2      0      1      2      0      1      0      0      0      1      0      3      2      2      0      1      1      0      1      0      2      1      3      0
153    0      000021 001250 5.000e-01     18     23      5      9     16     17      2     27      0      5      5     48     29      2      2      6     14      4      2     33      3      3     72      2      9     21     28     45     29     15      3      7     10     11     22      2     15     16     12      9     13     15      0      3     11     32     23     20     10     30      1      2      2      3      5     22     13      8      5      1     23      4      6     20     25     16     14      3      5      7     18      1      1      8     16     16      6      9     18     19      9      9      6     24      7     32     12      5     11      1     16      5     11      0      5      1      5     24      6      6
338    153    000015 000928 5.000e-01     28      6      9      2     29      9      7      0      0      1      1      3     11      5      3      0     18      2     13     10     22     53      0     13     19      5     14      9      3      1      1     11      9      5      9     12     11      2      7     19      1     15      5      6      7     20      4     10      2      6      4     16      4     17     17      3      6     12     11      6     14      9     10      0      3     22     12      9      2      0      1     23      2     38     22     21      2     11      8      2      0      7      9     14      9      6     27      5      7      3     17     14      1      0     10      2      0     12     10     10
35027  153    000006 000349 5.000e-01      1      3      0      5      4      1      9      2      1      0     16      0      0      2      4      1      7      5      7      5      4      2     10      0     11      9      2      6      1      7      1      1      6      5     10      2      2      0      6      2      8      3      0      1      1      4      2      0      2      1      4      2      2      3      8      3      0      6      3      0      2      5      1      6      0      1      3      1      1      6      1      0      1      5      0      4      4      3     10      4      9      1      8      5     10      1      8      8      0      3      4      2      3      6      1      0      1      5      2      1
18     0      000028 001740 5.000e-01     25      8     17     17      3      4     69     17     29      4     12     43     22      5     15     24      5     16      2     33      5      3      2     25     13     22      2     11      6      7     31     27     25     29      6     13     16      2     15     27      1      1     44     15      6     45     18     17     21     20     35      6     32     14      9      9      4     23     20     32      1      2     33     10     10     10      7     12     45     22     16     13      6     10     19     10     11     52     24     20     53     13      4      6      4      7     20     44     15     15      2     14     63      1     10     21      3     11     30     42
29     18     000026 001523 5.000e-01     12     31      0      2     20      5      7      8     35      2     17     14     21     22      6     29     13      8      4      3     19     17      4     23      5      4     31     14     12     15      8     15     11      2     28     16      8     30      9      2      9     18     19     18     23      7     15     36      6      3     21     17     16      2     16     21      7     16      3     26     53     37      5      6     20      7     21      8     27     13      2      6     12      9     37     12     32      3     12     51      7      1     11     16     11     51      7     39     25     31     18      5      5      9      3     29     17      9      4     21
36310  18     000001 000057 5.000e-01      0      1      1      0      0      0      0      1      1      0      0      0      0      0      0      1      1      1      0      0      0      0      0      1      1      0      1      0      1      1      0      1      0      1      1      2      0      4      1      0      0      0      1      0      1      0      0      0      1      1      0      3      0      1      1      0      0      3      2      2      0      1      0      0      0      0      2      1      0      0      0      0      0      0      1      1      0      0      0      1      0      0      1      3      0      0      0      0      0      2      0      0      0      2      0      0      1      0      2      1
36322  18     000001 000083 5.000e-01      0      0      1      0      0      1      0      0      1      0      2      1      0      0      2      1      0      0      0      1      2      2      0      1      0      0      1      0      0      1      1      1      3      3      3      3      0      1      2      1      3      0      0      0      0      0      0      1      2      0      1      0      1      1      4      0      1      2      3      0      1      0      1      0      0      2      1      1      1      1      0      0      0      0      2      0      0      0      1      1      0      0      1      0      2      0      0      1      4      4      0      0      1      1      0      1      2      0      0      0
36005  0      000002 000175 5.000e-01      0      0      0      0      3      5      1      1      0      1      3      6      0      1      0      1      2      0      1      1      5      1      3      0      1      2      1      4      3      4      0      2      0      1      3      1      2      0     11      0      1      2      1      0      2      6      1      6      0      5      1      1      2      1      1      0      1      1      0      8      2      0      0      1      1      2      2      1      2      1      0      2      1      0      0      2      1      1      5      3      0      0      3      1      0      0      5      4      0      2      3      0      5      1      0      9      3      0      1      1
36262  36005  000002 000128 5.000e-01      2      0      0      0      4      4      0      0      1      0      1      0      0      7      0      4      2      1      2      1      0      1      1      1      0      2      2      1      1      0      0      0      4      1      0      2      3      0      7      1      1      1      1      7      1      0      0      0      0      1      1      1      0      2      3      2      1      0      3      0      1      0      1      1      3      0      2      0      0      0      0      3      2      3      2      4      0      0      0      1      3      4      0      0      2      0      2      0      0      0      1      2      1      2      0      1      0      3      2      1
36102  0      000004 000220 5.000e-01      1      2      3      2      0      1      4      0      4      1      1      1      2      0      7      9      0      1      0      0      2      3      0      5      9      1      2      1      1      0      1      2      3      2      6      5      1      1      0      8      0      0      1      0      0      2      3      2      0      1      8      1      2      5      6      1      5      0      2      0      0      0      4      1      5      2      1      4      3      1      0      4      0      1      0      1      7      3      1      6      1      3      4      3      6      4      1      1      4      0      0      0      1      0      0      4      3      4      5      1
36268  36102  000002 000147 5.000e-01      1      0      5      1      6      1      0      0      2      1      2      1      0      1      2      1      5      1      0      1      0      3      0      2      0      2      0      3      7      1      5      1      2      1      0      1      3      6      2      2      1      3      2      1      0      1      0      1      0      2      0      2      0      1      5      1      1      1      1      0      3      3      2      0      0      0      0      1      3      2      0      1      0      1      0      2      0      1      0      5      1      2      1      0      7      1      1      5      1      3      1      2      0      0      0      1      0      1      1      0
36316  36102  000001 000066 5.000e-01      0      0      0      0      3      0      0      0      0      0      0      1      1      1      0      0      0      0      1      0      1      0      1      1      0      1      0      2      0      0      2      0      2      0      1      2      0      1      1      0      0      2      0      1      0      2      1      3      1      0      1      1      0      0      0      1      0      1      1      2      0      0      0      0      1      0      1      0      2      0      0      2      1      1      0      1      1      2      0      1      1      0      1      0      1      0      1      2      0      0      0      0      1      2      0      0      0      0      1      4
36317  36102  000001 000101 5.000e-01      2      0      1      2      1      2      1      0      0      0      0      4      1      1      0      1      0      0      0      0      1      0      1      0      4      0      3      2      0      0      0      1      1      4      0      3      1      1      0      1      1      1      1      1      0      3      1      1      0      0      4      1      1      1      0      2      3      1      4      1      2      0      1      2      1      1      1      0      0      0      5      1      3      1      0      2      0      0      2      2      1      0      0      0      0      1      0      1      0      0      0      0      0      4      1      2      0      0      0      1
36318  0      000001 000074 5.000e-01      3      0      0      0      1      0      0      0      2      0      2      1      3      1      0      1      0      1      1      3      3      0      0      0      1      0      0      2      0      0      1      0      0      0      1      1      1      1      0      3      1      0      1      0      3      0      0      1      1      1      0      2      3      0      0      1      4      0      0      0      0      1      1      0      0      1      0      1      0      0      0      0      0      0      1      0      1      1      0      2      0      0      0      1      4      1      0      0      0      1      0      0      0      1      1      0      2      1      1      1
36319  36318  000001 000082 5.000e-01      0      0      2      3      0      0      1      1      1      1      0      1      0      0      0      0      1      0      2      0      0      1      0      1      1      1      0      1      1      1      0      0      0      0      1      3      2      0      0      0      1      4      1      0      0      1      3      0      4      0      2      2      0      0      4      0      0      0      0      1      1      0      0      2      0      1      1      0      0      0      3      0      1      1      1      1      0      0      0      0      2      0      0      1      2      4      0      0      0      4      1      2      1      1      1      0      1      0      1      0
36320  0      000001 000086 5.000e-01      1      0      1      1      0      0      1      0      0      0      1      1      2      0      3      1      1      1      0      2      1      2      3      0      1      0      3      0      0      0      2      2      0      0      2      1      3      1      0      0      0      0      4      2      0      2      1      1      0      1      2      2      3      0      1      0      0      0      0      1      0      0      1      0      1      1      0      1      1      1      1      0      1      1      3      0      1      1      0      3      0      0      1      1      0      0      0      0      0      3      1      0      0      3      0      0      1      1      1      0
36321  36320  000001 000062 5.000e-01      1      0      2      0      0      0      0      0      0      0      0      0      2      3      0      0      3      0      0      1      1      2      0      0      1      0      0      0      1      0      1      1      0      0      0      1      2      0      0      0      2      0      1      0      0      0      0      1      1      0      1      0      1      0      0      0      1      0      0      0      5      0      1      1      1      0      0      1      0      0      0      1      1      0      1      2      2      1      0      0      0      0      0      0      0      0      0      0      0      0      0      0      0      2      0      4      0      2      4      3
