SCORE -1.39197300622596e+05
ITER 9000
ETA        1.50000000000000e+00 1.50000000000000e+00 1.50000000000000e+00
GAMMA      5.00000000000000e-01 5.00000000000000e-01
GEM_MEAN 5.00000000000000e-01
GEM_SCALE 1.00000000000000e+02
SCALING_SHAPE 1.00000000000000e+00
SCALING_SCALE 5.00000000000000e-01
ID     PARENT NDOCS  NWORDS  SCALE     WD_CNT
0      -1     000100 012442 5.000e-01    122     93    163    148     40     13    160      8     75     12     56     67    331     33    151     67     30    163     46    165    194    340    101    337     82     63     25     26      2    100    226    133     84      4    140    123    233    163     10     41     23    121     68     61    102    191    371    119    211     33    190     90    220     77     35     42     72      3     84    196    152    132    305     29    248    175    106    120     93    231    237    262     49     46    258    290    173    163     71    144    121    105     84    198     69    228     48    225    402     88      9     28     43    261     36    109    144     74     83    124
70     0      000033 002010 5.000e-01      3      3     53     12     15      4     20     22     54      7     34     21     13     33     40     38     28     23     10     14      1     14      5     45     12     18     24     44      5     46     23     12     19     14      4     30     17      6     19     10     15     22     44     30     17     20     28     20     25     38     16     14      8      7     33     14     21     37     35     20     11      6     21     13     23      7     14     28     11     19     15     18     16      2      8     41     40      9     15     31     25     83      8     34     30      2      8     30      1     27     19     15      5     10      8     28     15      3     17     15
46117  70     000003 000181 5.000e-01      2      1      3      0      1      4      1      0      3      0      2      2      0      0      0      3      1      0      0      1      2      1      1      0     11      1      2      2      7      1      1      0      4      3      1      2      1      4      1      8      0      3      1      2      0      0      6      0      2      1      0      0      0      5      8      1      3      0      0      0      4      3      3      1      0      1      0      4      3      3      2      0      3      0      0      1      3      1      3      6      1      1      0      0      6      0      2      1      0      0      0      5      0      1      2      3      4      1      3      1
29468  70     000025 001540 5.000e-01     51     22     41      9      0      6      1     11      2     19     31     15      6     10     11     22      6     17     14     10     19      7      1      5      9      4      0     12      7     10     35     14     25     13     59     20      6     15      2     11      9      8     21     21      7     11     12     18     16      8     16      6     10     41      8      9     19     10      1     15     23     29     11     13      8     19     46     10     41     30     12      9     20      5     15     12     16     24      3      7      8      4     14      4      4     13     17     16     41     26      6     20     34     10     21     11     34      7     37     16
46333  70     000001 000076 5.000e-01      1      0      1      2      0      0      0      0      3      0      1      1      1      0      0      1      0      1      2      2      3      0      0      0      1      0      0      2      1      0      1      1      0      0      0      2      0      2      0      2      2      0      1      0      2      2      1      0      3      1      3      2      1      1      1      1      4      0      0      0      0      0      1      1      0      2      0      1      1      0      1      0      0      1      1      0      0      0      0      0      0      0      0      1      1      3      1      0      0      1      0      0      0      0      2      0      0      1      1      0
46282  70     000002 000116 5.000e-01      2      0      3      1      0      0      0      2      0      1      1      1      3      3      1      2      2      0      0      1      0      3      1      1      0      0      0      0      1      2      1      0      0      0      1      0      1      5      1      1      1      1      0      0      1      1      0      0      4      0      2      1      1      0      1      0      0      1      1      0      0      1      1      3      1      0      0      0      0      4      5      0      1      5      4      1      1      1      0      2      2      3      6      1      0      1      0      2      1      1      4      0      3      2      1      1      1      0      0      1
46330  70     000001 000056 5.000e-01      1      0      1      1      0      0      1      0      0      0      0      0      1      1      0      0      0      1      0      0      1      0      1      0      1      1      1      0      1      0      2      1      0      0      0      0      0      0      0      0      1      1      5      0      0      0      0      0      1      0      1      2      2      1      0      1      0      0      0      1      2      0      1      1      0      0      0      0      0      0      1      0      0      1      2      1      2      1      0      0      0      1      0      0      1      0      0      0      0      1      0      1      0      0      1      1      1      1      1      3
46332  70     000001 000069 5.000e-01      2      0      1      1      0      1      1      1      0      0      2      1      0      0      0      1      1      0      1      0      0      0      0      1      2      0      3      0      0      0      0      0      0      0      3      1      3      0      0      1      1      1      0      0      0      1      1      0      1      2      0      0      1      0      2      1      0      0      1      1      0      0      0      0      2      2      0      0      0      1      1      3      1      2      0      1      0      0      0      0      3      0      0      0      0      0      1      0      1      0      1      0      1      0      2      2      1      1      1      2
8      0      000012 000708 5.000e-01      8      5     14      1      0      3      3      6     22      0     10      5      3     13      6      1      2      9      9     12      1      9     12      5      9     14      4      4      3     18      1      5      8      0      3      3      6      8      2      3     11      7     18      3      2      2      2      8      6      2     23      5      4     17      2      3      1      4      8     20      7      3     12      0      4      3     13      5     11      4     12     36     11      3      3      2      9      5      4     13     12      9      5      2      4      0      5      9      8     10      6     22      7     15      2      7      7      0      4     16
7763   8      000010 000673 5.000e-01      2      2     12     15      1      0      9      3      0      4     20      8      9      4     15     10      0     11      4      2      5      5      5      4      1      4      3      7      7      1      1      6     11      6      9      2     12      8      2      1      0      5      0     17      2      3      3      6      9      9     10     12      9      2      5      9      8      0      8      9      4      2      3     16      4      8     10      0      6      8      1     13     15      4      5     17      0      6     10      6      8      9      7      3     14      5      8      3     26      1      6      7     15      4      9     28     13      1      4      7
46327  8      000001 000062 5.000e-01      0      0      0      0      0      0      1      0      0      0      0      0      1      1      0      1      2      0      0      0      0      0      1      1      2      0      0      0      0      0      2      1      1      1      0      1      0      0      1      1      1      0      0      2      1      0      0      0      0      0      0      0      2      1      0      0      0      0      0      0      0      3      2      0      0      0      1      1      1      0      1      1      2      1      0      1      0      0      1      1      1      1      0      2      2      3      0      0      0      2      2      1      0      0      1      1      1      1      2      1
46329  8      000001 000082 5.000e-01      1      2      0      0      0      2      2      0      1      0      1      0      1      1      1      0      1      1      0      2      1      0      0      3      0      0      1      1      0      0      2      2      0      1      2      1      0      0      2      2      0      1      0      0      2      0      2      2      3      1      1      0      1      0      0      0      1      1      0      1      0      4      1      0      0      0      0      0      0      2      1      2      1      0      1      0      2      0      0      3      2      0      0      0      1      4      0      0      0      0      1      1      0      0      1      3      0      1      1      0
153    0      000021 001406 5.000e-01     16     19      2     10     40     10      6     15      8      3     21     24     21     10     14      6     17      8     32     16     23     31     67      0     23     12     18     29     26     18      2      9     16     10     24      7     14      2     25      4     18      8      1      2      7     26     14     28      3     35     18     13      1      8     12     22      8     20      9      3     34      6      6      9      3     13      9      5      0      8      2      8      4     18      6      5     12     13     40     14      7     29     16     21     10     22     15     10     19      0     26     25     14      1     22      1     20      8      8      3
338    153    000010 000584 5.000e-01     12      3      5      9      1      9      1      5      6      0      5     28      1      4      1      3      4      5      1     15      3     25     32     10     12     17      4      4      7      1      0      0      0     11     10      4      0      4      3     11      7      6      4      1     18      9      8      3      3      3      3      2      1     13      5      5      5      6      0      3      0      2     11      7     16      3      6      3      1     10      1      2      5      7     10      5      0      5      6     10      3      1      2      8     10     13     16      3      3      5      8      1      1      0      2      2      2      5      2      6
45173  153    000011 000726 5.000e-01     10      5     23      9      2      6      3     12      4      8      9      6      0      9     11      4      9     19      2     10      9     17      0      1      8      7     18     39      0      3      3      3      9      3     17      7     16      1      0      6      8      9      0      3      3      4     16      5     29      5      1      3      4     15     17      9     11      7      1      8      0      1      2      6      1     24      9      6      2     11     13     11      4     21      3      8      6      0      5      4      3      5      3      3      7      1     11      8      3      2      8      0      2      2      3      5      7     16      9      5
18     0      000030 001867 5.000e-01     21     17     19     17      9      6     11     17     11     17     22      9     12     24     15     25     14     18     13     13     13     49     21     31     14     19     13     41     21     16     48      6     24      0      5     21      5     11      7      4      4      4     28     14     30     18     14     43     33     15     29      2     21     46     21     16      8     47      6     27      8     21      4     15     18     11     33     10     38      7      4     13     17     13     26     12      8     24     40     43     18      4     15     14     11     16     25     20      1     32     18     23     82      2     25     18     26      3      1     43
29     18     000029 001756 5.000e-01     14     26     15     11      1      2     52     11     89      3     20     60      5     12     26     34     14     16      6      9     19      3      5      4      4      1     11      0      6      9     11     15     10     36     35      3     23     34     24     15      6     14     24     24      7      3     46     29     14     22     12     17      4      8     21     25     13      1     34     30     24     10     27      4     33      4     32     29     23     23      5      8     31      7     11     44     29      7      4     13     18     47      6     23      7     11      1     28     36     12      6     17      6     20      0     19     11      7     45     20
46331  18     000001 000058 5.000e-01      1      0      2      1      0      0      3      1      0      0      1      1      0      3      0      0      0      1      2      1      0      0      0      2      1      0      2      0      0      0      0      2      0      0      1      0      1      4      2      0      0      0      0      0      0      1      0      1      0      2      0      0      1      1      0      1      1      1      1      2      1      0      0      0      0      0      1      0      0      2      0      0      0      1      2      0      1      1      0      0      0      1      0      2      0      0      0      0      0      0      0      0      2      0      0      0      0      0      0      0
46078  0      000002 000155 5.000e-01      1      2      3      1      1      6      0      1      0      0      4      5      1      1      0      1      4      1      2      1      2      0      2      0      0      2      2      4      3      4      0      0      1      2      3      0      0      0     12      1      1      0      0      3      1      0      0      0      2      4      2      0      1      4      2      0      1      0      0      2      2      0      2      0      3      0      0      0      1      2      0      2      4      1      3      7      1      0      1      2      0      1      6      0      2      0      3      0      0      1      1      2      1      2      0      4      1      2      2      0
46325  46078  000002 000176 5.000e-01      3      0      1      0      6      3      1      0      1      1      1      1      2      6      0      2      0      1      0      2      0      1      3      0      0      1      1      1      1      0      1      0      3      1      3      0      2      0      6      2      2      2      0      4      0      5      5      3      3      5      0      1      2      4      3      3      4      1      6      2      1      0      0      0      1      3      2      1      2      0      0      3      2      0      0      3      1      0      5      2      2      3      1      2      0      0      3      1      1      1      4      0      6      2      0      6      3      0      0      3
46317  0      000002 000118 5.000e-01      1      2      0      0      0      0      0      0      1      2      3      0      1      0      1      0      0      3      0      1      0      0      2      1      1      3      1      2      1      2      1      1      0      1      1      2      4      1      1      0      0      0      1      0      0      0      4      0      1      2      2      3      0      0      0      3      4      1      0      1      0      5      1      1      0      3      1      2      2      2      2      1      1      1      3      3      0      2      1      1      1      2      1      2      1      1      1      0      1      1      1      4      1      0      1      0      0      4      1      1
46326  46317  000001 000077 5.000e-01      1      1      1      0      0      0      2      0      2      0      0      0      1      0      0      1      1      0      0      0      0      3      2      1      3      0      0      1      2      1      0      0      1      2      0      2      2      0      1      0      1      1      2      2      1      1      2      2      0      0      0      0      3      2      1      0      0      3      0      0      1      0      1      0      0      2      0      1      0      0      0      3      0      0      1      0      1      0      1      1      2      0      0      0      0      1      0      1      1      0      2      0      1      1      2      0      1      0      1      0
46328  46317  000001 000062 5.000e-01      1      0      3      0      1      0      0      1      0      0      0      0      1      0      0      0      0      1      0      1      4      0      1      0      0      1      1      0      0      0      0      1      0      2      2      1      0      1      0      0      1      2      0      1      0      0      0      1      1      0      1      2      1      0      0      2      1      0      0      2      1      0      2      0      1      1      0      1      0      1      2      1      0      0      1      0      2      0      0      0      0      0      0      0      0      0      0      0      2      1      1      0      0      0      0      2      2      1      2      0
