SCORE -1.39154224584412e+05
ITER 4000
ETA        1.50000000000000e+00 1.50000000000000e+00 1.50000000000000e+00
GAMMA      5.00000000000000e-01 5.00000000000000e-01
GEM_MEAN 5.00000000000000e-01
GEM_SCALE 1.00000000000000e+02
SCALING_SHAPE 1.00000000000000e+00
SCALING_SCALE 5.00000000000000e-01
ID     PARENT NDOCS  NWORDS  SCALE     WD_CNT
0      -1     000100 012575 5.000e-01    165     68    222    164     16      2    111     35     92     24    136    164    298     95    188     87     32    125     41    116    185    372    117    299     61     25     54     36     14     74    198     67     92     16    218     64    165    157      3      4     37    124     82    101     63    160    399    210    273     85    184     44    172    113     39     40     91     42    101    171    110    104    256     14    246    129    163     90     61    265    198    237     56     45    226    346    150    143     48    206     89    196     92    170     57    237     40    158    481     85     24     30    118    196     26     91    210      8     96    145
70     0      000024 001487 5.000e-01     20     26     43      6      9      2     27      2     38      3     12      4     17     10      8     14     14     16      8      6     14      4      3     48     15     12      7     27      2      3     15     23      6     22     18     51     42     21     14     12      2     19     14     23     11     16     12      0      3     15     13      5     15     13     20      1     24      8      2     20     36     26     31      7      7     11      0     10     22      6     15     17     18      4      2      1     14      9      1      5     33     18     11     21     21     17     10     28     20     14      5     12      7     13     16     26      7     21     49     16
11678  70     000020 001209 5.000e-01      5      4      4      1      0      6     17     25      7     15     10      0     16      5     20     14     11     20      6     21     11     11      0      4     11     12     11      9      3     35     36      8     17      3     20     11     12      9      9     13      5      4     32      6      4      7      6      1     20      5     10     23      5     12      6     17      5     14      9      8     10      4      7     18     14     25     28     37     19     29     34      6      3      5     25     20     23     13     21      3     18      8      4      6      4     14     11     12      3     29     14     24     12      8     12      7     10      4      7      7
22199  70     000001 000074 5.000e-01      0      0      1      0      0      0      0      0      0      0      1      1      2      3      0      0      1      4      2      0      1      1      1      0      0      0      0      2      0      1      0      1      1      1      4      0      2      0      0      1      0      0      2      1      0      0      0      1      1      0      1      1      1      2      2      0      1      0      1      0      0      1      2      0      0      0      3      0      0      1      1      2      1      0      0      0      2      2      1      0      0      2      0      2      0      0      0      1      0      1      1      3      1      0      0      0      1      0      0      1
22197  70     000001 000083 5.000e-01      2      5      0      2      0      0      2      1      1      0      0      1      2      0      2      0      0      0      1      0      0      0      0      0      1      0      1      2      0      0      4      0      2      0      1      1      0      1      1      1      1      2      0      0      1      4      0      0      4      0      2      2      1      1      0      0      0      0      1      0      2      1      0      0      0      3      0      1      3      0      3      1      2      0      1      0      0      2      0      1      1      0      1      0      0      0      1      1      1      0      1      0      0      1      0      2      1      0      0      0
22198  70     000001 000106 5.000e-01      1      1      5      0      2      0      1      0      2      0      0      0      1      1      2      1      0      2      0      1      1      1      0      2      3      1      0      1      5      1      1      1      0      1      0      1      2      2      1      1      0      0      2      0      0      0      3      0      2      3      2      0      1      4      4      0      0      0      1      1      2      3      1      1      0      0      0      0      0      0      0      0      0      1      0      3      0      0      1      5      0      0      4      0      4      0      2      2      0      1      1      1      1      1      0      1      1      1      0      1
22202  70     000001 000060 5.000e-01      0      0      1      1      0      1      0      1      0      0      2      1      0      0      0      2      2      0      1      1      0      1      1      0      4      0      3      0      0      3      0      1      0      0      0      1      0      1      0      1      0      0      0      0      0      0      2      0      1      1      0      0      0      1      1      0      1      1      1      1      0      0      1      0      0      1      0      0      0      0      0      3      0      1      0      0      2      0      1      2      2      0      0      0      0      1      1      3      0      1      1      0      0      0      0      0      0      0      0      1
8      0      000021 001296 5.000e-01      8      3     13      7      4      0     22      4      6      4     15      8      2     13      3      7      0     45     17     24      8     10     12     15      6     18      7     15     10     17     13      5     27      5      4     22     22     20     13      1      5      2      8     12     20     28     16      1      5      3     38     26     17     26     10     13      8      3     21     38     18     18      6     12      7     36     12     13     19     12     12     35     15      2     13     23     24      7     11      0      8     13      3      8     19      7      1     31      8      5      6     23     13     40      5     25      7      5     12      7
10974  8      000010 000572 5.000e-01      4      6      8      1      0      1      9      2     14      4      4      7      3      2      4     11     17      3      1      4      4      7      3     13      8      4      0      2      1     10     25      7      0      0      2      2      4      4      0     15      2      6     12     10      9      3      8      7      4      0      1      7     13      7      9      3      5      7      4      9      3     10     21     11      9      0      5     11      2      1      6      5     10      1      2      6      7      5     11      7      1      3      0     12      3      2      5     13      0     12      2      0      7      8      5      4      2      7      4      7
7763   8      000007 000438 5.000e-01      5      8     10      6      0      1      0      0      9      2     12      2     12      0      7      4      1      3      1      1      0      5      2      5      2      4      1      3      3      3      3     10      3      1      0      0      7      5      2      3      3      3      5      5      0      0      1     14      4      3      7      4      0      7      0      5      7      0      1     13      3      1      4      7      3      2      4      3      4      3      6     22     12      1      8      4      1     10      4      1     15      2      5      1      0      3     13      2     11      8      1      9      1      0      7     17      9      0      1      2
21403  8      000004 000252 5.000e-01      0      6      2      2      2      1      2      1      1      0      3      1      1      0      2      0      1      3      6      1      2      1      2      5      3      8      4      0      4      0      0      7      1      2      0      2      1      5      2      3      2      0      0      1      2      3      2      2      3      2      0      3      7      4      3     10      4      1      3      1      0      8      1      0      1      4      3      1      3     10      3      0      2      2      5      1      3      7      1      0      5      0      0      4      0      0      1      2      0      6      1      5     10      0      1      1      2     11      2      6
17735  0      000003 000198 5.000e-01      0      2      3      1      1      0      2      1      1      0      4      0      1      1      3      1      1      3      1      1      0      0      1      0      3      4      0      5      1      0      1      2      2      2      2      1      0      0      0      0      1      1      2      0     12      1      3      1      1      3      2      0      1      0      2      3      0      2      1     13      1      1      9      1      2      1     12      0      1      3      1      2      1      1      0      5      1      1      4      1      4      7      5     12      0      0      1      5      1      4      0      5      0      2      0      1      3      0      0      0
21802  17735  000003 000174 5.000e-01      2      0      5      2      0      2      6      1      4      3      1      3      0      1      1      7      1      2      2      0      2      1      0      1      0      0      0      3      2      2      1      5      0      1      0      1      3      0      0      0      1      1      4      3      0      0      1      0      3      3      1      2      2      2      1      1      0      2      0      0      4      2      1      1      1      2      0      1      8      2      1      4      1      0      2      0      0      1      8      4      0      4      0      2      2      1      2      0      2      4      3      0      1      0      3      0      4      6      3      2
18     0      000014 000824 5.000e-01      1      2      0     10      3      5     37      7     51      4      3      3      0      3     13     32      3     15      8      9      1      2      2      6      4      9      2      7      2      6      1      9     23      9      2      7      8      6      4     13      4      7      5      2      3     10      6      5      1      2     16      8     21     19      7     12      9     10     11     13     13      0     30      3     17      0      7      3     18      3      4      5      5      4      9      4     11     17     21     18      5      1     10      9      7      1      6     19      1      1      6      4      4     32      5      4      8      5      1      0
29     18     000012 000737 5.000e-01      3     18      7      0      9      4      5      2     10      5      4      2     11      4      6      7      1     11      2      2      9      9     11      3      6      2      0      9      5      8     16     13      2      4      6     14     10      1      7      2      2      3     27      4     17      3     16      4      1      3      4      5      6      1      7      7      0      3      3     17     15     18      4      4     13      1      9     14     20      3      5      5     12      5      1      5     11      4      6      5     20      6      4      8     10      1      5     18      0      4      4      5     20      3      5     33      5      5      9     29
21989  18     000002 000149 5.000e-01      3      0      3      0      2      3      3      0      1      0      0      3      0      0      1      1      1      1      0      2      0      2      2      1      7      0      2      3      3      0      0      0      0      2      0      2      1      0      0      8      2      1      0      1      0      0      2      2      1      1      0      0      2      0      6      2      1      1      6      1      5      3      2      0      1      1      1      5      1      0      4      4      1      2      1      0      0      4      1      2      0      0      1      3      6      1      0      0      0      2      0      2      0      3      1      3      1      0      1      1
22     0      000012 000698 5.000e-01      9     16      5      7      3      3      3      4      6      3     10      7      5      8     18     17      1      6      5     12      9      8      3     21      1      5      0     12      1      1     19      8      3     17      2     11      3     15     10      4      3      5      5      0      6      8      3      5     13      6     11      0      6      1      6      0      1      3      1      6      8      9      4      7      1     12      8      1     28      6      1      7     22      6     14      0     13      6      4      6     16     10      2      8      2      7      3     11      2     22      8      5      1      4     10      3      6      7      3     15
21419  22     000004 000242 5.000e-01      0      2      1      2      5      1      6      0      4      3      0      0      6      2      1      1      1      0      0      7      2      0      0      0      4      1      0      2      0      2      0      4      9      0     12      0      3      1      2      2      2      4      0      1      3      1      3      7      9      0      3      3      4      4      3      1      0      7      7      3      1      3      1      0      3      1      2      4     12      0      4      0      0      1      0      0      3      5      0      2      0      7      1      3      3      2      0     10      0      1      0      0      2      2      4      4      1      0      5      4
21996  22     000007 000424 5.000e-01      5      2      5      0      2      4      7      0     18      0      2      3      5      1      2      0      3      3      3      8      2      7      5      1      2      4      5      2      3     10      7      9      3      0      2      3      8      1      5      5      2      2      8      7      0      2      7      7      1      6     13     10      5      6      3      8      2      7      0      6      4      3      1      1      3      3      0      7      7      5      2      4      7      4      8      1      9      1      5      7      1      2      1      0      3      7      4     14      1      2      2     11     11      3      1      7      0      2      8      3
22201  22     000001 000095 5.000e-01      1      0      2      1      1      1      0      0      1      2      2      0      1      1      0      0      0      1      1      1      0      0      0      1      0      1      0      1      0      6      1      5      0      0      3      1      2      1      0      1      0      1      2      1      2      1      1      3      1      0      1      2      0      0      2      1      0      1      1      0      0      0      3      0      1      0      3      0      0      0      3      4      1      0      1      1      1      1      0      0      0      0      1      1      2      3      2      0      1      2      0      0      1      1      0      0      0      1      1      1
21527  0      000002 000168 5.000e-01      2      1      0      1      6      6      0      1      0      1      1      2      1      1      0      1      1      0      4      2      1      1      3      3      1      2      0      2      1      3      0      1      2      1      1      2      2      0      5      0      0      1      1      4      0      1      2      2      1      0      4      1      2      4      5      1      2      1      1      4      2      1      0      0      1      0      1      0      1      1      0      1      1      0      2      7      1      1      2      0      1      2      1      1      0      0      5      1      3      2      4      3      4      0      1     13      3      2      1      0
22135  21527  000002 000143 5.000e-01      0      0      2      0      1      3      1      0      1      0      2      0      1      6      0      1      3      1      0      1      2      3      1      0      0      2      4      0      3      3      1      0      2      2      0      0      3      0     11      3      4      0      0      2      1      1      0      1      4      5      0      0      1      4      0      1      2      0      2      2      1      0      0      3      3      0      3      1      1      1      1      2      3      0      0      1      2      0      3      2      1      0      5      0      3      0      1      2      0      0      1      1      1      5      0      0      0      2      1      0
153    0      000021 001343 5.000e-01     13      2     11     14     26      7     10     15      7      1      5     16     15      4      8      2     19     10     31     47     19     16     79     10     35     26     27     36     14     22      2      5      4      7      7     19     11      1     19      5      8     17      1      2     26     20     23      3      4     19     11     20      1     12     35     34     17      4      5      1      7      3     10     19     12     35      4     11      0     12      5      6      3     31     34      7     13      3     27     12     12      8      4     18     11      9     18      3      4      2     18     23      2      5     18      4      4     19     10      7
338    153    000013 000801 5.000e-01     23     16      3     11     19     16      1      6      2      1      5     14      5      5      1      5      4     13      1      6     19     40     13      5      4     10      4     23     12     10      4     16     14      9      0      4     28      8      5     23     14      7      0      2     13     12      3      6      1      4      3      5      6      3      3      1      1      6      1      1     21      4      8      3     15      7     10      8      1      1      3     15      4     16      2      5      3     10     21      3      1      6      4     22      5      7     25      7      6      0     17      3      0      3     11      3      1     10      8      2
22073  153    000007 000411 5.000e-01      0      9      4      7      2      2      1      5      2      1      4      7      3      0      2      2     14      8      1      0      1      3      1      0      9     11      2     12      8      3      4      3      2      3     15      5      4      3      6      2      9      3      0      2      0      8      4      0      6     17      1      0      4      4      0      3      2     11     10      8      4      1     11      0      0      3      0      2      2      2      2      5      5      2      3      5      6      9      8      1      1      8      4      1      9      3      3     10      0      0      2      1      5      1      4      0      6     10      2      7
22200  153    000001 000073 5.000e-01      0      0      1      2      0      3      1      0      0      0      1      1      0      0      1      1      0      0      0      2      1      0      1      0      1      3      0      1      0      2      1      0      0      2      0      0      0      1      2      0      0      0      1      0      1      1      1      0      0      0      2      0      0      2      0      0      0      1      0      1      1      0      0      4      1      0      0      0      1      0      1      0      0      1      0      0      0      0      0      0      1      0      2      0      4      1      4      0      0      1      4      1      0      1      2      1      0      4      0      0
22179  0      000003 000177 5.000e-01      1      1      3      0      1      1      2      3      1      0      2      5      5      2      0      3      0      2      1      2      3      0      0      1      2      3      0      1      1      5      6      0      0      0      1      5      2      2      0      1      0      0      0      0      5      3      5      4      0      1      0      3      2      1      1      2      1      4      0      4      2      2      3      0      3      3      2      1      1      0      1      0      2      1      2      5      1      1      0     10      0      2      7      6      3      0      1      2      0      1      2      1      2      0      3      1      0      0      1      1
22190  22179  000002 000119 5.000e-01      0      0      2      0      2      0      1      0      2      1      1      0      0      0      0      0      3      1      0      1      2      3      0      7      2      1      0      1      2      1      1      2      1      0      3      1      1      3      0      0      2      3      1      0      2      4      3      1      2      1      0      1      3      0      2      0      1      3      0      1      2      0      0      1      2      1      1      2      0      1      2      3      0      3      1      3      6      0      0      0      2      2      0      0      2      0      0      1      1      1      1      0      0      0      1      0      0      4      0      1
22203  22179  000001 000072 5.000e-01      3      5      0      0      2      0      1      0      1      0      2      0      1      0      0      1      1      1      0      0      1      0      0      1      1      0      0      2      1      1      1      0      0      0      0      1      0      1      0      0      1      0      4      0      2      1      3      1      1      0      0      0      0      0      0      1      0      1      1      0      0      2      0      2      0      0      2      1      1      1      0      1      0      0      1      1      0      0      0      0      0      2      2      2      0      0      0      1      1      1      0      0      0      1      0      0      2      3      0      1
