SCORE -1.38336312690156e+05
ITER 6732
ETA        1.50000000000000e+00 1.50000000000000e+00 1.50000000000000e+00
GAMMA      5.00000000000000e-01 5.00000000000000e-01
GEM_MEAN 5.00000000000000e-01
GEM_SCALE 1.00000000000000e+02
SCALING_SHAPE 1.00000000000000e+00
SCALING_SCALE 5.00000000000000e-01
ID     PARENT NDOCS  NWORDS  SCALE     WD_CNT
0      -1     000100 012606 5.000e-01    177    123    263    176     29      6    100     24    145      0     81    147    317     54    175     69     19     64     42    166    110    337     75    256     56     23      1    105      3    128    258     71    100     36    167     67    241    144     26     23     29    106     23    105    111    235    410    182    258     67    182     57    193    142     80     55    113      8    103    174    144    104    301      4    238    151    133    112     25    210    224    217     58     29    260    329    193    184     39    142     77    224     88    206     90    235     59    185    461     47     19     33     73    209      4     83    161     10     86    122
70     0      000027 001665 5.000e-01     22      4      8      3      6      6      4     11     17      5     12      1     22      6      0     40     13     68      6     15     25      5     19     57     26      8      4     18      3     20     10     29     36      6     55     32      4     27      2      5      3     28     32      9      0      7      9      5      7     11     30     15      0     24      8      1     17     30      0     12     35     24      7      6     33     26     30      1     42     29     24     37     32      8      8     12     21     22      4     24     29     20      6     18     13     16      0     32      5      4     12     13      0     30     27     24      1     12     51     19
33943  70     000008 000492 5.000e-01      4      3      6      0      2      6     16      2     11      3     12      5      9      6      6      5     11      6      3      1      4      5      2      3      0      4      2      2      7      1      1      7      1      7      3     17      5      4      8      4      3      5      9      8     11      0      2      5      1     10      1      6      0      3      1      7      2      6      1      2      8      9     12      2      0      2      8     12      9      4      5      2      1      8     10      2      3      2      9      1     13      1      4      2      5      2      1      9      6      4      1      6      7      0      2      6      3      6      6     12
29468  70     000018 001070 5.000e-01      8      2     39      4      3      1     22     13      3     18     30      5      8     18     24      0      5      5     11      4     15      8      3      6      4     18     16      4      7     13     32      7      1      0     10     15      9      9      3      9      6      2     26     13      4      5     16      2      9      2      0     17     13      3      7     13      9      7      2      9      2      2      4     24     21      0     14     24     21     14      0      9      6      2     13      5     24     12     17      1      0     18     19     17      4     17     13     19      8     43      4      5     28     14      6      6     28     15     11      3
34898  70     000001 000073 5.000e-01      0      3      1      1      1      0      3      2      0      0      0      0      0      0      5      3      0      0      1      0      1      2      1      1      0      1      0      1      1      0      1      0      0      0      0      0      0      0      0      0      0      1      1      1      0      1      0      0      0      0      1      2      0      2      0      0      1      0      1      0      0      0      3      0      0      1      0      1      1      0      1      0      0      1      1      0      0      2      1      1      2      1      0      0      2      3      1      0      1      0      3      0      3      0      2      2      0      0      0      0
8      0      000016 000999 5.000e-01      8      8      6      5      2      1     16      4      8      1     22      3      8     13     23      8      1      6      0      3      3     16     15     27     10     18      4      3      2     18      7      2     11      1     20      1     18     27      7     10      9      4      0      8      3      2     10      3      3      4     31     24      8      5      2      4      6      5     12     42      0     17     14      8      4     11     20      2     15     10      3     54     14      4      5     17      3      7      4     10      7      1      5      4      5     11     15      6      6     15      4     27      8     17     14     35     19      0     11     16
7763   8      000013 000828 5.000e-01      2      1      9      1      6      0     12      4      2      7      7      4     16      3      2      9     10     41     10     13     20      5     10      7      0      5     10      4     11      5     11     21      8      7      0      6      3      4      2      1      7      3     24     15      7      4      5     18     11     11      8      1     11     19      6     14      1      2     22      4      1     17      8     19      7     10      7      6      9      4     21      2      6      5      2      7      7      1     13     12     16      2      0      4      4      1      0     18     24     13      7      9     14      4      2     12      1     18     14      9
34649  8      000003 000181 5.000e-01      0      2      2      3      0      1      3      1      4      4      3      1      2      2      5      1      1      3      4      2      1      4      4      1      2      0      1      0      2      1      0      1      3      1      1      0      0      2      0      0      0      0      4      4      1      3      0      1      1      0      1      2      1      2      0      0      1      0      1      1      2      1      2      0      2      0      5      4      1      3     11      0      6      0      5      0      0      0      6      0      9      1      0      0      4      0      1      2      0      0      1      1      3      6      0      5      6      0      0      3
153    0      000021 001342 5.000e-01     22     26      2     12     25      4      3     25      0     10     14     34      5     10      9      5     36     30     24     24     30      6     77     17     33     33     45     33     25     10      3     10     10      4     11     12     12      3     21      4     20     22     11      2     17     12     23     11      0     27      6      4      3      5      6     24     12     20      7     12     22      0      9     18      7     32      2      5      2      6     12      2      4     10      5     28      5      1     30     11      6      0      8     11      6      4     18      8      6      3      6     10     11      3     18      5      8     27      2      8
338    153    000015 000869 5.000e-01      4      3      4     10     17     17      1      2      8      2      3      0     10      6      4      1      2      4     11     11     26     72     13      2      8      5      1     19      3      3      1     11      6     11     14     14      7      7      2     18      5     10      3      0      9      8      2      7      6      3      1      9      6     10     17      7      2      6      3      1      3     10     15      4     11      4     17     16      2      4      0     31      8     39      9      6      7      7     22     11      8      5      8     20     10     13     24      2      1      3     26      8      1      1      9      5      8      2      2      9
34709  153    000004 000264 5.000e-01      0      3      0      1      0      6      4      2      0      0     12      7      5      1      4      3      2      3      0      7      3      0      8      3      3      4      0      3      4      7      1      0      1      6      5      2      0      1      2      2      3      6      0      0      1      3      2      2      3      9      1      1      4      6      3      1      0      5      1      2      1      2      2      3      1      3      1      0      1     11      0      3      0      0      7      1      5      0      1      3      0      1      4      1      6      3      2      3      0      5      5      1      1      2      2      1      4     10      0      0
34900  153    000001 000067 5.000e-01      0      0      0      0      0      0      2      0      1      0      2      1      0      0      0      0      1      0      2      0      0      0      0      1      1      1      0      0      1      3      0      2      0      0      0      2      0      2      0      2      1      0      1      0      1      2      1      0      1      0      0      0      0      2      2      0      0      0      1      0      0      0      3      0      0      1      1      0      0      0      1      0      2      0      0      0      3      1      0      2      0      0      0      5      0      2      1      0      0      0      2      1      0      0      4      1      0      0      1      0
34902  153    000001 000071 5.000e-01      1      0      0      1      0      1      0      0      0      0      1      0      0      0      1      0      0      2      0      0      0      2      1      1      0      0      0      2      0      1      0      0      0      0      4      0      2      2      0      0      0      0      0      0      0      1      2      0      0      2      0      1      0      0      2      0      1      0      2      2      0      0      1      1      1      3      0      0      4      0      2      1      0      2      1      2      0      1      0      1      0      3      1      1      0      0      0      0      0      1      0      5      0      1      2      0      1      1      0      0
18     0      000029 001786 5.000e-01      5      9      6      6      1      3     36     12     41      5     20     31      3     17     22     39     10     54      9      1     11     28     24     35     20      3     19      5      9      9     13      6     20      6      9      0     26     12     12      9      6     12     44      1     16      1     33     41      3     23     12     24     43     12     11     10      9     26     14     45     23     30     12      7      9      7     17     28     78     44      0      7     32      4     16     21     20     12     24     28     49      9     12      5      6      6      2     22     19     18      6     24     51     19      8     29     27     11      5     47
29     18     000024 001389 5.000e-01     14      8     11      8     14      9     42      8     32     13     11      4      4     13      9     15     15      1     11     26     28      8      2     19     17     34     12      3      5     10     15     32      6     18     16     40      6     10     13     17      8      5     14      9     13      7      7      4     57      7     35      5      2      6     12     13      2     21      4     27     23      2     15     10     16     20     16      7     12     12     10     27     11     15      6      6      6      3     25     30      8      5      6     12      0      4     17     34      4     36     19     14      7     10     28     17     13     11     26      9
34556  18     000005 000315 5.000e-01      5      4      0      9      1      0      6      3      1      4      4      1      1      6      1      4      0      4      6      0     12      1      0      4      0      2      5      5      5      1      1     10      3      1      0      4      2      7      1      1      2      3     12      2      4      1      0      0      1      2      6      1      5      3      1     10      1      3      6      4      3      3      0      2      1      1      4      1      2      1      0      0      1      3      8      3      3      6      3      4      1     10      3      9      2      0      0      7      1      6      2      3      6      5      5      1      3      4      2      4
34599  0      000002 000129 5.000e-01      0      1      1      0      1      2      0      0      0      1      1      2      0      4      0      5      0      0      1      0      4      1      1      0      0      1      3      1      1      0      2      0      0      0      4      1      6      0     12      1      2      3      0      0      2      2      0      1      1      0      0      2      0      1      0      1      1      1      4      0      0      0      0      1      2      1      1      0      1      1      0      0      2      1      0      2      2      0      2      0      2      2      2      1      0      0      4      2      0      1      0      0      1      2      0      8      2      3      2      3
34899  34599  000001 000088 5.000e-01      0      0      0      0      1      5      0      0      0      0      3      1      0      2      1      0      2      1      0      0      0      0      1      0      1      0      2      1      1      0      0      0      2      0      1      0      0      0      4      1      0      0      1      3      0      0      2      0      5      4      0      0      1      0      2      2      1      0      1      4      1      0      0      2      3      2      3      0      2      3      0      0      0      1      0      2      0      0      2      0      0      1      1      1      1      0      2      0      1      0      0      0      1      0      1      2      0      0      0      0
34901  34599  000001 000099 5.000e-01      0      0      0      0      3      2      0      0      0      0      0      2      0      0      0      1      1      1      0      0      1      1      2      0      0      2      0      2      2      0      0      0      2      2      1      1      0      1      1      1      2      0      1      5      0      0      2      5      0      2      0      0      2      1      2      0      0      0      0      2      0      2      0      0      2      0      1      0      1      0      2      2      2      0      0      5      0      0      2      2      0      1      0      0      1      0      1      0      0      2      5      2      5      2      0      2      0      1      3      0
34815  0      000005 000344 5.000e-01      2      0      6      7      0      1      6      2      4      1      1      5      2      4      1      9      4      1      0      2      3      6      0      9     10      0      4      5      6      0      3      2      5      2      0     14      1      4      1     15      6      1      9      1      0      1      2      0      2      1     11      0      3      1     13      3      3      2      0      0      3      4      5      1      6      1      2      6      6     11      2      0      0      5      5      1      2      0      3     13      6      0      0      0     17      6      1      2      2      6      0      8      1      1      3      3      1      2      2      0
34896  34815  000002 000134 5.000e-01      0      3      1      0      2      0      1      1      2      2      1      0      0      2      0      1      3      3      0      1      0      0      2      2      4      3      1      0      2      0      2      1      1      0      1      0      0      2      4      0      0      2      2      0      2      2      0      0      0      2      2      0      1      4      1      1      1      0      3      0      0      1      3      2      0      2      0      0      0      1      0      0      1      1      1      1      2      0      1      5      2      2      7      0      4      1      2      3      1      3      5      0      3      0      0      1      4      3      0      1
34892  34815  000002 000120 5.000e-01      1      0      1      0      3      4      0      0      3      1      2      0      1      1      1      2      0      1      0      2      0      0      2      0      1      1      4      1      0      1      0      0      0      2      0      4      2      0      0      1      0      1      0      4      1      1      5      1      0      1      0      1      1      2      1      1      1      1      7      0      4      0      0      2      2      1      1      1      2      0      0      2      1      1      0      4      1      1      2      2      0      2      0      3      0      0      0      2      0      0      1      1      0      4      2      3      3      0      0      1
34903  34815  000001 000069 5.000e-01      1      0      0      1      1      0      1      0      0      0      2      1      1      0      0      2      0      1      3      0      3      1      1      1      0      2      0      2      1      1      0      0      0      0      1      0      2      1      0      0      0      2      1      0      0      0      2      0      1      0      2      3      1      0      0      0      1      0      0      0      0      0      1      3      0      2      0      1      0      0      0      0      0      0      1      0      0      0      0      0      2      0      0      0      0      0      1      1      1      2      1      1      0      3      2      0      1      1      1      1
