SCORE -1.38667823146871e+05
ITER 6000
ETA        1.50000000000000e+00 1.50000000000000e+00 1.50000000000000e+00
GAMMA      5.00000000000000e-01 5.00000000000000e-01
GEM_MEAN 5.00000000000000e-01
GEM_SCALE 1.00000000000000e+02
SCALING_SHAPE 1.00000000000000e+00
SCALING_SCALE 5.00000000000000e-01
ID     PARENT NDOCS  NWORDS  SCALE     WD_CNT
0      -1     000100 012448 5.000e-01    156     72    241    123      4     15     91     15     43     30     93    165    252     66    128     45     54    219      1    132    146    336     35    257     54     54     24     73      3     95    224     92    121     23    196    121    241    116     53     39     21     86     21     68     83    177    406    188    274    101    189     47    171    141     63     85     42     38    127    195    154    149    211     11    236    194    122     82     31    272    169    244     38     36    165    351    226    188    120    151     96    230     56    246     33    111     55    188    482     33     44     71     83    233     26    105    157     35    124    119
29     0      000020 001376 5.000e-01      6      0     17     19     24     15     12     24     10      7     15     19     34      7     13      4      7      5     27     37     28     39     99     10     42      8     22     38      7     16      1      1     13      5     11      5      9      3      8      2     17      0     13      5     16     26     26      8      5     16      8      7      6      5     20     19      7     13      2      1     13      0     12     21     16     19      2     12      6     10      6     30      3     23     27     10     10      4     10     14      6      7     18     17     24     36     21      2      7      4     27      8      2     11      2      2      8     29      4      4
1714   29     000015 000943 5.000e-01     22     23      0      6     20      8      0      2      5      2      1      2      1     11     14      7     17      2      8      6      9     36      4     11      1     18     13     19     17      2     13      6     10      7     15      5     10     15      4     18      6     28      0      1     19      3      2     16      1     17      3     10      5      3      9      6     15     10      4      8     10      6     26      0     21     19     13      8      2      2      6      4      2     21     24     15      2     13     25     12      3      5      9     11      7     14     14     12     14      2      4     14      7      0     19      0      9      2      8      2
28762  29     000004 000292 5.000e-01      1      3      1      3      4      4      4      2      1      0      4      6     13      0      1      0      3      5      5      4      4      0      3      2      8     16      3      1      6     14      1      3      0      6      2      2      3      2     10      2      6      5      4      0      2      3      0      3      2      6      4      3      5      2      0      4      3      0      1      1      0      1      3      5      5      0      4      5      1      1      1      0      4      2      3      2      2      0      3      1      2      1      1      1      7      2      4      1      0      5      1      1      0      4      9      0      1      2      1      0
28807  29     000001 000071 5.000e-01      1      0      0      1      2      1      1      1      1      1      0      0      0      0      2      0      0      1      3      0      0      2      0      5      0      2      0      3      2      0      1      0      0      0      0      1      0      1      0      1      0      0      0      2      0      0      1      0      1      2      0      1      1      1      1      2      3      0      0      0      0      0      1      1      1      0      0      0      0      1      0      0      2      2      0      1      2      0      0      0      1      1      0      1      0      1      0      1      1      1      0      0      1      0      0      0      1      0      1      2
27354  0      000002 000155 5.000e-01      0      0      0      0      3      4      0      0      1      0      0      6      0      1      0      3      0      0      3      1      2      0      4      1      0      2      3      1      4      0      0      1      1      1      4      0      0      0      8      3      3      0      1      7      0      0      0      1      3      4      0      1      4      5      3      0      3      0      0      3      0      0      0      2      4      0      1      1      1      1      0      0      0      0      0      1      1      1      2      3      0      4      4      1      0      0      7      0      2      3      1      0      4      0      1     11      4      0      0      0
28720  27354  000002 000147 5.000e-01      1      2      0      1      5      5      0      0      0      1      5      0      1      5      1      1      0      0      1      0      0      2      2      0      0      1      1      3      0      3      0      0      1      1      0      2      2      0      7      0      1      3      1      0      2      5      0      3      0      0      0      0      0      1      1      1      2      0      2      4      2      1      0      0      1      1      3      2      2      1      0      7      6      3      0      5      1      0      2      0      2      0      2      1      3      0      1      4      0      0      4      0      1      3      0      0      1      3      3      2
14     0      000045 002855 5.000e-01     25     45     25     17     18      3     70     13     70      9     48     20     47     25     69     42      3     19     20     35     61     39     19     81     52     16     18     35     20     11      1     10     23     30     14     35     32     47     11     20     25     37     27     17      3     13     34     21      5      1     37     38     27     17     25     15     55     27     23      6     22     20     85     36     23      5     49     37     59      9     13     19     60      1     61      5     16      9      1     47     19     13     51     11     41     48     18     66     11     62     17     19      0     36     38      4     78     30     52     13
4574   14     000042 002500 5.000e-01      9     14     36     50      6      9     47     32     66      7      9      3     36      9     23     62     29     13     30     16      5     11     42     14      5     22     31     15      8     50     49     39     11     17     44     21     25     15      9     23      2     23     81     38     34     13     14      6     39     25     39     23     32     23     27      5     14     17     10     80     33     16     23      9     17      4     50     42     34     31     75     31     15     12     27     18     13     13     31     16     76      8      2      6     26     33     13     15      2     47     12     25     54     17      4     61      1      2      9     70
28767  14     000002 000137 5.000e-01      2      0      6      2      6      2      0      1      0      0      0      1      0      0      2      1      5      1      0      0      0      0      1      1      2      3      1      3      5      0      2      0      1      0      0      2      0      3      0      2      2      0      5      0      1      0      4      1      0      5      2      1      3      1      5      2      4      1      0      0      2      0      1      0      0      0      1      0      3      0      2      3      0      1      0      0      1      1      0      6      1      3      0      0      8      0      0      0      0      0      0      1      0      2      2      2      1      1      2      1
28805  14     000001 000077 5.000e-01      1      0      2      0      1      1      1      0      1      0      0      1      0      2      1      1      0      0      1      1      0      0      2      0      2      0      2      0      0      0      0      0      4      3      1      0      0      1      0      2      0      0      1      3      0      0      1      0      1      1      2      0      0      1      3      2      3      0      4      0      1      0      1      0      0      0      0      1      0      0      1      1      1      3      0      0      0      0      0      4      0      0      0      1      2      2      0      0      2      0      0      0      0      1      0      2      1      0      0      0
41     0      000026 001631 5.000e-01     25     26      4      6      5      0     14      7     58      2     24     17     22     27      5     45      4     25     23     20     11      1     18     15      4     10      6     11     13      3     55     13     18      8      3      8      6     32      4      6      4     16     31     21      3     18     21     19     29      0     40     25     11     12      6     15     14     13      6      7     16     11      1      5      9      5     10     20     83     13     22     31     18     13     34     10      6     14      4     12     12     15      8     10      5     41     23     47      9     24      8     17     26      4     33     32     16     11     10     28
42     41     000025 001524 5.000e-01     18     15     15     12     16      1     26     15     24     14     25      7      3      4     32      6      3      2      6     16     17     37     21     51     17     12      2      6      6     34      9     36      2      2     21     15     10     26      4      2     17      8     25     17     35     30     18     16      2      1      3     16     20     32      7      1     12     17      7     29     15      5     41     24     23     24     25     11      1     15     18     22     34     16     16     25     14     15      4     32     13     13     22      4     21     22      4      5     10     15      5      4     33      9      2     21      4      8      6     20
28806  41     000001 000096 5.000e-01      1      0      1      0      1      4      1      0      1      0      1      1      1      1      0      0      2      1      0      4      0      2      1      1      0      0      1      2      0      0      1      1      0      1      2      0      1      1      1      2      0      0      2      1      1      2      1      3      1      1      0      1      2      0      0      0      1      0      1      1      2      2      3      0      1      0      0      0      1      1      2      2      1      1      0      0      3      1      0      4      0      0      0      0      1      2      0      2      1      2      0      4      0      0      0      4      0      1      0      0
28453  0      000005 000269 5.000e-01      3      0     11      5      0      3      7      3      0      0      1      4      1      5      0      0      3      1     10      4      7      2      0      0      0      0      1      7      0      0      2      3      3      3      5      2      0      2      1      0      5      7      2      6      2      0      2      0      3      5      1      0      2      1      0      6      3      3      0      4      2      5      1      2      0      3      0      2      9      9      1      0      1      3      0      7      1      2      6      1      1      2      0      5      0      0      3      8      1      1      1      3     10     11      2      5      5      4      1      0
28563  28453  000005 000269 5.000e-01      3      1      6      0      0      0      4      1      1      2     16      2      0      5      0      4      6      1      4      0      6      0      9      3      6      0      3      2      7      2      1      1      2      0      1      8      6      2      0      2      0      0      4      2      1      7      4      2      1      3      1      0      7      8      6      1      2      3      3      4      1      5      7      2      5      2      0      1      1      0      1      0      1      1      4      2      6      0      2      0      4      3      0      2      1     11      0      2      3     10      3      1      0      1      3      0      2      3      2      1
28800  0      000001 000054 5.000e-01      0      0      0      2      0      0      0      0      0      0      2      0      1      0      1      1      0      0      1      0      1      0      1      0      2      1      0      0      0      2      0      1      2      0      0      0      1      0      1      0      1      1      0      1      0      0      0      1      0      0      1      0      2      0      1      0      0      0      2      0      0      3      0      1      0      1      1      1      1      0      0      0      0      0      0      0      2      0      0      0      0      2      0      1      0      0      2      2      1      0      0      1      1      0      0      0      2      1      0      1
28801  28800  000001 000042 5.000e-01      0      1      0      1      0      0      0      0      0      0      0      1      2      0      0      0      0      0      1      0      1      0      1      0      0      0      1      0      2      0      0      0      1      1      0      1      0      1      0      0      0      0      0      0      0      0      0      0      2      0      0      0      0      0      0      0      0      0      2      0      1      0      0      0      3      1      0      0      1      0      1      0      1      0      0      0      0      1      0      0      0      0      0      1      1      1      0      1      0      0      2      2      1      0      0      0      0      1      0      4
28808  0      000001 000051 5.000e-01      2      0      0      0      2      0      0      0      0      1      0      0      0      0      1      0      0      0      0      0      2      0      0      0      1      3      1      0      0      0      1      2      1      1      1      2      0      2      0      0      1      0      0      1      0      1      0      0      1      0      0      1      0      0      0      2      1      1      0      0      0      0      0      0      0      0      1      1      0      1      0      2      0      1      2      1      0      0      0      0      0      0      1      0      0      0      0      1      0      1      0      1      0      0      0      0      2      2      2      0
28809  28808  000001 000063 5.000e-01      0      1      1      0      1      0      0      0      0      1      0      0      0      0      0      0      0      4      0      2      0      1      1      0      0      0      1      0      1      0      0      3      2      1      3      2      0      0      0      0      1      2      0      0      1      0      1      0      0      0      0      1      0      0      0      1      1      0      1      0      1      4      1      0      1      3      1      1      0      1      0      0      0      0      0      1      1      0      0      0      1      2      0      1      0      0      0      0      1      2      0      0      1      1      0      2      1      2      0      0
