SCORE -1.38991829915195e+05
ITER 10000
ETA        1.50000000000000e+00 1.50000000000000e+00 1.50000000000000e+00
GAMMA      5.00000000000000e-01 5.00000000000000e-01
GEM_MEAN 5.00000000000000e-01
GEM_SCALE 1.00000000000000e+02
SCALING_SHAPE 1.00000000000000e+00
SCALING_SCALE 5.00000000000000e-01
ID     PARENT NDOCS  NWORDS  SCALE     WD_CNT
0      -1     000100 012521 5.000e-01    166     73    273    147     21     16    127     19     77     16     59    102    186     53    210    109     66    116     61     83    176    386     91    357     55     54     26    105     12     93    225     98     76     16    225     62    241    102     27     25     14    116     39     68     66    192    388    160    248    107    119     89    151    180     45     82     83     40    103    219    135    160    253     24    231    175    135     97     18    281    207    289     44     36    175    376    185    149     74    172     66    206    133    176     18    193     59    262    347     59     29     63    111    161     21     82    146     41     95     96
29     0      000021 001367 5.000e-01     12      8      5      3     34     16      5     17      3      6     23     53     18      9      0      8      5     12      3     32     32     10     88      0     30     17     34     17     18      2      9     10     11      7     12     14     20      3      8     10      7     17      2      4     21     12     16     28     20      6      3      3      4      5     21      6      7     14      7      1     25      2     17     20     10     26      4      8      1      4      0      3      2     38     48     12      9     10     26     22      3      2     12     36     34      8      9      0     21      0      5     22      1     22     23      5      7     19     15      8
1714   29     000017 001026 5.000e-01      8     17      3     26     11     11      8      5      4      4      5      1     33      3      7      2     17     12     25     20      6     40     10      2      8     19      3     17     12     24      0     10      9     16     11     16     16     12     14     13     22     10     12      0     12     23      4      0      4      8     21      5     12      3     12     14     15      3      2      3      2      4      7      5     19      3     13     16      5     10      5     16      7     11      6      3      4      5     21      1     14      6      2     12      5     21     33      5      7     12     31      1      7      3      9      0      4      9      6     11
44564  29     000004 000261 5.000e-01      3      2      3      3      2      1      0      4      2      0     12      1      2      2      2      0     12      2      5      1      1      8      1      2     10      3      5     11      3      2      0      0      9      0     10      0      1      2      1      0      3      0      0      1      0      2      3      0      2     14      0      0      6      2      1      4      0      8      4      2      4      4      4      0      0      7      0      0      6      1      2      3      0      1      0      4      3      0      1      0      3      2      1      5      0      1      4      1      4      1      2      1      2      0      2      0      3      8      0      1
44433  0      000002 000130 5.000e-01      1      0      0      1      2      9      0      0      1      0      1      0      0      1      0      3      2      0      0      0      1      0      0      0      0      1      1      1      2      0      0      1      0      0      2      0      1      0      8      1      2      1      0      1      0      2      0      3      3      4      0      2      0      1      3      2      0      1      0      7      0      0      0      2      3      0      2      2      2      2      1      2      3      1      0      3      0      0      1      4      2      1      3      0      0      0      3      0      0      2      0      0      2      4      0      5      0      2      4      2
44582  44433  000002 000156 5.000e-01      0      2      0      0      6      0      1      1      0      1      4      2      2      6      1      1      0      1      1      0      2      1      6      0      1      3      4      0      2      1      0      1      2      2      1      2      0      0     10      2      2      2      2      5      2      3      1      2      2      3      2      0      2      0      1      1      4      0      5      0      1      1      0      1      0      0      3      0      2      0      0      0      3      2      1      0      2      1      5      0      2      0      2      3      3      0      2      1      0      1      4      0      1      1      1      4      0      1      0      0
14     0      000053 003241 5.000e-01     17     34     40     33     17     13     46     16     95     21     63     32     52      9     45     34     10     28     24     65     10      1      5     30     52     28     14      1      5     54     21      0     52     35     36     79      0     76     24     43     10     17     65     45     18      0     96     24     29     28    116     19     32     15     33      9     17     28     10     39     40     18     92     26     12     30     29     44     68     38     43     19     36      8      9     16     24     22     22     36      7     28      5     10     40     22      4     39     52     99     26     42     23     60     37     81     39     12     46     27
4574   14     000049 002951 5.000e-01     25     32     12     17      6      3     59     25     25     12     21     28     82     48      9     34     10     72     10     22     58     33     35     20     18     24     22     41     22     20     45     50     18     20      8     12     51     18      9      6     26     22     36     19     42     24     12     27     35      3     15     29     70     13     25     27     24     24     43     44     36     15      2     11     49     23     64     35     57     20     21     25     45     12     76      5     36     33     48     23     95     32      0     46     36     40     23      2     49      4     13     31     24     36     20     28     59     29     35     71
44591  14     000002 000151 5.000e-01      1      1      1      5      0      0      0      2      0      0      2      1      2      1      0      4      1      1      2      1      2      0      1      4      1      0      3      3      1      0      1      1      0      1      1      2      5      0      0      3      1      5      1      5      2      1      2      2      0      2      1      2      1      0      3      0      3      2      1      1      1      2      1      2      4      2      1      2      1      1      0      2      1      0      2      2      2      6      2      1      2      2      3      2      0      2      0      2      3      4      0      0      0      2      0      0      2      0      0      3
44416  14     000002 000137 5.000e-01      1      0      1      0      4      2      1      1      0      0      1      1      1      2      3      3      1      0      0      3      0      3      2      0      1      0      5      4      1      0      1      2      4      3      0      2      0      0      0      5      3      1      0      3      0      0      1      2      4      0      3      1      2      0      6      2      5      0      7      0      0      0      2      1      0      0      1      2      4      0      3      0      0      3      0      0      0      2      1      2      1      1      0      0      5      0      0      0      1      0      0      0      0      1      1      4      2      1      1      0
41     0      000019 001145 5.000e-01     13     23      3      1      5      3     13     15     18      7      6     13     19     10     10      3      2     41     12     37      3      2      5      8      3      9      5      7      6     10     16     28     14      4      3     16      1     42      7      7      4     13     28     20     13     24      1      1     14      9     15      9      2     18      6      8     10      1      3      3      0     12     15      6     23      4      2      6     28      7      7      9     18     14     18      2     25     18      1     11     21     18      3     22      6      0     19     28     18     20      0      0     46     16      3      8      2      5      8     24
42     41     000019 001265 5.000e-01     23      1     15      8      3      0     11      4     43      6     37     12      8     19      5     17      1      5      1      7      6     22     15     19      6      9      6      8     10     15     39      8     16      4     13     11      5      5      8      5     15      5     22     12     20      8      5     33      0      2     31     13     12     11     11      7      9     14      6     15     28      7     14     17      4      5     24      8     38      1     25     26     24      5     20     17      3     15      5     12      9      5      2      3     19     30      4      9     37      3     12      5      3     21     20     27     23      2     12     14
44234  0      000004 000233 5.000e-01      0      2      4      3      4      0      1      3      3      1      5      0      5      0      1      3      4      3      0      4      2      0      0      2      8      1      4      0      1      8      3      0      0      0      1     11      0      4      3      0      1      3      3      5      1      2      1      0      4      0      2      2      1      2      5      0      1      1      2      6      0      2      6      3      3      0      0      0      1      0      1      1      2      1      2      4     13      0      3     10      3      0      0      0      8      1      0      3      3      1      4      3      2      1      2      5      1      2      0      6
44567  44234  000002 000136 5.000e-01      1      2      3      0      0      1      5      1      8      0      2      1      1      0      0      0      4      0      0      3      0      1      3      4      1      0      1      0      4      1      0      1      1      2      0      3      1      0      1      3      0      2      2      0      0      0      2      0      1      2      0      0      1      0      3      2      6      1      0      1      0      0      1      0      0      3      0      0      2      1      1      0      0      2      0      2      0      0      0      7      6      2      0      0      4      0      4      2      2      3      0      0      0      1      0      0      5      2      3      1
44584  44234  000001 000068 5.000e-01      2      0      3      0      0      0      1      1      2      2      0      2      0      1      0      1      0      0      0      0      0      1      0      0      1      0      1      2      0      0      0      0      1      0      0      0      3      2      1      1      1      1      2      1      0      1      2      0      0      0      0      0      0      0      1      0      0      0      1      1      0      0      0      0      0      2      0      2      0      1      0      0      0      1      1      0      0      0      0      1      2      1      3      1      0      4      0      1      2      0      3      1      0      0      0      2      0      0      0      1
44590  44234  000001 000067 5.000e-01      0      1      0      1      1      0      0      0      1      0      0      1      0      2      0      0      0      0      0      0      0      0      1      2      0      0      0      0      0      0      0      1      1      0      0      0      1      1      0      0      0      1      0      0      2      2      0      0      1      0      0      1      0      2      1      0      0      2      0      0      1      0      1      0      6      0      2      2      1      0      1      1      1      4      4      3      1      1      0      0      0      2      3      0      0      1      1      0      0      0      0      1      0      2      1      0      0      1      0      0
44588  0      000001 000070 5.000e-01      2      5      0      0      0      0      0      2      0      0      1      0      2      1      0      0      0      5      0      0      1      0      0      2      1      0      0      1      2      0      0      1      0      0      0      1      0      1      0      0      1      0      1      0      0      1      0      3      3      0      0      0      0      0      0      3      1      3      1      0      1      1      2      1      1      1      1      2      0      0      1      0      0      0      0      3      0      0      0      0      1      0      1      0      1      1      0      1      0      1      0      0      0      2      0      0      0      2      0      1
44589  44588  000001 000075 5.000e-01      1      0      0      0      2      0      0      0      0      1      2      5      1      1      0      0      1      1      0      0      0      0      0      0      0      0      0      1      0      2      1      0      2      0      0      1      0      1      0      0      0      0      3      1      4      1      1      3      0      0      2      0      2      1      0      0      0      1      0      1      1      0      0      0      1      0      2      1      2      1      0      0      1      0      1      2      0      0      0      1      0      1      1      4      1      0      0      1      1      2      0      2      2      0      1      0      1      1      0      1
