SCORE -1.39367692298981e+05
ITER 2000
ETA        1.50000000000000e+00 1.50000000000000e+00 1.50000000000000e+00
GAMMA      5.00000000000000e-01 5.00000000000000e-01
GEM_MEAN 5.00000000000000e-01
GEM_SCALE 1.00000000000000e+02
SCALING_SHAPE 1.00000000000000e+00
SCALING_SCALE 5.00000000000000e-01
ID     PARENT NDOCS  NWORDS  SCALE     WD_CNT
0      -1     000100 012446 5.000e-01    147     89    220    125     39      2     99     29    117     23    115    121    185     41    180    103     58    113     65    171    209    279    101    329     34     25     37     98     13     73    192     43     71     24    218    105    236    145     15     11     16     99     22     87    132    166    390    152    263     60    212     40    138    139     82     74     87     57     63    219    158    109    302     21    226    175    167    112     25    204    193    296     30     53    213    340    141    130     14    229     93    186     77    208     69    181     37    179    363    118     12     39    128    183      9    143    193     45    124    123
12127  0      000003 000194 5.000e-01      3      0      2      3      5      0      3      1      1      0      3      2      2      1      3      6      1      1      0      3      0      5      0      0      5      0      4      0      0      0      0      0      7      2      2      5      0      0      1      5      1      2      1      1      0      0      2      3      5      0      5      3      0      4      4      3      4      0      5      0      0      1      6      0      0      2      1      5      7      1      1      3      5      1      0      0      0      2      5      2      0      1      1      1      3      3      0      4      4      1      1      1      0      4      4      2      1      1      1      0
12809  12127  000002 000110 5.000e-01      0      0      0      0      0      3      1      0      3      0      0      4      0      1      2      0      0      0      0      1      3      2      2      1      3      2      0      2      0      0      1      3      2      4      0      3      0      2      2      5      4      0      0      3      0      3      0      0      1      0      1      1      3      0      2      1      0      2      2      0      1      1      0      3      0      1      2      1      3      2      0      0      1      0      1      0      0      2      1      2      0      0      0      0      1      0      0      0      0      1      0      0      0      0      1      3      3      0      4      1
12981  12127  000001 000093 5.000e-01      0      0      0      1      1      3      1      1      1      1      1      3      0      0      1      2      0      0      0      0      0      0      1      1      3      1      2      0      3      1      3      1      2      1      0      1      1      2      0      2      2      2      0      1      1      0      3      1      0      0      1      0      0      1      2      1      0      1      2      0      2      0      2      0      2      0      1      0      2      0      0      0      0      0      1      1      1      0      0      4      0      2      1      1      3      1      0      0      1      0      0      1      0      1      2      1      2      1      1      0
5      0      000011 000723 5.000e-01      1      9      8      6      1      0      3      5     18      0      6     11      2      8      9      1      5     14      4      9      9      2      5     12      3      4      5      3      7      5     33      4      0      8      4      7      0      7      0     10      2     11     17      4      6     12      9      3      5      6     13      8     22      2      2      7      8      5     19     15      4      6     12      4      4      0      6     13     16     19      3      0      5      7     13      6     10      1     10      2     18      4      4      9      4     15      0     15     12      3      5      8     15      4      5      5     14      2      3     13
8644   5      000011 000712 5.000e-01      5      2     13      2      1      1     15      1      4      9      3      9     22     13      0     16      0      3     10      0      9     17      6      4     20     12      4      7      1     15      6     15     21      4      1      0     13      2     12      3      9      0      5      6      2      7      6      5     11      4      9      5      3      7     10      3      0      1     13      9      4     16      5      6      9      6      3      6     12      9      6      5      8      2      5      7      9     11     16     12      5     15      3     15      2     11      5      6      9      8     16     19      2      5      3      8      3      0      2      2
14     0      000037 002219 5.000e-01     30      4     29      0      1     14     85      5     44      3     22     11      9     35     11     22     17     61     12     13     22     47      2     33     41     15     17     12      2     25     44     44      9     23     22     11     10     15     22     10     14     28     22     19      9     22     45      4     16     23     20     34     46     28     11     12     33     22     27     45     29     15     24     27     16      7     22     53     35     38     49      9     47     10     31     15     58     34      3      8     36     16      8      3     17     22     24     18      8      9     13     31      8     13     12     16     29     23     10     39
4574   14     000032 001833 5.000e-01      7     35     26     48      6      0     11     25     28     17     18     16     75      4     31     21      5     20      1      1      3      9     25     20      4     25     12      9     13     19      3      7     22      6     13     42     28     29      2     16      7     15     59     17      4      8     16     42     14      7     20     16     30      5     22      6      6      3     13     32     24     17     27      7     18     16     28      3     44     18     13     25     17      0      8     14      4     17     59      2     22     14     26     11     19     17      9     54     22     28     19     11     18     61     20     12     12      7     24     22
12982  14     000001 000076 5.000e-01      1      0      0      1      0      2      1      1      3      0      0      1      1      1      0      2      1      0      0      0      0      0      1      0      6      0      1      1      0      2      1      1      1      1      0      1      5      0      0      0      0      3      0      0      0      1      0      0      2      1      0      0      1      0      0      0      1      0      1      0      0      0      0      0      0      1      0      0      1      1      0      1      0      1      0      2      0      0      1      3      3      2      1      0      0      1      0      2      1      1      1      0      0      1      1      0      2      1      0      2
12970  14     000003 000246 5.000e-01      0      4      2      1      3      1      0      2      2      2      6      3      5      0      0      0      1      0      3      0      6      1      4      3      2      2      3      2      6      0      1      9      3      1      3      5      6      5      2      2      1      1      1      4      1      2      5      2      7      5      2      1      2      6      3      7      0      3      2      2      2      5      1      1      1      6      2      0      1      2      0      1      0      0      6      2      6      1      4      0      0      1      0      0      1      3      1      6      2      5      2      3      4      0      4      0      1      8      5      1
12983  14     000001 000085 5.000e-01      1      0      0      0      1      0      2      1      2      1      2      0      2      0      0      1      0      0      2      2      0      1      0      1      0      1      0      3      1      2      1      0      0      0      1      1      1      2      0      4      2      0      1      0      2      1      1      1      2      0      1      1      0      0      4      1      3      0      0      1      0      1      0      1      0      2      0      1      0      0      0      0      1      1      0      0      0      0      0      2      2      1      0      0      5      3      0      0      1      2      1      1      0      0      1      0      0      1      0      1
12615  0      000002 000172 5.000e-01      1      0      0      0      1      8      1      0      0      1      0      2      3      7      0      4      4      0      4      1      3      1      1      0      0      2      1      2      1      5      2      1      1      0      3      1      1      0     12      1      2      0      1      2      0      2      1      3      2      6      1      2      3      5      1      2      3      0      5      0      2      0      0      0      5      0      1      2      1      1      0      2      4      0      0      1      1      0      4      1      1      3      0      1      1      0      4      0      0      0      4      0      2      1      0      8      0      3      2      1
12632  12615  000002 000145 5.000e-01      2      1      0      2      5      1      1      1      1      0      1      5      0      1      1      1      0      0      0      1      0      0      4      3      0      1      4      2      3      0      0      2      3      3      1      2      0      0      6      2      2      2      0      1      3      0      0      1      4      2      2      0      0      1      2      1      1      0      0      1      0      2      2      3      2      0      3      0      2      3      0      4      1      2      0      2      2      1      1      1      2      0      5      0      3      0      3      1      0      2      1      1      3      3      1      3      0      0      1      2
29     0      000020 001290 5.000e-01     16     13     13     14     36     22      7      0      5      5      7      3      9      7      6      6     11     18      7     37      1     35     60      3     39     13     10     19     23     17     13      1     21      6     12      8     13      6     17      2     32     15      8      3     24     32     18     18     10     23      6     14      3      9     18      6      3      3     17      5     16      3      7      6     31     28      8      1      1     10      2     14      6     18     25     11     16     14     35      2     10      3      5     38     14      5     14      5     26      0      9     14      0     10     17      0      2     22      6      8
1714   29     000016 001056 5.000e-01      9      5     10     13      6      7      9     17      0      2      4     40     40      5      6      2     14     20     17      1     24     46     31      4      9     26     21     14      2     16      3     23      2     15      1     11     15      1     10     25      0     14     11      5      4      4      1      9      1     11      7      7     15      3      4     22     14      8      5      3      5      3      3     18      4      6     14     16      3      7      8      8      5     21     13      6      2      4     25      4      7      9     17     14     13     23     31      2     16      1     30      3      1      3     11      0      4      9      8      5
12701  29     000004 000242 5.000e-01      6      0      7      5      2      0      0      6      1      1      6      8      2      5      1      2      6      0      3      1      0      4      3      2      2      1      8     15      4      0      0      0      8      0      6      0      1      2      1      1      0      1      0      0      0      0      6      1      3      6      1      1      2      5      0      4      5      6      0      0      2      2      1      1      3      1      0      0      6      0      3      7      1      5     11      5      5      1      2      0      0      2      2      1      0      5      0      1      0      0      1      7      0      0      2      0      2      0      1      1
41     0      000026 001559 5.000e-01      4     22     27     14      5      0     16     19      7      5     37      4     48     30     20     15      1     33     10     19      8     13      9     24     16     27      4      8      1     13     41     22     32     11     23     20      8      7      2      6      1      7     35     15      5      8      7     24     10      7     24     22      6      6      7     13      5     13     11      8     13     10     12      6     27     23      1      8     66     23     24      8     37      6      6     23      8     25      8     18     19     39      2      6     10     10     14     29     46      8     11     28     25     12     17     18      5      4     10     29
42     41     000023 001414 5.000e-01     41     12      6     10      2      6     20      2     38      5      9     11      6      5     18     15      6      6      6     16      1     43      6     10      5      6      0     16     14     35     17     33      6      0     12      4      2     37     12     14     16     15     25     18      4     27     15     15      9     22      2     20     18     28      0      2      5     13      6      1      9     30     10     14     16      5     21      5      8     27     11     12     18     11     24     16     35     18     19      4     17      8     15     10      7     23     23     27     32     17      2      0     16     25     26     25     15      4     20     15
12967  41     000002 000140 5.000e-01      2      3      2      0      0      5      2      0      2      1      1      0      1      2      2      2      3      2      0      2      0      0      0      0      0      2      0      2      0      3      0      2      3      1      1      1      2      4      2      3      0      1      4      0      2      0      3      1      3      1      0      0      1      0      0      0      3      2      2      2      3      3      0      0      0      0      1      0      1      1      5      0      1      0      3      0      5      0      1      4      0      0      0      0      1      0      0      4      0      3      0      2      0      2      4      5      3      3      2      0
12986  41     000001 000094 5.000e-01      0      2      0      1      1      0      0      0      0      1      2      1      1      1      0      0      1      5      0      0      0      1      0      0      0      0      1      2      2      0      0      0      2      0      0      0      3      1      0      0      1      0      2      2      3      3      3      2      0      1      1      0      4      0      0      1      0      4      0      0      0      1      0      0      0      0      1      1      1      2      0      0      0      0      1      2      1      0      1      1      0      3      3      2      2      1      0      2      2      3      0      0      2      3      1      1      1      0      0      1
12984  0      000001 000078 5.000e-01      0      0      1      1      1      0      0      0      4      0      0      0      0      1      1      1      0      2      0      0      2      0      1      2      2      3      0      2      0      1      0      1      0      0      0      3      1      1      2      2      0      0      4      2      0      0      1      0      2      1      0      0      1      2      0      1      3      0      1      0      0      3      3      1      0      1      0      0      0      0      0      0      0      1      1      1      1      0      1      0      1      0      0      0      4      0      0      0      2      2      1      1      0      0      0      0      0      0      0      1
12985  12984  000001 000073 5.000e-01      0      2      0      1      1      0      1      0      1      0      1      0      1      0      1      0      2      1      0      0      0      2      1      0      2      0      0      0      5      0      0      0      0      0      0      1      0      1      1      0      0      0      0      0      1      0      3      1      0      2      2      0      0      2      3      0      1      0      1      0      1      0      0      0      2      1      1      0      1      0      0      1      0      0      1      0      2      1      0      2      1      0      4      0      1      0      0      2      0      0      0      2      0      2      0      1      2      3      1      0
