SCORE -1.38744604773643e+05
ITER 4000
ETA        1.50000000000000e+00 1.50000000000000e+00 1.50000000000000e+00
GAMMA      5.00000000000000e-01 5.00000000000000e-01
GEM_MEAN 5.00000000000000e-01
GEM_SCALE 1.00000000000000e+02
SCALING_SHAPE 1.00000000000000e+00
SCALING_SCALE 5.00000000000000e-01
ID     PARENT NDOCS  NWORDS  SCALE     WD_CNT
0      -1     000100 012555 5.000e-01    159     74    297    131     28     26    125     19     37     30    130    136    275     79    205     70     72    101      9    152    218    332     97    304     73     24     47     80     13    110    149    109    108      8    180    147    253    116     58     36     45     47     31     47     94    220    403    122    265    104    124     89    199     75    112    120    105     31     68    218    179     74    280     27    286    154    108    127     20    241    182    213     39     29    215    294    205    144     73     69    107    179     77    213     31    233     71    157    447     51     37     87     72    122     19    113    138     79    119    108
29     0      000020 001202 5.000e-01     10     17      0     22     18      7      9     19      7      2      5     37      9      7      2      0      2     26     29     38     16     31     83      0     15     25     20     19     27      9     10      0      8     19      9      2      2      5      2     10      5     41      3      9     22     11      8      8      4     17      8      0      3     13     14      5      6      9      2      7     10      2     12     13      2     28     10      4      1      2      7      5      6     35     38     16      2      7     33     38      7      9     13     16      7     22      5      8      6      1     14      6      5     16      3      0      9      1      3      7
1714   29     000012 000735 5.000e-01     18      4      5     12     15     11      2      3     13      1      3      8     13      2      6      0      9      8      8      5      0     25      2      4     13     14      4     18      1     13      4     11      3      1      8      1      8      8     10     12      8      0     13      1      7     11     15      8      0      1     11      8      0     14      3     10     11      6      9      3     13     10      4      5      8      6     11     16      2      1      1     17      5     14      1      3      1      3      7      4      0      1      1      8     23      5     32      1      1      3     15      4      7      4     17      4      6      9      8      9
20081  29     000005 000333 5.000e-01      6      4      2      1      9      2      0      4      1      2      2      0      4      2      1      1      9      7      1      3      1      2      5      5      9      1      6     15      1      4      1      0     12      1      9      0      7      1      2      1      3      0      0      2      3      3      9      2      3     17      0      3      1      5      2      3      1      8     10      2      3      3      3      7      5      3      1      0      5      1      0      8      1      0      3      4      7      2      3      0      4      2      1      0      3      1      2      0      0      1      1      7      1      2      9      3      4      5      4      3
21171  29     000002 000133 5.000e-01      0      1      1      3      4      1      0      0      1      0      1      0      2      1      0      3      0      0      1      0      0      4      0      0      0      4      1      7      0      2      4      1      3      1      1      3      5      2      1      1      0      2      1      1      0      5      0      2      3      1      1      0      0      0      2      1      2      1      1      0      1      2      5      0      1      2      2      0      1      0      1      1      0      2      0      1      0      3      2      3      1      0      2      0      0      0      1      3      5      0      4      0      1      1      1      0      2      1      1      1
21333  29     000001 000070 5.000e-01      1      0      1      0      0      0      3      4      1      1      0      0      0      0      0      1      1      0      0      1      3      1      1      3      5      3      0      0      0      0      2      0      0      2      0      1      2      0      3      0      3      0      0      0      0      1      1      0      2      0      1      0      0      0      0      2      0      1      0      0      1      1      0      0      1      1      0      2      0      0      0      0      0      0      0      0      0      0      0      0      1      2      1      0      1      0      0      2      1      3      1      0      0      0      0      0      0      1      0      0
5      0      000004 000274 5.000e-01      0      0      2      0      0      1      7      3     17      1      0      5      0      8      1      2      2      4      1      6      4      1      0      0      8      0      3      2      0      4     10      1      2      4      2      1      1      4      0      4      2      2      3      3      0      4      0      4     10      0     15      3      4      2      2      2      1      4     10      3      2      3      1      0      3      0      0      3      3      4      2      4      7      0      2      2      2      0      0      5      4      5      0      5      3      0      1      0      7      1      1      1      3      0      2      2      8      0      0      3
21214  5      000004 000185 5.000e-01      3      3      2      0      0      1      2      0      1      0      3      2      0      4      1      2      1      2      4      2      1      0      4     10      4      1      7      0      1      0      0      3      1      5      1      0      0      1      0      3      1      1      2      5      2      0      2      2      0      1      1      0      0      6      4      0      1      0      1      4      4      1      1      3      0      2      3      0      1      1      2      3      1      6      1      0      3      1      6     10      1      0      0      2      1      0      0      4      6      2      3      0      1      2      0      1      5      0      0      0
14     0      000044 002678 5.000e-01      4     48     22     35      4      6     50      0     63     22     13     25     43     21     20     48     13     13     28      1      3     58     11     44     30     36     16     18     20     16     43     29      6     37     26     29     44     53      3     21      8     45     92     32     25      1     37     50     48      9     61     20     12      4     21      3     34     21      2      9     12     39      5     22      5     39     18     23     40     22     58     19     25     14      9     27     31     40     30    100     56     12      9     18     41      9      9     43     15     83     37     22     24      6     26     38     39     11     41      5
4574   14     000038 002443 5.000e-01     20      1     22     25      8      3     37     37     60      0     21      8     33      9     32     41      9     64     19     28     20      6     29      8      9     12     14     14      5     31     42     10     30     14     40      6      0     19     15      6      6     23     12     28     10      8     26      6     13     13     36     12     50     62      5      5      8     18     62     61     35     28     69     14     21      1     67     34     67     34      7     55     38      1     52     40      6     15     31      3     16     42     24     15     20     16      7     55     11      8      2     25     33    101     10     23     42      3     19     82
21185  14     000005 000296 5.000e-01      6      5      1      3      8      1      2      2      6      0      1      2      0      0      2      1      5      8      4      3      2      0      1      1      7      3      0     11      5      1      6      0      4      1      1      5      3      0      5     10      5      2      1      0      0      3      6      4      2      0      9      2      0      7      3      2      1      0      3      0      1      3      2      3      4      3      5      1     10      3      0      4      3      1      0      3      4      2      1      5      4      0      3      0     12      1      3      4      1      3      1      4      1      9      7      0      1      5      1      2
21332  14     000001 000075 5.000e-01      1      0      0      0      0      0      0      0      0      0      2      2      0      0      0      2      0      2      0      2      4      0      2      0      0      0      3      2      0      2      1      0      1      0      1      0      1      1      1      0      0      0      1      1      0      1      2      2      0      0      0      0      0      1      1      1      0      1      0      2      0      0      3      0      1      0      1      0      1      2      3      2      2      0      0      0      1      0      1      1      2      1      1      0      0      0      2      0      0      0      1      1      1      1      0      1      1      1      1      0
41     0      000027 001726 5.000e-01     12     36      4      6      7      5     29     21     35     10     33     16     30      2     17     28      9     45     11      8     13     13     12     65     12     35      4      9      8     18     49      2      2     10      3      6     11     39      2     11     10     23     24      4     29     14     21     56      7     13     45     16      3     24      3      2     10     27      0     18      8      5     21     17      4     17      7      5     21      7     23     55     40      5      9     16     22     29      3      7     22     20     22     33     13      1     15     25     16     26      1     14     56     13      1      9     25      8     16     32
42     41     000027 001611 5.000e-01     28      4      4      7      7      1      6      2     38      7     23      8      3     24      2     19      2      8     17     23      4     30      7      3      6      4      2     17     12     16     32     42     31      2     29     21      5     14      3      4      7     21     33     47      6     11      0     12      1      0     11     18     20     27      0      4      1     10     17      7      1     47      9      5     22     15     42      9     57     32     27      3     15     27     26     35     11      9     13     55      8     32      9      5     20     32      8     43     24     23      6      0     11     47     41     45      7      3      7     10
20883  0      000002 000167 5.000e-01      0      0      0      0      5      6      1      1      0      0      3      3      1      5      0      1      0      0      2      1      0      2      0      0      0      0      4      3      2      6      0      0      2      2      1      1      2      0     11      3      1      3      1      6      2      2      0      2      2      4      0      0      0      1      2      1      1      0      3      1      1      0      0      2      2      0      1      0      3      1      0      0      1      3      0      5      1      0      4      1      2      3      3      2      4      0      3      3      0      2      3      1      3      5      1      2      1      1      2      1
21313  20883  000002 000140 5.000e-01      2      0      2      0      2      2      1      0      1      0      0      1      0      1      0      2      1      1      2      1      3      0      5      0      1      3      0      1      2      0      3      1      0      1      3      0      0      0      3      0      3      0      1      1      0      0      1      6      2      1      3      2      0      5      1      0      0      1      3      1      0      1      0      1      1      2      4      1      1      4      1      6      3      0      0      5      0      1      1      1      0      0      5      0      0      0      4      0      1      0      2      0      3      0      0     10      2      1      1      2
21104  0      000003 000176 5.000e-01      2      5      1      1      3      1      2      1      0      0      4      0      0      3      1      1      1      8      1      2      7      3      2      4      1      2      0      0      0      0      2      0      0      1      9      5      1      0      2      2      0      6      0      3      0      3      1      1      1      5      2      2      4      1      2      5      2      1      0      1      2      7      0      0      0      7      2      2      0      3      2      0      1      1      7      0      0      0      2      0      1      0      0      0      0      1      0      1      0      2      0      0      2      4      2      0      2      7      0      0
21308  21104  000003 000201 5.000e-01      4      1      0      2      0      1      2      0      1      1      0      2      1      0      3      0      0      2      7      2      1      0      2      1      3      1      3      3      4      0      3      3      3      1      0      4      1      6      0      0      5      0      0      0      3      0      3      1      7      2      2      0      2      6      0      1      1      4      4      6      2      2      2      0      0      1      1      0      3     10      2      1      0      1      0      3     11      6      0      1      1      1      3      3      1      3      2      8      6      3      0      0      0      0      2      0      2      1      2      2
