SCORE -1.39353271505326e+05
ITER 9000
ETA        1.50000000000000e+00 1.50000000000000e+00 1.50000000000000e+00
GAMMA      5.00000000000000e-01 5.00000000000000e-01
GEM_MEAN 5.00000000000000e-01
GEM_SCALE 1.00000000000000e+02
SCALING_SHAPE 1.00000000000000e+00
SCALING_SCALE 5.00000000000000e-01
ID     PARENT NDOCS  NWORDS  SCALE     WD_CNT
0      -1     000100 012465 5.000e-01    126    116    244    131     34      0     84      6    141     20    160    158    243     80     86     82     60    127     69    122    165    395    134    300     75     51     57    116      8    138    188    100    132     35    241     78    205     95     35     29     44    110     18     68     73    172    368    226    256     94    202    115    148     95     20     68     96     40     98    209    103     95    326      7    253     56    101     62     40    242    203    214     77     49    251    349    192     90     88    123    135    170     80    176     55    191     30    147    377    106     23     55     87    159     54    146    146     41     49    131
29     0      000020 001260 5.000e-01      9     10      6      5     32     18     12      3      0      2     10     33      7      1     17      2     11     30     16     39     28     46     80     10     28     17     13     11     24     18      7      5      0     12      2     20     21      3     11      4     18     25      2      0      7     17      6     11      7      9      4      4      3     17     19     22      6     17      1      3     25      8      8      5     17     25      6     21      1      7      2     10     12     16     21      3     10     13     18     16      3      8     13     18      8     30      0     12     13      5      9      7      3      4     20      0      3     26      7      6
1714   29     000014 000897 5.000e-01     15      2      0     17      5     10     12     16      1      3      3      2     29      5      8      4      7      0     14     15      4     13      0      5      0     16     12     29      3      5      3      7      4      2      6      3     18     10      2     22      8      7     14      4     24     13     22      6      6      7      3      4     10      2     20      7     15      1      3      1     12      4      5     15      1     28     24      5      3      1      2     15      0     30      6      2      3     13     25      6      6      5      5     13     18     11     45      2      6      2     23      9      4      8      1      1     13      0     12      4
40368  29     000002 000144 5.000e-01      1      1      1      3      3      0      2      0      1      2      1      1      0      4      1      0      3      1      0      3      2      1      2      2      0      2      2      9      2      0      0      0      6      1      6      0      0      1      1      0      0      2      0      0      1      6      1      3      0      2      5      1      0      1      0      1      0      2      2      4      5      0      0      1      0      0      1      1      0      0      1      3      1      1      3      2      3      0      1      1      0      4      0      3      0      0      3      0      0      0      3      2      0      2      0      0      1      3      2      1
40287  29     000003 000192 5.000e-01      1      1      3      8      3      0      0      5      2      0      2      0      2      3      6      2      6      3      1      2      0      0      5      1      7      0      1      5      3      0      1      0      6      0      4      2      2      1      1      0      0      1      0      0      5      2      0      3      1      8      1      1      3      4      1      2      0      3      2      0      2      0      2      1      0      5      1      1      0      3      0      3      0      0      0      3      1      3      3      2      1      2      0      0      1      0      1      5      5      1      1      0      1      6      3      1      3      2      2      1
40388  29     000001 000080 5.000e-01      1      0      1      2      0      0      2      4      0      1      1      1      2      0      2      1      0      0      0      1      1      0      1      1      3      4      2      0      2      1      1      0      1      3      2      0      2      0      2      1      1      1      1      0      1      0      1      0      0      1      0      1      2      0      0      1      0      0      1      2      0      0      0      1      0      0      0      0      0      0      0      0      0      0      1      1      0      2      1      1      0      1      3      1      2      0      0      1      0      0      1      1      1      1      0      1      0      1      0      0
40107  0      000006 000407 5.000e-01      2      4     17      5      6      0      4      6      2      1      2      1      3      0      9      3     11      9      1      3      2      2      6     12      4      7      4      1      0      2      1      2      1      0      4      8      6      3      2      1      2      5      2      3      3      9     15      0      8      1      0      0      2      2      9      0      4      6      3      4      1      0      6      1      6     11      0      4      6      3      4      6      1      4     11      2      7      3      4     13      4      4      5      5      8      7      0     11      8      3      2      2      0      4      2      0      1      6      0      7
40154  40107  000005 000332 5.000e-01      3      4      2      0      0      7      4      1     10      2      0      2      0      3      0      5      0      1      0      6      1      3      0      1      7      3      5      3      6      5      1      0      2      2      1      8      6     11      4      2      1      2      8      2      0      1      6      1      2      5      2      1      6      3      3      1      3      2      3      7      6      5      6      3      3      0      3      3      3      3      4      8      2      4      4      1      7      2      0     11      4      1      3      0      3      2      5     11      0      1      8     10      3      0      3     10      3      0      4      3
40385  40107  000001 000063 5.000e-01      4      0      1      2      1      2      1      0      0      0      1      0      0      0      0      1      1      0      1      0      1      0      0      2      2      0      1      2      0      1      0      1      1      0      0      0      1      0      1      0      0      1      1      0      0      1      2      0      0      1      0      2      0      0      0      0      0      1      0      0      0      0      0      0      0      2      0      0      3      0      0      2      1      1      1      1      0      1      1      0      0      2      1      0      0      0      0      0      0      0      0      5      0      2      1      0      0      0      0      2
14     0      000051 003128 5.000e-01     42     20     40     37      0     10    109     23     42      6     19     14     51     36     65     56     26     72     16     19     40      0     10      8     25     25     13     27     25     12     47     34     13     26     40     38     34     20      0     40      3     35     72     55     34     30     44      2     51      6      3     24     68     65     65     32     13     29     47      7     62     26     14     50      3     28     16     95     76     11     48     34     14     13     34     26     27     27     18     59     13     31     14     31     24     37      7     42     54     53     13     37     27     41     26     20     54     11     46      1
4574   14     000047 002952 5.000e-01     26     23     31     19     13      9      9     29     28     23     18     13     58      3     52     32      4     15     13     30     32     21      9     51     28     22      8      5      4     26     45     19     28     15      1     47     29     74     33      3     11      3     44     16     21      0     53     10     20     33     74      7     41      9      8     12     32     24     10     72     27     51     34      4     48     75     97      8     40     59     24     44     37      1     12     29     35     60     38     24     50     40     23     40     23     11     35     77     31     18     27     30     37     63      5     36     37     32     70     72
40184  14     000004 000226 5.000e-01      0      1      0      4      6      5      2      2      5      1      0      4      0      0      6      2      0      1      0      5      3      1      0      5      6      1      7      4      2      3      1      1      5      3      0      4      0      4      0      9      4      8      1      1      0      3      1      0      1      2      4      0      0      1      7      1      7      0      3      2      6      4      0      1      3      4      1      1      1      2      4      2      1      2      1      0      2      4      0      2      0      0      2      2      9      0      1      1      1      0      1      1      1      5      3      4      3      1      1      0
41     0      000020 001243 5.000e-01     20     15      8     14      8      4     27     12     23     10      7     14     17     18     30      9      2     27      7     18      2     19      1     14      4      1      3      3      8      8     18     38      6      0     11     20      5     26     10      0      7      6     34     32     22      6      2      4      9      8     23      0      1     41      2      9      0      9     12     10     18     13      4     19     25     29      7      9      5     28     21     18      7      3     13     11      7     24      0     13      5      7      1      9     15     16      7     19     25      9      3      8     35      8     20     12     12     11     12     11
42     41     000020 001227 5.000e-01     22      4      3      1      1      1      9      6     27      5     11      8      1      5     10     20      3     13      1     10     18      5     12     39      5     16      4      1      9      8     46      2      8      9      1      1     12     19      3      8      9      5     19      4      9     33      9     18      4      5      7     15     13      5     16      8      3      8      6     19      5     20     10      6      4     16     24     15     53      4      4     33     31     12      3     18     10     18      7     27     12     28     19     18     13     18     20     22     25     12      9      2     15     26      3     11     16      0     13     23
39023  0      000002 000132 5.000e-01      1      1      1      0      2      5      0      0      0      0      1      3      0      5      0      3      0      0      3      0      0      0      1      0      0      1      1      1      0      2      0      2      0      0      0      3      1      0      8      1      0      2      2      4      3      3      2      2      1      3      0      0      0      3      4      2      3      0      2      0      0      0      1      2      0      0      0      1      3      4      1      4      0      0      2      3      2      0      0      0      0      1      4      0      0      0      1      1      0      0      3      2      6      1      0      7      1      0      0      0
40309  39023  000002 000117 5.000e-01      1      1      4      0      4      4      1      1      0      0      3      0      1      1      1      0      0      0      0      2      1      0      1      0      1      1      0      2      4      1      0      0      1      2      3      0      4      0      7      1      3      0      0      0      0      1      0      0      3      2      1      0      1      1      1      0      0      0      2      1      2      0      1      1      0      1      0      1      0      0      0      0      3      2      0      1      0      0      4      4      2      2      1      1      1      0      6      1      0      1      2      1      0      1      0      0      1      2      3      3
40386  0      000001 000066 5.000e-01      1      0      3      0      0      0      0      1      0      0      1      0      0      1      0      0      1      0      1      0      0      1      1      1      0      1      1      0      0      1      0      0      1      0      1      0      0      1      1      3      1      2      0      1      0      0      2      1      1      0      1      0      0      0      0      0      1      0      0      2      1      1      0      2      1      0      2      0      1      1      0      0      0      0      0      0      1      0      1      1      0      2      0      2      0      1      0      4      2      1      1      0      3      1      0      0      0      1      2      0
40387  40386  000001 000069 5.000e-01      1      0      1      0      0      0      0      1      0      1      4      1      0      3      0      0      1      0      1      3      0      1      0      0      1      0      0      0      1      1      2      1      1      0      0      0      0      1      0      0      0      1      0      0      0      1      1      1      0      1      0      0      0      4      2      1      2      1      0      0      0      1      0      0      2      1      0      0      1      0      0      0      0      1      0      2      0      2      1      0      2      1      0      1      0      0      4      1      0      0      0      0      1      1      0      2      0      0      2      2
