SCORE -1.39012401692644e+05
ITER 3000
ETA        1.50000000000000e+00 1.50000000000000e+00 1.50000000000000e+00
GAMMA      5.00000000000000e-01 5.00000000000000e-01
GEM_MEAN 5.00000000000000e-01
GEM_SCALE 1.00000000000000e+02
SCALING_SHAPE 1.00000000000000e+00
SCALING_SCALE 5.00000000000000e-01
ID     PARENT NDOCS  NWORDS  SCALE     WD_CNT
0      -1     000100 012679 5.000e-01    118     84    248    108     42      5     67     32    153     29    132    138    186     78    172     60     52    168     39    146    186    201     90    241     66     89     41    113     20    161    211    123    151      5    198    125    269    176     26     59     41    101     25     51    112    132    448     73    274     97    178     71    186    127     29     23      4     70     92    182    162    128    283     24    277     95    172    139     25    194    160    260     57     33    242    376    211    111     47    193    119    164     60    208     91    195     50    243    454     20      6     55     81    222     52    119    199     30     54    144
29     0      000020 001215 5.000e-01     24     20      3     16     19     21     19     13      0      6      9     24     10      6      4      2      4      7     11     21     10     54     64      9     31     10     27     16      6      8      6      4      5      8     26      6      1      2     19     12      9     14      9      1     20     11      5     37      9      8      1      6      1     13     12     12      6     10      9      5     18      1     15     11     11     13      0      6      4     17     14     13      6     21     18      1     15     12     23      9      5      1     13     28      9     20     37      2     18      3     30      1      8      7     11      0      1     22      9      1
1714   29     000020 001260 5.000e-01     22      4      5     26     21      8     10     16      2      3      4     20     43      2     11      6     29     19     22     21     29     48     27     12     10     20      8     41     20      5     12      8      1     15      5      8      2      7      8      5     15     13      5      2      5     36     12     15      4     25      9      7     10      3     21     28     28      5      3      5      6      5      7     12     14     43     20     10      3      4      5      8      3     31     10      1      0     19     30      6      6     12     14     10     12     15     10      3     13     11     11     18      3      2      7      4      0     13     18      5
5      0      000003 000160 5.000e-01      3      2      3      1      0      2      5      0      3      1      0      3      4      8      2      3      0      4      0      3      0      1      0      4      5      0      4      0      0      0      1      0      1      3      0      6      0      0      0      2      3      2      4      2      0      2      0      0      2      0      7      0      2      0      1      0      0      1     10      2      3      1      1      0      0      2      0      1      1      0      1      0      3      1      1      0      1      5      0      7      2      0      0      4      1      1      0      0      0      1      0      0      3      0      0      3      3      0      2      0
17645  5      000003 000205 5.000e-01      1      0      2      0      0      0      2      1      4      0      1      5      0      1      5      1      1      2      3      1      4      0      1      3      5      0      0      0      0      0      3      1      1      6      0      1      0      2      0      5      2      3      1      3      4      4      2      8      5      1      8      2      1      5      8      9      9      0      2      0      2      0      1      3      3      5      2      2      2      2      0      0      1      1      0      3      0      0      5      0      0      3      0      1      1      5      1      1      8      2      2      2      1      0      2      1      0      1      2      1
14     0      000046 002854 5.000e-01     45     14     38     70      6      5     56      3      0     17     17     18     52     13     27     58     16     37     18     12     23     71     12     68     39     21     40      5     11     21     30     17     23      4     26     16     14     17     16     10      1     23     47     45      4     20     12     30     33     15     60     17     36     20     56     46     46     10     33     40     33     18      7      5     11     57     14     37     68     83     47     32     20     12     20     17     19     17     20     51     23     48     32     26     23     42     17     25      4     97     33     56      7     45     15     10     54     22     72     15
4574   14     000033 002029 5.000e-01      4     36     11      6      3      9     58     23     62      3     22     17     60     10     36     31      6      9      7      3     20     36     28     23      4      3      1     13      7      8     32     16      1     36     24     31     39     12      5     12     18     24     49     25     18     16     25     41      9     12     16     25     26     25      9      2     27     20     15     52     28     20     71     32     10      2     34     14     35      5     26     16     40      9     36      3     34     40     38      4     40      2     14      4      6      5     13     26      0     11     11      2     36     14     11     43      3     12      9     49
16986  14     000003 000170 5.000e-01      5      0      1      2      3      3      0      1      5      0      3      3      2      0      0      2      0      2      3      7      2      1      1      0      2      1      0      3      2      0      1      2      0      0      0      4      1      3      2      0      3      3      2      0      1      4      0      0      1      0      1      5      0      0      3      0      3      0      2      0      2      6      0      5      1      1      2      0      0      2      2      0      2      1      4      1      3      2      3      4      2      3      2      0      9      0      0      0      0      3      3      4      1      0      2      2      2      0      0      1
17541  14     000005 000275 5.000e-01      1      1      4      7      1      0      2      5      3      0      0      1      2      7      0      3      0      5     11      2      3      5      2      7      5      2      0      2      4      0      2      0      1      4      1      1      3      3      2      0      1      1      6      0      6      0      4      3      1      3      2      3      6      6      2      4      6      0      6      3      0     12      4      0      1      1      2      0      6      0      2      0      0      0      0      0      1      7     11      1      0     13      0      5      2      3      0      2      4      0      0      2      7      2      2      1     12      4      2      1
17571  14     000004 000264 5.000e-01      2      4     13      0      7      2      0      0      7      0      0      1      3      3      0      3      6      1      0      3      6      1      2      2      6      1      1      2      4      0      3      3      0      6      0      5      1      4      8      4      4      0      2      1      1      2      6      1      1      3      2      0      1      7      0      4      2      1      2      2      6      2      4      2      0      3      2      1      3      0      2      4      0      3      0      1      1      4      0      3      4      3      2      2      8      1      3      4      4      4      3      7      3      3      0      2      5      5      3      1
17767  14     000001 000077 5.000e-01      0      3      0      0      0      0      0      1      0      1      3      1      1      0      0      0      0      1      0      0      1      0      0      1      0      0      0      2      2      0      2      1      1      0      0      0      0      2      0      0      0      0      1      0      3      0      2      5      0      1      2      0      2      1      0      1      1      0      0      1      0      0      1      2      1      1      1      0      0      0      0      0      0      0      0      1      1      0      0      2      0      1      1      1      1      0      0      1      2      0      0      1      5      4      1      1      1      2      0      2
41     0      000028 001637 5.000e-01     37     16     23      4      2      3     35      4      6     10     39     13     33     11     17     11     12     13     15     21      0     60     19      5     16      9      7     12     13      6     17     23     20     13     24      8     10     11     19      7      3      5     17     24      7     25     14     26      7      8     25     26     16     17     13     14     25      1      6     25      2      6     14      5     15     26     21     15     14     40      9     36     28     16      3     17      2     30     26     11     24     47     22     14      8      5     13     17     31     14      8     11     52      9     17     29      3      7     32     10
42     41     000026 001621 5.000e-01     13     12     12      5      7      6     19     15     29      5      9      1     14     21     14     35      5     27     11     31      9     28      6     72      2      9      1      6      5     22     37     10      7      6     14     11      2     20      0      4      6     22     48     28     17     29      5     44     15      9     16      9      6     20     13     20     22     19     10     14     11     21      7     15     18     27     11      0     69     10     47     23     25      7     25     25     16     13      2      7     10      5      4     10      4     26     13     23      5     42     11      9     12     24     15     22      8     11     22     32
14555  41     000002 000157 5.000e-01      0      1      0      0      5      9      0      1      0      0      0      5      1      4      0      4      2      0      1      2      1      0      1      1      1      1      2      3      1      0      0      1      1      3      1      2      0      0     13      2      2      1      1      4      0      5      0      1      1      3      1      0      1      2      2      2      2      0      1      3      0      2      0      3      1      1      0      1      2      0      0      0      2      1      1      1      2      0      2      3      1      0      5      0      3      0      4      0      0      0      4      3      1      0      0      9      0      3      0      1
17747  0      000002 000108 5.000e-01      0      0      1      0      2      0      2      0      5      0      1      1      0      2      1      1      0      0      0      3      2      1      2      0      3      0      0      0      1      0      1      0      1      0      0      1      2      8      1      0      0      1      0      0      1      2      0      1      1      0      1      3      1      0      4      0      1      1      3      5      0      2      0      0      1      1      1      0      1      2      1      2      0      1      0      6      0      1      1      0      0      0      0      3      0      3      2      1      1      2      2      0      0      0      2      3      0      0      0      2
17763  17747  000001 000062 5.000e-01      0      0      0      0      0      0      0      1      1      1      0      0      0      0      1      0      1      1      2      0      0      0      3      0      0      1      1      0      2      0      0      1      1      1      1      0      2      0      1      1      0      1      1      1      1      3      0      1      1      0      0      0      1      4      0      0      1      0      0      2      0      1      0      0      0      0      0      0      1      0      1      1      0      0      0      0      0      0      1      1      0      2      0      2      0      0      0      1      2      0      1      1      3      0      1      1      1      1      0      0
17764  17747  000001 000063 5.000e-01      0      2      0      0      0      1      1      0      1      1      0      0      0      1      0      1      1      1      0      0      0      0      1      3      0      1      0      0      0      0      1      0      0      0      0      4      0      1      0      0      1      0      0      2      3      0      0      0      1      1      0      1      0      1      1      0      0      1      0      0      1      0      1      0      2      1      1      0      1      1      1      1      0      2      1      0      0      0      0      1      0      2      3      0      2      0      1      1      0      1      2      0      0      0      0      1      0      2      0      1
17765  0      000001 000093 5.000e-01      0      4      1      3      0      1      2      0      0      0      3      1      2      0      2      1      1      0      0      2      1      0      3      0      0      0      1      1      0      1      1      1      1      0      2      2      0      1      0      1      3      2      0      1      0      6      0      1      2      1      0      0      1      1      1      1      2      1      1      1      0      0      0      0      0      0      0      0      1      5      0      0      0      0      0      1      1      1      0      0      0      3      0      0      0      0      1      6      0      1      1      0      1      1      3      0      2      0      0      1
17766  17765  000001 000071 5.000e-01      1      0      1      0      0      0      0      0      1      0      1      3      1      1      1      0      0      2      1      0      3      1      1      1      1      0      0      0      3      0      1      1      0      0      1      1      0      0      1      0      0      0      0      0      0      1      0      1      3      1      1      0      1      1      2      1      0      3      0      1      1      3      1      0      0      2      0      1      0      3      0      0      0      0      2      0      0      0      1      0      1      0      2      2      0      3      0      1      1      0      1      0      0      0      0      0      0      2      0      0
