SCORE -1.41316115269298e+05
ITER 0
ETA        1.50000000000000e+00 1.50000000000000e+00 1.50000000000000e+00
GAMMA      5.00000000000000e-01 5.00000000000000e-01
GEM_MEAN 5.00000000000000e-01
GEM_SCALE 1.00000000000000e+02
SCALING_SHAPE 1.00000000000000e+00
SCALING_SCALE 5.00000000000000e-01
ID     PARENT NDOCS  NWORDS  SCALE     WD_CNT
0      -1     000100 010853 5.000e-01    117     74    193     87     27     12     14     17     89     11    116    106    279     27    180     72     64    180     49    145    163    407    174    309     87     46     24    102     20     67    208     72     72     20    176    114    192     97     22     31      8     90     74     49     45    145    360    107    216     55    190     14    194     82     31     55     84     46     24    198    107     91    242     16    240    126     92     21    102     24     91    229     79     62    183    287     70     66     92    120    103    173     16    177     57    138     22    223    398    105     33     51     80    149     21     70    167     32     82     87
1      0      000014 000991 5.000e-01      8      2      5     14      5      5     22      7     11      6     10     16      0     20      0     16      4      6      9      4     14      5      2     18      8     21      6      8      7     16     20      7      3      3      1      9     13     19      1      5      6      8      9     13     25     19      5     17     22      9     17     11      9     17     15     19      2     10      7      7      2      5     17     12     23      6     26     10      3     37     33      7      7      3     11      3     10      7      3     32     11      0      5      2      8     20     14      1     10     11      3      7      2      6      2     10      5      1      7      6
2      1      000005 000310 5.000e-01      3      3      6      3      0      0      4      3      2      0      1      5      2      3      3      2      1      0      3      3      1      3      1      1      1      2      2      2      3      5      1      4      4      0      2      8      1      3      3      4      2      4      5      2      2      2      6      1      1      2      2      9      2      0      2      2      2      1      1      6      6      2      5      0      1      1      2      8      2      7      5      7      3      4      7      7      5      7      4      1      0      2      6      9      5      3      5      0      3      1      4      5      3     10      6      1      1      2      2      6
14     1      000005 000360 5.000e-01      7      6      9      3      2      0      3      4      6      2      8      2      1      7      1      3      2      6      3      5      2      1      1      0      0      1      2      7      1      6      2      5      2      0      9      5      1      3      2      4      2      5      6      1      3      1      3      4      2      0      6      4      1      1      8      4      7      0      3      3      3      0      2      0      2      2      5      8      5      9      1      4      5      2      2     11     18      6      1      0      7      3      3     10      5     11      0      4      5      0      1      1      4      6      2      4      3      2      0      5
72     1      000001 000062 5.000e-01      0      0      0      1      0      0      0      1      0      1      1      0      1      1      1      1      0      1      0      0      1      0      2      0      0      0      0      0      1      0      0      0      3      0      3      0      1      1      0      0      0      0      1      2      0      1      1      0      0      0      0      3      0      0      0      0      0      0      0      1      1      1      0      0      1      0      0      2      0      2      1      3      0      0      1      1      0      1      2      1      1      1      0      0      0      2      2      0      1      0      0      0      0      2      0      4      1      0      0      1
92     1      000001 000083 5.000e-01      0      0      3      0      0      1      0      1      0      1      1      1      0      0      1      0      0      1      0      0      5      1      0      0      1      0      0      1      0      0      1      1      1      1      1      1      1      2      0      0      1      1      1      1      0      0      3      0      0      1      0      0      1      0      0      0      0      1      4      3      0      2      3      1      0      1      0      0      3      1      1      1      0      0      0      3      3      0      5      1      0      2      0      5      0      1      0      0      0      1      0      2      0      2      1      0      0      0      0      0
108    1      000001 000072 5.000e-01      1      1      0      3      1      0      1      0      1      0      2      4      0      2      2      0      0      1      0      1      1      0      0      0      0      0      2      0      1      2      0      2      1      2      1      2      2      1      0      0      0      0      0      1      0      1      0      3      0      0      1      1      0      0      0      0      0      0      0      0      0      0      1      1      0      1      0      1      0      1      0      1      1      0      0      1      1      0      3      2      2      0      0      0      0      1      1      2      1      0      2      0      2      0      0      2      0      0      1      0
117    1      000001 000075 5.000e-01      1      2      0      2      1      0      0      1      1      1      2      2      1      0      0      1      0      0      0      0      0      0      0      2      0      0      0      0      1      0      2      0      1      0      1      1      1      1      0      0      1      0      2      2      1      0      1      3      0      1      2      0      0      1      0      0      1      3      0      1      2      1      0      0      0      1      1      1      0      0      0      0      0      0      0      0      2      0      1      1      0      2      4      1      1      0      0      1      2      2      0      0      2      1      0      0      0      2      0      3
7      0      000015 001002 5.000e-01     10      2      3      9      6      2     35     11     13      2      7      6     13      8      0     10      3      7      2     11      3      3      0      1      5     10      2      2      0     18     30      8     11     10     12      8      9     25      0      5      1     11     23     15      9      8     19     13     18      2      4     16      6     10     16      3      5     18     32      7      6      2     11      4      3     11     13     13     23     30     21     10      6      1     21     10     23     24     11     15      7     12     23     19      0      7      3      7      6      6      3     12     10      9      6     25     11      1      6     13
8      7      000003 000223 5.000e-01      2      1      7      2      0      1      3      0      1      0      4      5      3      0      4      4      2      1      2      0      2      6      1      2      5      0      4      1      2      4      1      4      4      0      2      1      5      1      3      1      1      1      1      1      3      1      3      5      0      2      1      3      2      0      0      2      1      1      1      3      0      3      6      0      6      2      2      4      6      3      4      4      1      4      4      3      3      2      3      2      1      4      0      0      1      1      1      1      2      3      1      4      2      3      4      2      1      2      2      3
11     7      000007 000501 5.000e-01      1      1     10      3      4      2      3      0     23      3      6      0      4      4      3      6      2      5      3      1      5      0      1     13      5      5      3      3      0      0      2      7      8      4     10      4     13      0      3      3      4      4      7      3      4      3      6      7      3      5     10      6      1      6      4      1      3      3      4      6     11      7     14      8      2      4      8     16      7      6      8      2      7      0      3      1      7     12      1      4      1      4      4      5      2      4      3     12      5      5      0      2      7     17      6      1      6      1     10     15
75     7      000002 000141 5.000e-01      1      0      2      4      0      0      2      2      2      2      0      0      0      2      2      1      0      0      1      0      0      2      0      2      0      0      4      0      1      0      1      1      2      0      1      4      0      2      1      1      0      1      1      0      1      2      0      1      4      2      0      2      0      1      2      0      2      3      1      0      2      4      6      0      0      0      3      1      0      7      0      2      1      0      0      4      4      1      1      2      1      1      4      1      2      1      2      0      0      1      1      2      2      3      2      1      1      2      9      1
78     7      000001 000061 5.000e-01      0      1      0      0      0      0      2      0      0      0      0      0      0      0      0      1      1      0      0      0      0      0      0      1      0      0      0      0      0      2      2      0      1      0      0      0      0      0      1      0      0      0      0      0      5      1      0      0      1      0      0      1      2      0      0      1      0      0      3      0      0      3      1      1      2      1      2      1      1      0      1      1      0      0      0      0      0      0      0      1      0      0      1      0      3      1      0      0      1      2      2      2      0      1      1      0      0      2      1      3
136    7      000002 000154 5.000e-01      3      3      6      1      0      0      2      0      5      2      2      3      1      2      2      2      0      1      1      1      0      4      0      0      2      0      0      1      1      2      1      2      2      0      3      3      1      0      2      2      0      1      1      0      2      1      0      1      1      1      5      1      2      6      1      2      1      1      1      0      4      2      0      4      1      1      4      3      5      4      1      0      1      0      1      1      2      0      3      0      3      1      2      1      2      2      2      1      0      1      3      1      0      2      2      0      1      0      1      1
19     0      000008 000553 5.000e-01     13      5      0      5      1      0      9      2     26      3      2      6      6      5     12      9      1      1      1      6      4      2      0      5      2      4      2      1      1      4      4      6      2      1      8      2      3      6      1      8      1      2      5      7      1     11      8      8      2      5      1     13      0      7      9      1      4      2     10     11      2     12     12      2     12      3      9      6      3      9     13     13      5      5     11     13      4      6      8      6     13      0      2      1      1      7      6      3      2      3      1      3     12     12      1     17      2      0     13     13
20     19     000004 000319 5.000e-01      4      2      0      1      1      1     15      1      7      0      4      7      0      4      2      2      0      1      2      1      6      2      4      0      0      1      1      0      3      1      6      4      2      4      1      1      6     12      2      5      3      1      1      1      8      0      5      6      1      1      8      3      3      9      3      5      3      1      0      4      2      2      1      2      1      0      2      3      5     10      2      9      5      0      8      0      5      5      0      3      1     10      1     11      2      7      4      3      5      0      3      0      4      3      4      4      2      1      0      7
57     19     000002 000147 5.000e-01      0      1      4      5      2      1      3      0      1      1      1      3      1      0      2      3      1      0      1      2      2      2      1      2      0      0      2      2      1      1      0      0      1      2      0      1      3      0      3      0      0      2      1      2      3      0      2      1      1      1      2      1      1      0      0      2      1      2      1      0      2      1      5      0      0      1      1      1      1      5      1      0      0      0      4      2      1      2      1      0      0      3      1      1      3      2      0      4      2      4      0      5      2      2      1      0      1      5      4      1
81     19     000001 000065 5.000e-01      1      0      3      2      0      1      0      0      0      1      0      1      2      0      0      2      0      0      1      2      1      0      0      1      1      0      0      1      1      1      0      1      1      0      0      1      0      0      1      0      0      1      0      0      1      0      2      0      2      2      0      0      1      0      0      0      0      1      0      0      3      0      2      1      1      1      0      1      0      5      1      0      0      0      2      1      0      1      1      0      0      0      2      0      0      0      0      0      0      0      1      0      4      0      0      0      0      0      1      1
205    19     000001 000089 5.000e-01      1      1      1      0      0      0      5      1      2      0      0      2      1      0      0      0      1      0      0      0      0      0      1      1      1      0      0      2      0      2      0      1      1      1      0      2      2      2      0      1      0      0      0      2      3      4      0      0      2      1      0      0      1      1      1      0      1      0      2      0      4      0      1      1      1      0      4      0      0      0      0      1      0      0      2      1      2      0      0      1      2      1      0      1      1      1      2      3      0      0      0      0      0      2      0      1      1      2      1      3
31     0      000006 000381 5.000e-01      4      2      1      5      7      1      6      9      1      2      4      7      8      1      5      1      1      2      2      1     11      6      7      2      6      2      5      4      4      3      3      4      0      4      2      1      7      2      6      1      5      4      0      1      0      1     24     10      0      2      1     14      4      4      2      2      6      2      1      7      4      4      5      2      2      4      9      5      2      7     10      2      0      0      3      2      9     10      2      1      2      7      4      2      3      2      7      1      2      2      0      3      4      1      2      4      4      7      0      1
32     31     000002 000143 5.000e-01      0      4      0      2      0      1      4      1      0      1      1      0      0      2      1      1      2      0      1      2      3      2      1      1      1      0      1      0      1      6      1      3      1      1      1      0      2      0      2      2      3      2      1      3      6      4      2      0      2      1      1      0      0      1      3      1      0      0      0      0      1      0      1      1      1      3      2      4      0      4      0      2      1      3      2      3      1      2      1      0      0      2      0      0      3      9      0      1      3      1      1      1      1      4      0      1      0      1      0      1
128    31     000002 000140 5.000e-01      1      1      7      1      0      0      4      0      1      0      3      2      2      2      0      0      4      1      0      2      0      0      1      2      2      0      0      0      0      0      3      4      1      0      1      1      1      1      0      1      1      2      1      4      5      3      1      1      0      1      1      0      4      0      1      1      0      0      2      1      1      3      0      4      2      1      2      4      2      4      6      1      3      0      2      3      1      0      4      0      0      0      0      2      0      1      2      3      0      0      0      0      1      2      0      2      3      0      0      3
210    31     000002 000143 5.000e-01      0      1      2      4      0      0      2      1      2      3      2      1      2      0      1      0      0      2      1      1      2      1      3      0      3      2      2      1      1      0      0      0      2      1      3      1      0      0      1      0      1      2      1      0      0      0      0      0      2      3      0      1      2      2      0      2      1      1      3      1      1      0      4      0      1      0      3      2      4     10      4      1      1      0      2      3      1      4      1      2      3      2      4      0      5      1      2      0      0      0      2      0      1      3      1      0      3      0      1      1
41     0      000003 000201 5.000e-01      6      3      1      4      1      0      3      0      0      0      0      2      1      2      3      0      1      4      0      0      3      1      7      0      2      1      0      1      1      4      2      2      2      1      3      1      3      2      7      0      8      2      1      0      3      3      3      1      2      0      4      5      2      3      2      1      0      1      2      1      3      2      1      3      2      1      3      5      0      0      2      1      5      2      1      1      9      1      1      0      1      2      0      3      0      7      1      0      7      1      4      0      0      1      1      2      2      2      3      3
42     41     000003 000206 5.000e-01      1      1      4      4      2      1      7      1      3      1      0      5      3      3      3      0      1      1      1      4      1      0      4      1      1      4      5      3      3      1      2      1      1      1      1      2      1      1      1      1      0      0      3      0      0      5      0      1      2      4      3      2      2      3      2      1      3      0      5      0      4      0      3      1      2      2      2      2      2      3      0      2      1      3     10      3      3      3      3      1      0      0      4      0      1      3      1      2      2      1      3      2      2      4      3      5      0      3      2      1
45     0      000005 000328 5.000e-01      8      1      1      0      2      6     12      0      6      1      4      6      1      5      1      0      1      2      3      6      3      5      2      7      2      0      2      2      1      9      1      2      4      4      6      3      0      2      6      0      2      7      5     10      0      1      2      4      2      5      2      2      4      1     10      2      8      1      6      2      1      0      4      3      1      4      0      1      1      6      7      6      8      0      0      1      6      1      3      3      4      2      7      0      0      3      3      2      5      3      1      2      0      2      2      9      5      5      2     12
46     45     000001 000085 5.000e-01      2      0      1      0      3      0      1      0      0      0      0      1      0      2      0      1      0      0      0      0      0      0      0      2      0      1      2      1      1      1      0      0      0      0      1      1      0      0      8      1      0      1      1      0      1      2      0      0      2      1      1      3      0      3      0      1      2      0      2      1      0      0      0      1      0      1      2      1      1      3      0      3      1      1      0      1      1      2      1      1      1      0      0      0      1      0      3      2      0      0      0      0      1      2      1      1      0      1      1      0
95     45     000001 000064 5.000e-01      0      0      0      2      0      1      0      2      4      0      1      0      0      1      0      2      0      0      1      2      0      0      1      0      4      0      2      1      0      0      1      0      0      1      1      1      2      0      0      1      0      1      1      0      0      1      0      0      2      0      0      1      0      0      1      0      0      0      0      0      1      0      2      0      1      1      0      1      0      1      2      0      0      1      1      1      1      0      0      2      3      1      0      0      0      0      0      0      1      0      1      0      1      0      2      0      1      0      0      1
123    45     000001 000066 5.000e-01      0      0      3      2      0      0      1      0      0      1      0      0      1      1      0      0      0      2      2      0      1      0      2      0      0      1      0      2      0      1      0      0      0      0      0      0      0      0      0      2      2      1      1      0      3      0      0      1      0      0      2      0      1      0      1      0      0      0      5      1      1      0      1      3      0      0      2      2      0      0      0      1      1      0      0      2      0      0      0      1      0      1      0      0      1      0      0      2      1      1      1      0      2      1      1      0      1      0      0      0
240    45     000002 000116 5.000e-01      0      2      0      0      1      0      2      0      0      0      2      1      1      1      1      3      2      3      1      0      0      1      2      0      1      0      0      1      0      0      0      0      1      1      3      0      2      2      0      0      0      0      0      0      2      1      1      1      2      2      0      2      1      5      0      4      1      0      0      1      1      1      4      1      1      1      6      1      0      2      0      0      0      0      1      1      3      3      1      1      1      2      1      4      0      1      1      4      1      0      0      4      2      0      0      2      1      0      5      2
49     0      000006 000445 5.000e-01      5      2      4     11      0      1      3      2      0      1      1      3     17      3      2      1      1      7      9      2      6      6      3      0      1      5      1      0      2      6      2      8      8      6      4      4      5      9      3      4      6      3      2      1      3      9      4      4      1     10      2      1      3      1      6      2      1      2      5      6      7     11      0      1      1      4      6     14      5     18      2      3      0      5      4      8     19      8      6      2      4      5      1      4      1     10      8      6      1      1      1      8     10      1      8      3      4      4      5      6
50     49     000002 000142 5.000e-01      1      2      1      0      0      0      3      1      0      0      3      2      0      2      1      1      0      3      1      6      3      2      1      1      1      1      1      0      1      2      4      0      4      0      1      1      0      0      2      0      1      2      0      2      0      2      0      5      1      0      1      0      1      1      0      0      0      0      4      1      0      1      2      1      1      5      2      0      1      6      6      3      1      0      0      3      0      2      0      0      0      4      0      2      2      0      1      1      4      0      1      3      4      3      1      3      4      0      0      2
84     49     000002 000128 5.000e-01      0      1      1      1      1      0      4      0      4      0      0      1      0      2      0      0      1      0      3      3      0      0      1      3      0      2      3      0      3      0      0      1      0      0      0      1      3      1      1      2      0      1      2      1      4      2      5      1      1      1      0      1      3      3      2      1      0      1      1      0      2      0      0      0      2      8      0      0      0      0      0      1      1      2      2      4      2      1      1      8      2      0      1      3      1      4      1      1      1      0      0      1      0      2      0      0      1      2      0      1
105    49     000001 000072 5.000e-01      1      0      0      1      0      0      1      1      2      0      2      0      1      0      1      2      0      0      0      0      0      2      0      0      0      1      0      1      0      2      2      3      1      0      0      0      2      1      1      0      0      0      1      0      0      0      0      2      0      1      0      1      1      0      0      0      0      4      0      0      1      0      0      0      0      2      0      0      1      4      2      0      3      0      0      1      1      1      0      1      1      0      0      1      0      1      1      0      0      2      0      0      1      0      2      2      1      0      3      2
257    49     000001 000079 5.000e-01      1      0      0      0      2      0      0      0      2      1      2      3      0      1      2      1      2      0      1      0      0      1      0      2      2      3      1      1      0      2      1      0      0      0      0      0      0      1      2      0      0      0      1      0      2      1      0      1      3      1      0      0      0      0      1      1      0      2      0      0      0      0      0      0      0      1      1      1      2      1      0      0      1      0      1      1      0      0      3      2      0      0      0      1      0      1      0      1      0      2      1      3      0      0      2      3      2      0      1      1
53     0      000006 000426 5.000e-01     11     11      7      8      3      0     14     13      7      6      6      1      6      4      5      2      1      3      6      7      5      2      2      6      1      4      2      3      4      1      1      2      3      1      4      2      3      6      2      1      4      1      4      3      4      9      7      1      7      7      1      1      2      4      2      2      2      0      1      0      7      8     12      1      1      2      1      6      6     12      9      9      5      1      5     10      4      7      0     13      3      8      8      3      2      3      5      3      7      3      1      1      3      6      1      0      3      2      3      4
54     53     000001 000054 5.000e-01      1      0      1      0      0      0      0      0      0      0      0      0      1      1      0      1      1      1      0      0      0      0      0      0      0      0      0      1      0      0      1      0      0      0      1      0      0      1      0      0      2      3      0      2      2      1      0      0      0      0      2      0      0      2      0      0      0      0      0      0      0      0      1      1      1      1      0      3      2      0      1      3      0      0      0      1      1      0      0      0      0      1      0      0      0      1      0      3      2      0      0      0      2      1      1      1      1      0      0      1
133    53     000002 000151 5.000e-01      2      1      0      0      0      0      2      0      1      1      0      0      0      1      5      4      1      2      2      2      2      2      0      3      2      0      0      0      0      2      0      4      1      4      1      1      3      0      0      1      1      2      0      0      2      5      3      3      1      1      3      4      1      1      0      1      0      0      0      2      5      1      1      1      4      1      5      0      1      3      1      0      0      0      1      3      1      1      1      3      0      4      1      1      0      1      2      3      1      4      1      1      2      2      2      3      3      1      1      5
166    53     000003 000253 5.000e-01      2      5      1      0      1      0      3      0      1      1      6      1      1      1      3      2      1      7      1      1      0      0      3      2      2      3      2      5      2      6      0     10      4      2      1      4      1      4      1      2      0      2      9      4      0      2      1      1      0      1      1      4      5      1      1      0      4      2      2      3      4      0      1      1      0      2      7      4      4      5      5      5      5      1      1      1      2      5      2      0      2      3      2      1      4      6      4      3      4      3      4      2      6      1      7      8      1      0      2      0
62     0      000004 000258 5.000e-01      5      6      1      8      1      0      1      0      1      1      1      0      4      5      0      1      1      0      0      0      3     11      3      2      1      1      3      2      7      1      5      1      2      1      1      0      6      1      4      2      3      0      2      3      0      3      3      3      5      1      2      2      0      2      4      0      9      1      3      2      0      1      0      0      1     10      2      3      0      2      3      1      1      5      1      4      3      3      1      8      0      5      5      4      6      2      4      9      7      3      5      1      2      0      1      1      3      7      2      1
63     62     000002 000144 5.000e-01      2      1      3      0      2      0      1      0      5      0      2      0      1      1      4      4      2      1      0      3      2      1      0      0      2      5      1      1      0      2      4      0      2      1      0      1      1      5      1      1      1      1      1      2      3      0      2      0      1      2      1      1      1      5      1      0      0      0      1      2      0      5      4      2      1      0      0      1      0      1      2      0      0      1      0      3      4      0      0      4      4      0      3      0      1      2      2      0      2      2      0      3      0      1      0      1      2      0      3      3
87     62     000002 000176 5.000e-01      3      2      4      1      6      1      0      2      0      0      1      3      3      2      4      1      2      0      2      3      0      0      0      0      2      1      5     13      1      2      2      1     10      1      1      0      6      0      1      2      0      1      0      3      1      2      0      3      1      2      2      1      1      2      2      2      1      1      1      2      8      3      2      0      2      1      1      0      0      1      6      0      0      4      0      3      1      3      0      2      0      0      5      1      0      0      4      0      3      0      0      0      0      3      1      1      3      2      0      0
68     0      000005 000354 5.000e-01      2      4     11      2      0      1     10      4      2      6      5      0      3      2      2     11      5      2      1      4      2      0      2      2      3      1      2      2      1      8      7      1      3      3      3      0      1      2      2      1      0      3      4      9      2      2      7      6     10      1      1      6      0      0      2      2      5      3      1      5      6      5      4      2      5      2      2     10      6     12      7      7      2      2      0      1      8      5      3      2      9      2      3      2      5      7      0      8      1      5      2      3      3      3      0      1      2      0      7      8
69     68     000002 000118 5.000e-01      1      1      2      0      0      1      5      2      0      0      3      0      0      0      1      0      0      4      1      2      0      1      0      4      1      0      0      3      0      0      1      2      1      3      0      4      1      1      0      0      1      1      0      2      0      3      1      0      0      2      0      1      3      2      1      3      0      0      1      1      1      0      1      1      1      3      0      0      0      3      2      0      1      1      2      3      2      3      2      0      0      0      1      1      1      0      1      4      3      0      1      2      3      1      0      2      0      1      2      2
102    68     000002 000123 5.000e-01      3      1      1      0      0      0      1      0      2      0      2      0      1      1      1      2      0      1      0      1      1      0      2      3      0      2      1      0      0      1      1      1      3      0      0      1      0      2      0      0      1      0      4      1      0      2      0      2      2      1      4      0      0      2      1      2      1      1      0      0      4      1      0      3      1      4      2      3      0      3      0      4      2      1      0      1      1      1      2      0      2      1      2      1      1      0      1      1      1      0      0      2      5      5      0      3      1      2      3      0
157    68     000001 000075 5.000e-01      1      1      2      2      0      0      2      0      3      0      0      0      1      1      0      1      0      0      0      1      1      0      0      0      1      0      0      0      0      1      0      0      0      0      2      1      1      1      0      0      2      0      1      0      2      1      2      0      1      0      1      0      0      0      0      1      0      0      0      1      0      0      1      0      2      0      1      2      1      1      0      1      0      0      1      5      0      1      2      1      0      2      4      4      0      1      1      0      1      1      1      0      0      0      0      0      3      2      1      0
113    0      000003 000198 5.000e-01      2      2      2      3      2      2      1      1      1      0      0      2      4      1      0      1      3      2      0      6      4      2      1      2      5      3      4      4      1      3      1      3      2      1      2      0      0      2      2      2      2      4      4      0      0      0      2      2      0      2      7      2      0      2      0      0      2      1      3      6      1      3      5      0      1      0      2      3      4      7      4      1      0      1      5      0      0      2      0      5      6      1      3      1      2      1      0      2      1      2      3      4      0      1      2      3      2      2      0      0
114    113    000001 000086 5.000e-01      1      0      0      0      2      3      0      1      0      0      0      1      1      0      0      1      0      2      2      1      4      1      4      0      2      0      1      1      1      0      0      2      1      2      1      2      2      0      0      1      0      0      1      0      3      1      2      0      1      0      0      0      0      2      2      0      0      1      1      0      0      3      1      2      0      0      0      1      0      2      0      0      1      2      3      1      0      0      2      1      0      0      0      1      2      0      2      1      1      1      1      0      0      3      0      0      0      0      0      1
120    113    000002 000155 5.000e-01      0      6      5      1      2      1      4      0      2      2      2      1      4      4      0      2      0      0      0      3      1      1      0      0      0      0      0      1      0      0      1      2      1      0      2      0      1      1      2      2      0      2      1      1      3      3      1      4      7      2      2      1      3      0      1      0      1      3      0      2      6      1      4      0      0      1      0      1      3      2      0      2      1      1      5      1      6      3      0      1      0      0      0      1      1      4      1      2      0      4      0      1      0      1      3      3      0      0      0      5
141    0      000002 000152 5.000e-01      3      2      3      3      4      2      2      0      1      2      0      0      2      1      1      1      2      1      3      1      1      3      3      1      0      4      0      0      0      4      1      3      1      1      0      0      9      1      0      0      0      0      0      0      0      3      1      2      5      1      0      0      3      1      0      0      1      0      2      3      1      2      0      1      4      1      0      0      1      0      2      0      0      4      5      2      1      2      2      1      2      3      1      5      0      1      4      2      5      0      4      0      0      0      2      1      1      0      3      1
142    141    000002 000140 5.000e-01      5      0      1      1      1      4      1      3      2      0      0      1      2      1      2      0      0      1      4      2      1      1      0      1      1      1      3      1      2      1      2      1      0      0      2      0      0      3      2      0      2      2      1      0      4      0      1      4      1      1      1      1      0      1      5      5      0      1      0      0      4      0      2      0      1      2      5      1      0      9      1      0      1      0      2      0      0      1      2      3      1      0      3      3      2      1      0      0      2      0      1      0      2      1      2      2      0      0      2      1
147    0      000004 000272 5.000e-01      2      3      2      3      3      3      5      3      5      0      0      6      4      5      2      3      2      4      3      3      1      2      2      5      5      2      7      7      2      0      0      1      0      4      0      3      1      1      1      6      2      1      0      2      1      3      3      7      3      4      3      4      3      5      4      5      0      2      3      1      3      0      1      7      2      1      1      9      1      1      6      0      1      2      3      3      4      3      9      3      1      1      2      0      1      2      1      0      4      2      3      2      2      4      5      7      1      2      2      3
148    147    000002 000153 5.000e-01      1      3      4      1      1      2      2      0      1      0      1      1      0      1      1      0      0      2      0      1      1      3      0      1      1      1      1      3      0      1      1      1      5      0      1      1      3      0      0      5      0      5      1      3      0      1      0      3      2      3      2      1      0      3      0      4      1      1      3      0      1      0      1      2      1      2      1      0      0      2      6      0      2      2      4      2      3      1      1      3      0      3      1      1      0      5      7      1      1      2      2      0      2      1      1      1      1      2      3      1
193    147    000001 000092 5.000e-01      1      0      0      1      0      0      2      0      2      0      0      3      1      0      2      2      0      0      1      0      0      0      1      1      3      0      1      1      0      1      0      1      2      1      1      2      0      2      0      1      1      1      1      2      0      0      3      1      2      0      3      0      1      1      3      1      1      0      4      0      1      0      1      0      2      2      0      0      1      3      1      1      0      2      0      1      2      1      0      4      1      2      0      1      2      0      0      1      1      0      0      0      0      1      0      1      1      0      0      1
264    147    000001 000038 5.000e-01      0      1      0      1      0      0      0      1      0      0      0      0      0      0      0      0      0      0      0      1      1      2      0      2      1      0      0      1      0      0      1      0      0      0      0      0      0      2      0      0      2      0      0      0      0      1      0      1      2      3      0      0      0      0      0      1      0      0      1      0      0      0      0      0      0      3      0      0      0      1      0      0      0      0      0      0      1      1      0      0      0      2      1      1      0      1      0      0      0      0      0      0      0      1      0      0      0      0      0      1
160    0      000004 000257 5.000e-01      0      8      3      3      1      2      0      4      3      3      1      1      2      0      4      2      1      2      2      1      6      0      1     12      1      0      1      1      2      1      2      6      1      3      3      5      0      7      1      2      0      1      4      3      1      1      4      0      1      0      3      2      3      2      3      7      0      0      1     10      4      3      3      1      1      3      4      2      0     12     12      2      1      1      2      2      6      7      0      0      2      3      1      0      2      3      5      5      1      2      0      1      5      4      1      6      2      2      0      2
161    160    000002 000143 5.000e-01      2      0      4      0      0      2      7      1      2      1      1      2      0      2      1      2      1      0      1      1      0      0      0      1      0      1      2      2      1      1      3      0      2      1      4      1      0      3      2      1      1      2      0      2      1      0      3      3      0      2      1      0      1      4      2      0      0      1      5      0      3      3      3      0      3      2      4      9      0      5      1      1      0      0      1      0      1      0      1      1      5      0      1      1      0      0      1      0      0      0      0      3      1      3      1      2      1      0      2      1
169    160    000001 000088 5.000e-01      1      0      2      0      0      0      3      0      1      0      1      2      1      3      1      0      0      0      0      1      1      0      0      2      1      0      1      1      0      0      4      0      1      2      2      0      0      0      0      0      4      0      0      1      3      0      0      2      3      1      2      1      1      1      1      0      0      0      2      0      3      1      1      2      0      0      0      1      0      0      0      0      4      0      2      1      1      2      2      4      0      0      0      0      0      2      1      1      2      0      1      0      1      0      1      1      1      0      0      0
237    160    000001 000098 5.000e-01      1      0      3      0      2      0      0      0      0      0      0      0      1      0      2      0      0      3      0      0      0      0      0      1      1      1      0      0      0      0      0      3      1      1      4      1      2      1      0      0      2      1      0      2      1      1      5      1      3      2      1      0      1      2      0      0      2      1      1      0      0      3      0      1      0      2      2      1      0      4      1      1      0      0      3      1      2      0      0      0      0      1      0      3      0      0      0      0      0      1      1      2      1      0      0      2      4      3      4      1
172    0      000002 000126 5.000e-01      1      3      5      5      2      0      1      1      0      1      0      1      1      0      4      2      0      1      0      0      0      1      0      3      0      0      0      1      0      0      3      3      0      0      1      1      0      2      1      0      1      0      1      1      4      1      0      0      1      2      2      0      0      2      0      2      0      0      1      7      0      2      1      2      1      0      5      2      0      4      2      0      0      0      0      0      4      3      1      1      1      1      2      3      1      2      2      0      0      2      0      0      2      3      3      0      1      3      1      2
173    172    000001 000079 5.000e-01      2      0      0      3      0      0      3      1      1      1      0      2      0      2      1      0      0      2      0      0      0      0      0      0      1      0      2      0      0      1      0      0      0      0      1      0      2      2      2      0      0      0      1      0      0      1      3      0      0      0      0      1      0      3      0      1      2      1      4      1      1      0      0      0      3      0      0      1      2      1      0      2      1      0      3      1      1      1      0      2      0      0      1      0      3      2      0      1      0      0      1      0      0      0      0      1      1      1      0      2
196    172    000001 000066 5.000e-01      0      0      0      1      0      1      5      0      2      0      0      1      0      0      0      3      0      0      0      0      0      0      0      0      0      4      0      1      0      0      0      1      0      0      1      0      0      0      0      0      0      0      1      1      3      0      2      1      1      3      1      1      1      3      0      0      1      0      0      1      0      0      0      0      0      0      1      0      2      1      1      0      0      0      0      1      1      0      0      2      0      3      0      1      0      0      1      1      1      1      2      2      1      0      2      1      0      0      0      1
176    0      000005 000358 5.000e-01      4      2      1      2      2      0      2      3      0      1      4      4      6      6      0      1      3      3      5      7      5      3      2      4      3      2      2      2      0     13      4      1      8      0     10      0      5      2      3      0      5      0      5      6      7      3      3     14      1      3      1      3      1     12      2      1      4      0      4      4      4     11      1      5      0      4      3      4      2      3      1     10      5      1      3      4      2      3      3      4      2      2      9      1      4      5      5      6     11      3      2      2      3      4      0      4      3      2     10      3
177    176    000003 000243 5.000e-01      4      3      2      1      1      1      4      0      9      0      2      2      0      0      2      6      3      4      0      2      3      2      0      6      0      4      1      0      1      0      2      1      2      0      2      2      0      4      0      0      3      5      5      4      1      1      0      1      0      1      3      3      4      1      1      0      1      4      1      6      5      2      0      0      5      3      5      0      1      9      2      6      1      1      4      3      6      9      1      3      5      1      1      5      4      3      0      0      1      1      0      0      3      8      5      8      5      1      1      4
180    176    000002 000151 5.000e-01      3      2      3      3      3      1      2      0      2      0      1      1      1      1      1      7      0      0      1      1      0      0      0      4      0      4      1      0      3      1      0      1      1      2      1      0      0      1      2      0      1      0      0      2      0      0      0      0      0      3      1      3      1      2      3      1      2      1      2      3      1      0      2      1      2      5      2      1      2      1      2      3      1      0      0      0      3      1      1      4      3      2      2      1      2      0      1      0      0      2      4      5      2      2      2      5      4      2      0      1
201    0      000001 000074 5.000e-01      0      1      0      0      0      0      2      0      1      0      1      0      0      0      0      0      0      1      0      0      1      1      2      0      0      2      1      2      1      0      0      0      1      2      2      0      3      0      1      0      1      1      1      2      0      0      1      1      1      0      2      3      0      0      1      0      0      1      0      4      1      0      0      0      0      2      1      2      0      0      3      0      0      1      1      2      0      4      0      0      2      0      1      1      0      1      0      0      2      0      1      0      0      2      2      0      0      0      0      1
202    201    000001 000086 5.000e-01      0      3      0      0      0      0      3      0      1      0      0      0      0      1      1      0      1      3      0      0      1      0      0      0      2      0      0      0      1      2      0      1      1      1      1      6      0      0      0      1      0      1      2      0      2      1      0      1      0      1      0      1      0      1      0      0      3      0      0      0      1      2      5      0      0      4      0      2      0      3      0      4      3      0      0      1      1      1      1      0      2      0      0      0      2      1      1      0      1      0      2      1      0      0      1      0      1      3      0      0
213    0      000002 000105 5.000e-01      2      0      1      1      1      4      0      0      0      0      0      1      0      0      0      5      0      0      0      0      2      0      0      1      3      0      2      0      2      2      3      0      1      0      0      0      3      2      2      0      0      0      1      0      0      0      0      4      0      0      1      2      2      1      0      1      0      0      1      0      1      0      0      0      0      1      1      3      1      3      2      3      0      1      1      0      0      2      1      1      1      3      2      0      4      4      1      0      1      4      1      1      0      0      1      1      4      3      2      0
214    213    000002 000146 5.000e-01      1      0      2      0      4      1      4      1      3      1      0      2      2      3      0      1      1      1      1      1      0      0      1      0      1      0      0      2      0      0      1      3      0      0      1      1      0      3      0      4      3      6      0      1      0      0      1      0      0      0      1      1      0      0      4      1      0      0      3      0      5      0      1      1      2      2      6      2      7      5      4      1      0      0      2      0      4      2      0      1      1      0      1      1      5      0      0      0      2      0      1      3      3      7      0      1      3      1      5      0
229    0      000001 000075 5.000e-01      1      0      0      3      1      1      0      0      0      0      0      2      1      0      0      0      0      2      0      2      2      0      3      0      0      2      0      2      0      1      0      0      1      2      1      0      0      1      1      0      0      2      1      0      1      0      1      0      1      0      0      1      0      3      0      1      1      1      0      0      0      0      0      1      1      1      0      1      0      2      1      0      0      2      0      1      1      0      0      0      1      2      2      0      4      1      3      0      1      0      2      0      0      1      3      0      1      1      0      0
230    229    000001 000082 5.000e-01      0      0      1      1      1      3      4      1      0      0      2      0      3      0      2      1      1      0      1      2      0      0      0      1      1      1      0      0      2      1      1      0      1      0      0      0      1      0      1      0      0      0      0      0      2      1      2      1      0      2      3      0      0      1      0      1      0      2      0      1      0      0      0      3      1      1      2      0      0      2      1      1      0      0      2      0      0      0      1      1      0      0      1      0      1      2      3      0      0      3      1      2      0      1      0      0      0      3      1      0
243    0      000002 000157 5.000e-01      0      0      2      5      2      1      1      1      3      0      0      3      0      0      2      1      3      2      1      3      0      2      4      2      1      2      1      2      0      0      3      0      1      3      2      0      4      2      0      1      2      0      0      0      2      2      2      3      3      3      0      2      1      5      1      2      0      0      6      1      2      2      1      1      2      5      2      0      0      2      2      4      0      1      1      1      4      5      0      2      0      1      3      0      0      2      2      3      2      0      0      0      0      1      3      0      0      5      1      2
244    243    000001 000071 5.000e-01      0      0      1      0      0      0      0      2      0      0      4      0      0      2      0      1      0      1      0      1      0      0      0      0      1      1      2      0      1      2      1      0      1      0      2      1      1      0      0      0      0      5      0      0      1      0      0      1      0      5      0      0      1      1      0      3      0      4      1      0      2      1      0      1      0      1      0      0      1      0      0      1      0      0      0      1      0      0      0      3      3      0      1      1      2      0      0      1      1      0      0      0      2      0      0      0      0      1      1      0
267    243    000001 000055 5.000e-01      1      1      0      0      0      0      1      0      0      1      1      1      1      1      0      0      1      1      0      1      1      0      1      0      0      2      1      0      1      0      0      1      1      0      1      1      0      2      0      1      1      0      0      0      1      1      0      1      0      0      3      0      0      0      1      0      0      0      2      0      2      0      1      1      0      1      0      2      0      0      1      1      0      1      1      0      0      0      0      1      0      1      0      0      1      0      0      1      1      0      2      1      1      0      0      0      0      1      0      0
249    0      000001 000084 5.000e-01      0      1      1      1      0      1      0      0      0      0      2      4      0      1      3      0      0      1      0      0      2      0      3      0      0      1      1      2      0      0      0      1      1      0      1      0      1      2      0      1      0      1      0      1      0      6      0      0      3      2      0      0      0      1      0      1      1      3      0      3      0      1      0      0      1      1      0      0      0      7      0      2      0      0      3      0      1      0      0      0      1      0      1      1      1      1      0      0      1      1      1      0      0      2      3      0      0      2      0      0
250    249    000001 000074 5.000e-01      1      2      1      0      0      0      2      0      1      0      3      0      2      0      0      1      1      0      2      0      2      0      0      1      2      0      1      0      3      1      1      0      2      0      0      2      0      0      0      0      3      0      0      0      0      0      1      2      1      1      0      0      2      3      3      0      0      0      1      0      2      2      0      0      0      1      0      1      0      1      1      0      0      0      2      3      3      0      0      0      0      2      1      1      0      1      1      1      0      0      1      0      0      1      0      0      0      0      0      1
253    0      000001 000088 5.000e-01      0      1      2      1      1      0      1      0      1      0      0      2      1      0      0      1      0      1      0      1      1      1      0      0      1      0      1      1      0      3      0      0      1      0      1      4      3      3      1      1      2      1      1      2      1      2      1      0      0      1      1      1      2      1      1      0      1      0      2      0      1      1      0      0      1      0      1      0      0      2      0      0      1      0      2      0      1      0      2      0      0      2      2      1      1      3      1      1      0      1      1      3      1      2      0      1      0      0      0      1
254    253    000001 000076 5.000e-01      1      1      4      1      0      0      1      2      1      2      0      1      1      1      0      1      1      0      0      1      0      1      0      0      0      0      2      0      0      1      1      1      0      0      1      1      0      0      1      0      0      1      2      1      0      0      1      0      2      0      1      0      0      0      2      0      0      0      1      0      0      1      0      1      0      4      0      3      1      2      0      0      0      2      3      0      4      1      0      2      2      0      1      1      2      1      0      2      1      0      2      0      0      0      0      0      0      0      0      1
