SCORE -1.39284194144938e+05
ITER 6000
ETA        1.50000000000000e+00 1.50000000000000e+00 1.50000000000000e+00
GAMMA      5.00000000000000e-01 5.00000000000000e-01
GEM_MEAN 5.00000000000000e-01
GEM_SCALE 1.00000000000000e+02
SCALING_SHAPE 1.00000000000000e+00
SCALING_SCALE 5.00000000000000e-01
ID     PARENT NDOCS  NWORDS  SCALE     WD_CNT
0      -1     000100 012306 5.000e-01    188     70    216    162     47      6    102     31     65      3    138    139    227     61    128     58     24    175     21    183    206    325     99    320     88     79     79    110     42    101    195     65     86     66    159    121    237    144     31     29     26     94     16     45     81    178    446    188    218    117    145     70    188    186     42     91    114     24    107     76    135     92    241     49    170    198    128    101     33    265    179    257     27     57    203    384    117    175     93    155     96    154     84    146    108    180     12    158    445     57     32     40     34    152     58     28    142     43    101     99
32696  0      000002 000119 5.000e-01      0      0      1      0      2      1      2      1      3      0      0      1      2      1      2      5      0      0      0      1      0      0      0      0      2      1      0      0      3      1      0      0      1      0      1      2      0      1      0      4      1      3      0      0      2      0      5      2      1      1      6      1      2      0      4      0      2      1      0      0      4      0      0      1      1      0      1      2      1      2      3      0      0      2      1      1      1      1      2      2      0      1      1      1      2      1      0      1      1      3      0      2      1      2      3      0      5      0      1      0
32785  32696  000002 000143 5.000e-01      0      1      0      1      0      2      2      1      3      2      2      0      1      1      2      2      1      0      2      3      2      0      0      1      2      1      1      8      0      0      1      2      0      0      1      3      3      0      0      2      3      2      1      0      2      2      0      0      2      1      2      3      1      0      4      2      2      0      0      3      0      4      0      3      2      0      2      3      3      0      0      1      0      0      0      1      2      0      0      3      4      1      0      0      9      3      1      1      1      3      1      1      0      2      2      2      2      1      2      0
7      0      000048 002986 5.000e-01      7     19      7      3      2      6      6     16     57     27     15     35     41     54     37     39     52      4     30     38     20     33     32     19      5     15      3     22      8     52     41     26     21      7     52     27     42      6      9     33     31     31     32     25     25     20      9     14     59      5     51     15     32     30     54     19     22     19     36    157     39     17      1     19    106     20     22     47     53      9     33     19     26      9     47     22     58      8     21     27     17     43     19     26     19     11     10     95     21     33     31     29     68     61     14     82     64     30     11     45
284    7      000046 002936 5.000e-01     29     39     86     16     14     16     79     22     62      9     23      8     54     14     22     54      4     53     12      8      0     55      5     59     34     14      5     12      0     19     67     42     41      8     35     21     14     59     20      8      4     40     75     51     26     28     40      7     17      8     42     35     40      0     11      8     11     38     15      5     32     56    101      5      4     12     52     22     64     32     20     32     45     12     15      7     48     39     19     44     48     40     11     71      6     49     28     33     24     46      9     30     24     42     13     31     24      8     60     35
32476  7      000002 000159 5.000e-01      4      0      1      0      5      6      2      0      0      0      1      3      2      2      1      1      2      0      3      0      0      1      0      0      0      1      2      3      4      1      1      2      0      3      2      0      1      0     16      1      1      0      0      5      3      2      0      0      2      5      2      2      0      3      3      2      3      0      3      2      0      1      0      0      1      0      1      1      0      0      0      4      3      1      1      0      1      0      5      0      1      1      3      1      0      0      7      1      0      0      2      2      2      0      0      8      0      1      2      0
19     0      000028 001805 5.000e-01     25     31     11     19      8      5     38     12     65     19     37     12     35     17     50     11     10     17      4     11     15     30      7      8      3      6      6     11      3     18     23     10     26      5     37     18     16     24      2      7     10      9     38     35     12     11      3     32     10     12     11     31     19      1     12     11      9     24      4     33      5     32      7      7     29      5     10     13      9     42     14     37     54     10     27     18     20      3     14     16     44     10      9      9      9     39     11      2     31     31      7     21     39     25      1     11     10      9     27     49
23328  19     000025 001598 5.000e-01      6     17     13     19      0      1     21     12      2      8     10     11      9      4     23     36      2     23     27      6     22      2     24     24     15     18      5      3      9      5     27     46      5      7      3     14      7     23      9      8      6      6     32     10     17     24      1     16     36      5     49      3      5     15      3     12      3      5      8     30     18      9     30     12     14      3     40     13     60      2     49     11     15      2     20      8     19     14      9     28     16     26     18     11      5      3     36     41      7     22     12     19     32     32     21     67     23      4      1     14
32768  19     000003 000194 5.000e-01      0      0      2      3      1      3      3      0      1      0      0      1      0      1      2      0      0      0      7      1      4      1      5      0      3      1      2      5      5      1      0      3      0      1      4      3      4      1      4      0      0      0      1      2      3      1      7      0      0      3      1      1      1      2      2      2      4      2      2      7      2      1      2      0      0      8      0      2      3      1      1      1      0      1      1      0     10      7      2      0      1      1      0      3      0      5      3      3      2      1      0      0      5      0      4      1      0      8      1      1
31     0      000020 001231 5.000e-01      5     16      6     12     28      7      1     15      4      3      6     32     20      3     10      1     29     18     21     18     20     23     71     15      6      1     17     36     18      1      0      6     17      6     21      5      9      0     20      5     21      3      0      7     23     14      8     10     15     15      8      8      2      2     19      6      0     18      8     20     13     11     11     14     23     25      5      3      3      8      9     16      1     23     16      6     14      3     23     12      1     15     17     13     10     17     20      5      4      7     25     16      9      9      5      6     10     28      2     14
804    31     000011 000677 5.000e-01      6      1      7      3      4     18     17      4      5      3      5      4     12      2      5      6      0      2     14      4      1     32     14      2     16     21      6      0      2     25      3      2      2      1      2      9      3      5      4     15      6     18     17      1      7      0      1     11      3      1      3      1      2      2      9      4      6      2      3      4     10      0      6      3     12      4     13     11      0      0      3      8     10     14     21      2      1      5     13      6      7      7      3     26      5      5     29      4      4      4      4      7      3      3     13      5      8      1      8      1
32389  31     000006 000353 5.000e-01      1      6      8      5      5      2      0      2      5      1      5      4      3      4      1      5      4      2      1      2      0      2      3      1     14      7      4      5      1      3      1      4      9      0      2      5      3      1      0      3      1      1      0      3      0      9      7      4      0     11      0      3      2      8      4      7      2      8      3      2     12      1     15      2      0      3      4      1      4      2      4      8      1      3      5      0     10      4      3      2      1      5      4      5      1      5      4      2      2      2      4      2      3      2      4      3      1      2      5      3
32796  31     000003 000204 5.000e-01      1      2      2      4      1      0      2      0      2      2      0      1      5      1      5      1      4      1      1      1      7      4      0      1      0      1      2      1      1      3      1      3      2      1      3      1      4      0      3      2      2      6      1      2      0      8      3      1      4      1      3      2      2      1      3      2      1      1      1      4      2      1      2      2      1      2      3      5      1      1      0      0      2      2      5      2      5      1      2      0      0      1      1      7      2      4      1      7      2      0      1      0      3      0      2      2      3      0      2      3
32808  0      000001 000082 5.000e-01      2      0      1      1      0      1      0      0      3      0      1      2      1      3      1      0      0      1      0      1      0      0      1      0      0      0      2      1      0      0      0      1      4      4      1      0      0      1      0      1      0      0      1      2      1      0      1      0      2      0      3      0      0      0      3      1      5      0      0      0      0      0      0      1      2      0      1      2      0      2      0      1      3      0      0      1      0      0      2      2      0      2      0      1      1      0      0      0      3      0      0      1      0      0      0      2      0      0      0      2
32809  32808  000001 000084 5.000e-01      1      0      0      0      1      1      3      0      1      0      0      2      1      0      3      2      0      0      1      1      0      0      0      0      5      0      0      1      0      1      0      0      1      0      0      1      2      2      0      4      0      1      0      1      0      1      2      3      0      1      1      0      1      2      1      0      0      1      4      0      3      1      1      1      1      0      0      1      1      0      3      1      0      3      0      1      0      1      2      0      0      2      0      0      0      1      0      1      0      0      0      0      0      2      1      2      1      0      1      0
32810  0      000001 000065 5.000e-01      1      0      3      0      0      0      0      0      3      0      0      0      1      0      1      0      4      0      0      0      0      0      1      1      1      0      0      1      4      0      0      0      0      0      0      2      0      1      3      0      0      0      3      0      0      0      2      0      1      2      0      0      0      1      2      0      1      0      0      0      0      1      0      0      0      0      1      0      1      2      0      0      0      0      1      1      0      1      0      3      1      0      2      0      3      0      0      3      0      3      0      1      0      0      0      1      1      0      0      0
32811  32810  000001 000058 5.000e-01      0      1      2      0      0      0      0      0      1      0      1      0      0      0      0      1      0      3      0      0      3      0      1      1      2      2      0      0      1      1      1      0      1      1      0      0      1      1      0      2      0      2      1      1      1      0      0      0      0      0      3      0      1      0      1      0      0      0      1      0      0      1      0      0      0      1      0      0      0      0      0      0      0      0      0      0      1      0      0      3      0      0      2      0      0      1      3      0      0      0      1      1      1      1      0      0      0      2      1      1
