SCORE -1.38007033957971e+05
ITER 7180
ETA        1.50000000000000e+00 1.50000000000000e+00 1.50000000000000e+00
GAMMA      5.00000000000000e-01 5.00000000000000e-01
GEM_MEAN 5.00000000000000e-01
GEM_SCALE 1.00000000000000e+02
SCALING_SHAPE 1.00000000000000e+00
SCALING_SCALE 5.00000000000000e-01
ID     PARENT NDOCS  NWORDS  SCALE     WD_CNT
0      -1     000100 012759 5.000e-01    123     25    250    166     37     10     38     55     33     12    152    173    301     15    205    112     82    134     58    174    153    293    129    376    119     81     18     94      3     90    235     93     98     59    207    153    294    107     36     36     37     67     10     41    157    196    403    142    250    127    219    100    165    140     92     57    108      5     93    185    199    117    278     43    205    219    177     58     52    192    208    320      4     23    211    332    129    175     23    194     65    206     72    115     82    204     49    169    432     39     17     63     56    221     35     51    152     30     34     85
34557  0      000007 000395 5.000e-01      8      1      0      3      3      6      9      0     24      3      3      1      2      9      0      1      2      0      1      6      9      0      3      3     10      1      6      4      5      4      4      0      3      2      1      4      1      7      1      1      2      9      3      2      3      0      4      0      4      1      0      1      1      3     10      2     10      3      4      1      2      2      5      6      3      2      2     10      4      8     10      2      3      6      2      0      7      1      5     17      5      3      3      7     13      0      0      3      5      6      1      6      2      0      4      9      6      6      3      2
37795  34557  000002 000126 5.000e-01      4      0      0      0      2      1      2      0      2      1      1      2      0      1      1      4      0      0      0      0      0      1      0      2      1      0      0      1      3      0      1      0      4      2      0      1      1      0      0      9      1      0      3      3      0      0      1      1      2      1      5      0      0      0      3      3      0      2      4      0      1      2      4      0      4      0      0      1      0      2      1      1      2      2      0      3      0      1      4      0      1      2      0      1      0      2      0      2      0      1      0      0      0      4      0      3      1      0      3      2
37902  34557  000003 000183 5.000e-01      0      0      1      1      0      2      3      4      3      0      0      1      1      0      1      4      5      1      5      3      1      0      4      2      1      1      1     11      0      2      3      4      0      1      5      3      4      0      0      4      0      2      4      1      1      2      6      0      0      1      1      2      0      2      5      4      6      0      0      1      0      0      0      1      2      1      1      0      0      4      1      1      4      1      1      0      5      0      0      1      6      0      0      2      1      6      1      0      0      6      1      1      0      0      2      1      4      2      1      6
37931  34557  000002 000111 5.000e-01      0      3      1      0      1      0      1      0      1      1      0      0      0      0      0      2      1      0      0      2      1      2      1      0      1      0      0      1      4      1      3      2      0      0      0      6      1      3      3      1      1      1      1      3      1      1      2      0      3      3      0      0      0      1      0      0      1      1      0      0      2      2      2      2      2      1      0      0      1      1      0      0      1      2      0      2      3      1      0      1      3      0      4      0      2      3      3      0      0      0      3      0      0      0      0      1      0      2      2      3
7      0      000044 002725 5.000e-01     48     16     60     15      2     12     89     10     37     19     40     32     35      7     12     56      5     38     26      9     15     38     15     16      1     15     15     39     23     29      4     27     23     10     16      8      9     16     15     20     13     41     40     62     12      3     39     51      3      9      2      8     70     41     24     29     24      7     58     56     20     43     25     20     50     10     30     63     43     43      5     15     56     13      1     41     31      6     65     12     49     41     12     58     23      0      8      2     29     50     13     26     26     30     22    100     31     10     76     13
284    7      000039 002387 5.000e-01      5     45     11      6      9      7     28      9     78      4      2      6     21     64      7      2      8     33      1     19     36     48      7     23     23      6     22      0      3     31     55     24     33     10     48     19     10     58     14      8      7     23     65     14      5     24     15      1     44      2     46     21     13     22     11      4      0     52     16     42     14     21     57      9     23      3     17     16     64     34     25      7     22     16     61     16     70     43      6     27      7     11     25     36      4     40      4    104     16     35     20     14     48     26      7      3     37     28     20     81
36183  7      000003 000258 5.000e-01      1      1      9      0      5      7      1      1      0      1      2      1      2     12      0      2      2      1      4      1      2      1      6      4      1      2      5      0      3      5      0      1      5      0      4      1      2      0     16      4      1      1      0      0      1      6      2      4      1      5      3      1      2      0      4      3      5      2      2      5      0      0      0      2      3      0      0      1      0      0      0      3      3      2      0      6      3      0      2      1      1      1      4      1      3      1     10      9      3      1      2      3      9      4      2      6      1      2      5      1
37892  7      000002 000115 5.000e-01      0      3      2      2      1      0      1      2      0      1      1      0      0      0      3      1      4      3      0      1      1      1      0      4      1      0      0      3      0      1      0      0      0      2      0      0      3      0      1      0      2      0      2      2      2      0      0      0      2      1      2      0      0      0      1      1      3      0      2      3      0      0      4      6      4      2      1      3      0      2      1      2      4      0      2      0      0      0      1      1      2      0      0      0      0      0      0      2      2      0      2      1      1      0      1      0      1      2      1      2
19     0      000029 001645 5.000e-01     17     41      7     16      8      0     14      5     12     11     19      0      8     11     43      8      0     21      7     13     43     19      4     10      0     13     17     11      2      2     32     11     10      8     18     18      5     34      5     12      9     11     14     28      1      2     28     34     41      5     15      6      2     22      1     19      6     37      2     16      8     32     24      7      4     16     30     29     23     54     34     10     18      2     34      4     25      3     39      7     30     14      6     36     15     15      7     48     13     55      6     40     14     17     17     11     35      1     25      3
23328  19     000028 001685 5.000e-01     30     29      2     11      3      4     60      9     78     14      7      4     13     26     10     27      1     26     11      7      0     21     15      5      8     13      6      4     22     36     11     34     15      2      5      0      2     25      8      7      5     17     60     21      3     19      9     24      4      8     29     20     27      3      3     13      9      2      1     20     12      0      4      3     31      1      8     15     45      8     18     18     53     20      9     15      1     19      5     23     48     15     23      3     14     17     36      6     33      8     20      1     49     19     18     52     13     12     28     54
37938  19     000001 000080 5.000e-01      1      3      2      0      3      0      0      0      0      2      0      0      0      0      0      0      0      3      0      1      4      0      0      2      0      3      1      0      0      0      0      0      0      1      0      2      1      0      0      1      2      1      0      2      0      1      5      0      0      0      1      1      2      1      0      0      0      1      1      1      0      0      1      0      0      1      2      0      1      1      3      1      0      1      1      1      4      1      0      0      0      0      0      2      0      0      0      0      0      1      1      0      0      1      0      2      1      4      1      0
31     0      000019 001241 5.000e-01     26     12     12      1     24     20     24     12      1      2      7     18      9      1      7      0      8     32     12      1     30     71     38      4     13     18     18     17      9     17      8      4      6      9      9      3      4     12      6     11      5     24     12      2      9     28     13     26      5      9      4      8      3      5     11     11      5     14      4      7      1      5      3     13     20      3      7      6      0      9      3     12     10     41     16     15      5      7     45     12     12      6     16     54     14     21     29      1      0      8     22      9     13      7     16      3      5      6     18      7
804    31     000013 000739 5.000e-01      7     21      3     19     17      2      1      5     12      6      4     11     11     18      1      0     10      3      8     30      1     10     22      0      7      3     18     30     15      0      4      7     16      1      6      7      7      2      1      9     15     13      1      5      0      3      7      1      2      8      1      4     10      6      6     13      5     11      7      0     11      3      6      6     14     21      2     20      1      1      4      0      0      8     18     10     19      2     10      4      7      4      1      1      2      6     13      5     11      0      9      0      1      1      6      7      3     19      4      6
37384  31     000004 000263 5.000e-01      2      0      4      6      1      3      5      0      0      0      3      4      9      3      1      2      5      1      7      7      0      0      9      0      6     10      1      0      2     11      0      1      0      2      2      1      1      3      9      0      5      0      1      3      6      7      0      4      1      6      2      0      2      5      3      5      0      1      0      1      3      0      3      0      0      0      6      2      1      2      1      1      5      0      0      2      4      1      1      1      0      2      5      1      4      4      4      0      1      0     10      3      3      0      6      1      2      7      4      0
37937  31     000001 000070 5.000e-01      0      0      0      1      2      0      1      3      0      0      0      0      0      0      0      0      0      0      1      2      2      0      4      1      3      1      1      0      4      2      1      2      0      1      0      2      0      0      4      0      3      2      1      0      0      0      0      0      1      1      0      0      0      0      0      3      1      0      0      1      0      0      0      0      0      1      0      2      0      0      0      0      0      1      1      0      0      0      1      0      0      1      2      0      2      1      1      0      0      2      0      0      1      0      1      0      0      2      0      0
37941  31     000001 000094 5.000e-01      4      0      1      0      0      0      0      1      0      0      1      0      1      0      0      1      2      0      2      0      1      3      3      0      1      0      3      3      0      0      0      1      2      0      1      0      0      0      1      0      1      0      1      0      2      1      1      0      1      1      0      3      0      0      2      0      1      1      1      3      0      0      1      1      0      0      0      0      0      0      2      2      2      1      3      6      0      1      2      2      0      1      0      1      1      1      0      2      1      0      0      5      0      1      2      1      0      2      0      2
37939  0      000001 000070 5.000e-01      0      2      1      0      0      1      0      0      0      0      1      1      1      1      1      0      1      3      1      0      1      0      3      0      0      1      2      1      2      0      0      0      1      0      1      1      1      2      1      0      0      1      0      0      0      2      0      0      5      0      0      0      1      2      1      0      1      1      0      0      2      1      0      0      1      0      0      0      1      6      1      1      0      0      1      0      1      0      1      0      0      2      0      2      0      0      0      2      1      0      0      0      1      0      1      0      0      0      0      0
37940  37939  000001 000054 5.000e-01      0      1      0      1      0      0      1      0      1      0      1      1      0      0      1      0      0      0      0      2      0      0      0      0      0      0      0      0      1      1      0      1      0      0      0      3      0      0      0      1      3      3      0      1      0      3      0      0      1      0      0      0      0      0      0      0      0      3      0      1      0      0      0      0      0      0      0      1      0      1      1      0      0      0      2      1      0      1      0      0      1      0      1      0      0      3      0      2      0      0      2      0      0      2      1      0      2      2      0      0
