SCORE -1.41254331134234e+05
ITER 0
ETA        1.50000000000000e+00 1.50000000000000e+00 1.50000000000000e+00
GAMMA      5.00000000000000e-01 5.00000000000000e-01
GEM_MEAN 5.00000000000000e-01
GEM_SCALE 1.00000000000000e+02
SCALING_SHAPE 1.00000000000000e+00
SCALING_SCALE 5.00000000000000e-01
ID     PARENT NDOCS  NWORDS  SCALE     WD_CNT
0      -1     000100 010839 5.000e-01    120     45    221    141     23     13    106     10    127      0     70    112    182     15    122     62     13    130     48    176    185    342    117    296     56     46     52     78     10     92    220     70     53     10    166      9    223    146     33     36     26     89     41     83     70    168    397    170    239     77    152     48    126    103     75     71     61     60     77    185    166     71    269     46    176    128    118     54     82    212    148    261     35     39    152    280    177     53    103     53    127    148     23    110     18    107     56    193    394     60     30     40    108     19     28    141    141     17     66     96
1      0      000007 000442 5.000e-01      4      7      3      2      1      1      2      5     12      7      4      2      8      3      7      7      2      2      3      6      4     14      0      2      3      0      5      3      1      2      3      4      2      3      3      4      5      2      1      0      0      2      4      4      1      7      7      3      9      3     13      0     10      0      4      2      1      1      1      7      2      2      7      1      6     12      5      4      4      9      2      7      7      2     23      1      1     13      1      8      1      3      1      7      5      4      8      2      0      7      3      3      4      6      5      6      4      2      6     20
2      1      000005 000339 5.000e-01      8      4      2      2      0      2      4      0      5      1      2      8      4      0      4      0      1      2      3      5      7      2      5     19      3      1      0      2      2      3      2      8      2      3      3      3      0      1      1      1      5      4      1      0      2      3      4      3      0      1      5      2      7      3      1      3      1      0      5      6      2      8      0      1     13      0      4      1      6      3      4      2      1      3      3      1      6      2      3     15      6      2      5      9      2      4      3     10     10      3      6      2      1      4      2      4      3      1      0      3
15     1      000001 000063 5.000e-01      3      0      0      0      0      1      3      0      4      1      1      1      0      0      1      0      0      0      0      0      0      1      0      1      0      1      0      0      1      1      0      0      1      1      0      0      0      0      0      1      0      1      3      0      0      0      2      0      1      0      2      1      1      3      0      0      0      1      1      0      0      1      1      0      0      0      0      0      3      1      2      1      3      0      0      0      0      0      0      1      1      0      1      0      0      1      1      0      1      1      0      0      4      1      0      0      0      0      0      0
84     1      000001 000073 5.000e-01      1      1      0      0      1      0      1      0      2      0      1      0      3      0      3      0      0      1      1      0      0      1      1      0      1      1      0      1      0      1      2      1      0      2      1      0      0      0      2      0      0      0      0      0      0      0      0      0      1      0      0      0      0      0      1      1      1      1      1      0      1      0      3      0      0      0      1      0      0      0      0      0      3      0      0      4      0      1      1      1      3      0      1      1      0      4      0      2      1      1      0      1      3      3      0      0      1      1      1      0
5      0      000008 000603 5.000e-01      7      3     10      5      1      4      8      9      0      4     16      3      6     11      1      2      8      7      2      8      1     15      7      5      5      8      4      4      1      8     11      6      9      2      7      7      3      9      8      2      6      2      3      1      9      7      5      3     10     13      1      1      7      6      1      4      2      3      3      5      5      2      4      5     12      6     10      5      9      2     10     15      4      1      8      9      6     12      1     19      2      8     12      6     10      5      3      2     25      0      3      1      5     18      4      4      7      6      3      5
6      5      000004 000259 5.000e-01      3      6      2      8      9      2      1      0      0      1      2      6      2      1      2      2      3      5      1      2      6      1      1      4      6      1      3     11      8      2      1      1      8      2      5      0      2      2      0      1      2      8      0      1      3      3      5      3      1      3      2      0      2      1      0      5      0      3      4      2      4      4      1      0      0      6      3      0      0      2      0      1      1      4      8      3      5      1      1      0      2      3      0     11      0      3      3      4      1      1      3      2      1      1      2      0      2      3      1      1
22     5      000002 000173 5.000e-01      2      2      5      2      1      1      0      0      5      1      1      4      9      3      2      6      2      6      0      0      0      0      0      2      2      0      0      0      1      0      3      1      0      0      3      2      1      3      0      0      1      7      2      1      4      0      0      1      1      0      1      2      5      2      1      0      2      1      1      3      3      4      1      0      2      2      5      1      1      3      0      4      2      0      4      1      0      3      0      4      1      2      1      4      2      4      0      0      2      1      1      0      0      0      3      1      3      2      0      1
122    5      000001 000079 5.000e-01      3      1      0      1      0      0      1      1      0      0      1      0      0      1      1      0      1      0      0      0      1      1      0      2      0      3      0      1      1      3      0      3      0      0      1      0      1      2      1      0      1      0      2      2      0      0      0      0      1      0      5      2      0      1      0      0      1      0      0      0      0      1      0      0      0      1      1      0      1      0      0      3      3      1      0      1      1      5      0      1      2      0      0      0      1      2      0      0      2      0      0      1      0      3      1      1      1      0      0      0
232    5      000001 000064 5.000e-01      0      1      0      3      2      0      2      0      1      0      0      0      1      1      1      1      1      1      1      0      0      3      0      0      1      0      2      1      0      0      0      0      0      0      0      1      2      0      1      0      1      0      0      0      0      0      1      0      0      0      2      1      1      3      0      0      1      1      0      0      0      1      0      0      2      0      1      0      0      0      0      0      1      0      1      3      0      0      0      1      0      0      1      1      2      0      0      1      1      0      0      1      2      1      1      0      2      1      0      2
18     0      000007 000434 5.000e-01      9      7      2      2      2      0     10      5      2      1      6      5     10      0      6      3      3     19      5      1     13      4      9      2      0      6      0      0      2     10      4      5      5      4      9      2      5      2      0      0      1      2     17      5      3      1      0      4      1      1      1      4      8      5      1      3      1      0      3      1      1      6      9      4      2      0      3      5      5      2      5      3      1      0      3     11      0      8      2     11      4     21      2      5      2      1      0      2      5      6      3      7      2     11      6      3      9      4      8     10
19     18     000004 000271 5.000e-01      0      1      8      5      0      0      4      0      5      2      4      1      1      3      4      4      0      0      1      0      0      1      2      2      6      1      0      2      1      1      5      0      0      0      2      1      0      1      1      0      3      0      5      3      6      0      5      0      8      1      0      1      4      1      1      6      1      2      6     13      2      5      4      2      5      8     13      3      5      2      0      2      2      0      5      3      6      3      3      4      0      4      3      6      0      4      1      7      2      2      2      5      1     14      1      0      1      4      0      2
31     18     000002 000149 5.000e-01      1      2      0      0      3      0      3      0      1      1      0      2      4      2      1      3      2      0      0      0      0      1      2      2      1      2      0      3      0      3      5      1      2      0      0      0      2      1      3      1      0      0      5      0      0      1      4      1      0      1      4      1      2      5      1      1      1      0      3      4      1      0      1      0      1      1      0      2      0      1      1      1      0      0      4      1      3      1      1      2      4      1      4      1      1      4      0      3      1      2      0      2      4      5      0      0      2      0      4      2
183    18     000001 000068 5.000e-01      0      0      0      0      0      0      1      2      3      1      0      2      0      0      0      1      1      2      0      0      1      0      0      1      0      2      0      0      0      0      2      1      3      0      0      1      1      3      0      0      1      0      0      1      0      2      1      1      0      0      0      1      1      0      0      0      1      0      0      0      0      2      0      1      0      2      0      1      0      0      1      1      2      1      3      0      0      0      0      0      0      0      0      2      1      0      0      1      0      1      0      0      1      3      0      2      0      0      6      0
36     0      000005 000328 5.000e-01      3      8      7      1      4      0      1      1      0      1     13      7      2      7      4      6      7      0      2      1      1      3      6      1      4      2      2      5      0      3      0      2      4      4      5      2      1      3      2      4      1      7      2      5      2      2      4      4      8      4      0      2      5      0      4      0      4      3      1      3      2      6      4      3      0      4      0      3      3      2      1      2      1      1      2      8      3      8      7     11      1      4      3      6      2     12      1     10      4      4      2      1      2      4      6      1      1      1      0      2
37     36     000003 000233 5.000e-01      0      0      1      0      1      1      3      2      0      1      3      0      5      1      3      0      2      4      2      1      3      1      2      5      3      0      2      3      5      0      1      1      4      0      7      6      5      1      0      1      4      0      0      2      1      7      0      4      4      4      1      1      0     10      3      5      4      2      3      1      2      3      0      1      5      4      1      0      1      9      2      1      1      0      3      1      9      4      0      0      1      3      0      4      0      3      3      1      0      4      3      1      4     11      1      0      2      1      6      2
209    36     000001 000068 5.000e-01      0      0      1      1      0      1      0      1      1      0      0      0      2      1      3      0      0      0      0      0      0      0      1      3      0      3      0      0      0      1      3      1      1      0      0      1      1      0      0      0      0      0      1      1      0      0      0      2      0      2      1      1      2      1      1      0      3      1      0      1      1      2      3      0      0      1      1      1      1      0      0      0      1      0      0      0      0      1      0      1      1      1      1      2      0      0      0      0      2      4      0      0      0      0      0      0      0      0      0      1
246    36     000001 000079 5.000e-01      1      0      0      0      0      0      0      0      0      0      1      2      1      1      2      0      2      0      2      0      0      0      0      1      1      0      1      1      0      2      0      2      2      1      0      2      0      1      3      2      1      0      0      0      1      1      0      0      0      1      1      0      0      0      0      0      0      0      3      0      1      2      0      0      0      1      2      1      1      1      2      0      1      1      1      0      0      1      0      3      2      3      0      3      1      0      1      0      1      0      1      2      0      1      1      2      3      0      0      1
40     0      000013 001004 5.000e-01     12     12     10      4      4      4     11      6     11      5      9      8     28     13      7     29      5     19     11      3      7      9      3     12      7      5      0      8      3     12      6      8      9     12     19     24      0      7      1      6      2      2     13      5      4      6     11      2      5      3     33      7      4      2      5      1      6      9      4     20     10      9      8     10     18     10     24     26     13      8     16     13     20      4     12      9      5     14      1     15      7      6     17     16     19      9      4     22     15     15      3      7     21     36      5      3      2      4     21     14
41     40     000006 000422 5.000e-01      3      3      9      5      1      2      3      6      5      1      8      3     11      1      9      2      2      3      0      0      5      0      3      5      2      2      3      8      3      2      3      2     13      2      4      2      3      3      1      0      3      2     10      5      1      2      7      4      5      1      5     11      7     18      3      1      4      4      4      5      5      3      3      1      0      7      0      3      6      2      5     11      4      1      7      7      0      4      6     11      4      6      2      2      2     17      1      0      7     11      1      6      0      6      3      6     12      1      3      1
142    40     000002 000141 5.000e-01      2      3      0      2      1      1      1      0      1      2      1      2      2      0      2      0      0      0      0      1      2      3      1      1      1      1      0      1      1      0      1      2      4      2      0      4      0      2      2      1      1      5      2      0      0      0      0      5      4      0      0      1      3      0      1      0      0      0      3      1      2      4      1      0      4      1      1      3      1      1      1      1      1      0      4      2      0      5      0      0      3      0      0      1      2      2      1      3      1      3      1      2      0      6      1      1      3      0      0      3
150    40     000001 000078 5.000e-01      1      3      0      0      0      0      3      0      0      0      1      0      1      1      1      0      1      0      0      0      1      0      0      2      1      1      1      1      1      0      0      0      2      0      1      7      3      0      1      0      1      1      1      0      0      1      3      2      1      0      0      0      1      1      0      1      0      2      0      2      0      1      1      0      0      3      0      1      0      3      0      1      1      0      1      1      0      3      2      0      0      0      0      1      1      1      0      0      0      0      0      0      0      1      2      0      0      2      1      0
219    40     000002 000172 5.000e-01      2      6      0      1      1      0      0      1      4      3      5      0      4      2      1      2      0      1      0      0      0      1      0      0      1      1      1      0      1      4      2      4      2      0      4      0      2      0      0      0      2      3      7      2      9      2      0      4      3      0      0      1      1      0      3      1      1      2      0      0      1      0      1      3      2      0      5      1      3      5      5      2      0      0      4      2      3      1      1      5      1      1      2      1      2      5      0      1      3      0      0      1      0      0      0      2      4      5      2      1
251    40     000001 000064 5.000e-01      2      3      0      0      0      0      2      0      1      1      1      0      1      0      6      1      1      0      0      0      0      1      0      2      1      0      0      0      0      1      4      0      1      1      1      0      0      0      1      0      1      2      0      0      1      3      0      0      0      2      0      2      0      0      0      0      0      0      1      0      2      0      2      0      0      0      1      0      1      0      2      0      0      0      3      0      0      0      0      0      0      0      0      1      0      0      1      0      0      2      1      2      0      0      0      1      1      0      0      0
256    40     000001 000052 5.000e-01      0      0      2      0      0      1      0      2      0      1      1      0      0      0      0      1      1      0      0      0      0      0      1      0      0      0      0      0      1      1      3      1      1      1      0      2      0      1      0      0      0      0      2      0      1      2      0      1      0      0      0      0      0      1      2      1      0      0      1      0      0      0      1      0      0      0      0      1      0      0      0      1      0      0      1      0      1      2      0      1      2      1      1      0      0      1      2      0      0      0      0      2      0      1      1      1      0      0      0      0
44     0      000004 000245 5.000e-01      1      3      0      1      2      0      5      1      1      2      0      3      8      0      0      6      0      0      0      3      6      0      1      5      1      2      3      1      0      0      2      2      7      2      6      0      1      1      0      1      1      3      0      0      3      2      0     11      3      1      3      2      6      2      4      2      1      5      2      3      1      1      1      0      1      5      0      8      1      7      2      0      6      2      2      0      1      3      1      3      2      3      1      2      5      5      1      4     12      1      3      2      4      6      0      2      5      5      3      3
45     44     000002 000144 5.000e-01      2      2      0      2      1      0      1      0      4      0      1      1      3      4      1      2      0      0      1      0      0      3      2      3      3      1      0      1      1      2      0      1      0      1      3      5      4      0      0      0      0      3      1      0      1      4      2      2      0      1      5      0      0      0      1      1      3      1      0      0      0      0      2      0      6      2      1      0      3      0      5      0      3      1      0      2      2      1      1      4      2      4      2      2      0      1      2      1      2      1      2      1      0      3      0      0      1      0      3      4
116    44     000001 000060 5.000e-01      2      1      0      0      0      1      1      2      0      1      0      0      1      0      1      1      0      1      1      0      0      0      0      0      1      0      0      1      0      1      0      1      0      1      0      1      1      2      0      0      0      1      0      0      0      0      1      1      2      1      0      0      1      0      0      0      1      0      0      0      1      0      1      1      1      4      1      0      2      0      0      1      0      0      0      0      2      1      0      1      0      1      2      0      0      0      0      3      0      1      1      1      0      1      0      0      0      0      3      1
119    44     000001 000089 5.000e-01      1      1      1      1      0      0      0      0      0      0      2      0      2      3      1      0      0      2      2      0      1      2      1      2      1      3      0      0      2      3      0      0      5      0      0      2      2      2      0      0      2      0      0      0      0      1      1      1      0      0      2      1      0      0      1      1      1      0      2      3      0      2      0      1      0      0      0      1      0      2      0      0      0      1      0      0      0      0      2      0      1      0      0      2      0      1      0      1      0      0      0      5      4      2      0      1      2      1      0      2
48     0      000004 000275 5.000e-01      4      1      3      2      1      0      4      0      1      0      6      2      2      5      0      0      3      7      2      2      4      9      0      0      1      3      3      2      2      4      5      2      3      2      6     13      3      0      1      1      0      3      2      4      1      2      0      1      1      1      0      6      9      8      2      5      4      0      2      4      1      2      6      0      0      1      0      2      2      1      2      2      7      1      5      2      1      9      2      2      3      5      1      8      3      3      1      4      6      2      2      3      7      2      0      1      2      4      1      5
49     48     000002 000129 5.000e-01      1      1      0      0      0      1      3      0      0      0      0      1      3      0      3      5      4      2      0      1      0      1      1      3      2      3      0      1      0      1      1      2      0      3      1      3      0      0      1      1      0      1      0      1      2      6      1      0      0      2      1      3      0      1      0      1      0      0      0      2      2      1      0      0      1      2      0      0      1      4      2      0      1      1      3      9      2      0      2      1      2      1      2      1      0      1      1      1      3      0      1      2      1      6      0      1      0      1      2      1
107    48     000001 000085 5.000e-01      3      0      1      1      0      0      0      0      1      0      1      1      6      0      2      0      0      2      2      0      0      1      0      0      1      0      0      2      0      0      0      1      2      0      2      0      0      1      2      1      0      0      2      1      0      1      0      0      0      2      0      0      2      0      2      0      2      0      1      1      0      1      0      0      0      1      3      0      2      0      2      1      3      0      0      0      3      1      0      0      0      0      2      1      0      1      1      2      0      1      0      3      0      1      1      2      1      2      2      1
170    48     000001 000046 5.000e-01      2      0      1      0      0      1      1      1      0      0      0      0      0      1      1      0      0      0      3      0      0      1      1      0      0      0      1      0      1      0      0      1      0      0      0      0      1      1      0      0      0      0      0      0      1      1      0      0      0      1      0      1      0      2      0      0      0      0      1      0      0      1      0      0      0      0      0      0      0      1      0      0      0      1      2      0      2      2      0      0      0      0      0      0      0      2      0      0      0      1      0      2      0      2      2      0      0      0      2      1
56     0      000009 000640 5.000e-01      3      9      5      5     13      3      1      1      4      4      6      3      8      7     13      1      7     11      4      8      4      6      3      1      3     15      4     18      3      6      8      4      8      3      6     25     12      4      4      5      7      5      1      3     11      3      6      5      6      3      3      9      7     11      2      4      5      1      2      6      7     13      9      2     18      9      8      7      7      6      9      4      3      6      6      9      5     16      5     13      3     16     12     10      6     12      5      5     10      0      7      1      3      5      4      1     12      3      2      3
57     56     000005 000327 5.000e-01      5      2      8      0      0      1      1      5      1      4      3      7      3      3      2      3      5      3      2      5      3      4     13      5      5      3      1     10      7      0      1      5      2      0      6      3      8      6      0      4      0      1      4      3      5      5      4      3      1      4      6      4      2      1      2      3      6      2      2      2      2      1      5      4      9      1      2      6      1      6      4      0      2      6      8      2      1      8      1      3      1      0      3      0      4      5      8      0      1      1      2      3      0      5      1      0      5      4      0      3
75     56     000002 000154 5.000e-01      0      3      5      3      2      0      1      2      0      2      3      0      2      3      1      0      0      1      0      0      0      1      0      0      1      0      1      0      1      1      4      2      1      1      4      5      1      1      1      2      0      1      1      1      3      1      1      1      1      0      1      0      1      0      0      0      0      4      1      1      1      2      0      0      5      1      3      7      4      2      5      1      2      3      4      0      2      3      2      2      0      2      5      0      1      1      0      0      1      1      2      1      1      6      3      0      1      3      1      3
180    56     000001 000071 5.000e-01      0      2      0      0      0      0      0      0      0      1      0      0      1      0      2      0      0      2      0      1      2      0      0      0      2      1      0      0      0      0      0      4      0      1      3      1      1      1      0      0      1      1      0      1      1      1      2      0      0      0      0      1      1      0      0      1      0      1      0      1      0      0      3      0      0      2      1      0      1      2      2      1      0      1      1      0      1      0      0      0      0      0      1      0      0      1      1      1      0      1      0      1      0      2      0      1      1      5      3      1
196    56     000001 000064 5.000e-01      0      0      1      0      1      0      1      0      1      1      3      1      2      0      1      0      2      0      0      0      0      1      0      0      0      0      0      0      0      0      0      2      0      0      0      1      0      0      0      1      0      1      2      3      1      0      0      0      1      0      1      1      2      0      0      1      1      0      0      0      0      1      1      2      0      1      2      0      1      1      2      2      3      0      1      1      2      1      0      0      0      2      0      0      0      0      0      0      1      0      0      0      1      0      0      2      2      0      1      1
62     0      000006 000409 5.000e-01      8      3      6      0      1      0      7      1      0      4      4      4     14      7      6     13      5      2      2      0      5      0      4      9      3      2      2      1      3      2      6      2      3      0      6      3      1      3      1      0      2      0      7      2      1      7      8      1      3      0     16      3     13      0      5      5      7      5      5      3      1      5      1      0      7      1      9      9      4      5      3      3      2      2      2      5      7      6      5      8      1      0      8     15      7      6      0      2      2      9      3      0      0      6      0      7      5      5      7      5
63     62     000002 000171 5.000e-01      0      2      5      0      0      0      4      1      6      0      0      2      1      7      1      0      2      6      0      4      0      1      0      1      3      0      1      0      1      3      1      2      2      0      1      1      4      1      1      0      3      3      5      2      0      1      0      1      4      4      3      0      2      1      0      0      0      0      0      2      1      1      3      2      4      1      0      6      2      3      2      0      1      0      7      0      1      1      1      7      0      0      2      0      0      0      0      4      0      3      0      1      0      9      1      2      2      2      6      1
70     62     000003 000171 5.000e-01      1      2      3      1      0      0      2      1      9      1      5      0      0      5      0      3      0      0      2      2      0      2      2      0      0      1      0      0      1      1      4      2      1      4      1      3      1      1      1      1      0      3      0      1      6      1      4      0      0      1      1      0      3      1      1      2      1      0      4      5      0      3      6      1      3      2      2      3      5      2      0      0      2      1      3      1      2      0      1      0      3      5      1      5      1      3      0      0      0      1      1      0      1      3      1      2      5      0      1      4
95     62     000001 000067 5.000e-01      0      0      0      1      0      0      1      0      3      0      0      2      1      0      1      0      0      0      1      0      0      3      0      0      0      0      0      1      0      1      0      0      0      0      1      0      0      1      0      1      0      1      2      0      4      0      0      0      1      1      1      1      0      2      0      0      1      1      1      0      1      2      5      0      1      1      1      1      1      0      4      3      0      0      1      0      0      0      0      1      0      0      1      0      0      1      0      0      1      1      0      0      0      4      1      0      1      0      1      0
78     0      000005 000380 5.000e-01      5      4      1      3      6      2      2      8      5      2      2      3     10      1      9      3      2      0      3      4      8      7      9      3      5      5      5      3      3      6      0      7      3      5      4      2      4      0      5      3      2      9      6      2      3      0      4      3      0      6      5      2      0      3      1      0      1      2      0      0      4      9      0      0     10      7      5      9      5      5      3      6      5      8      1     10      1      2      4      7      1      4      2     10      7      6      4      1      1      1      2      7      0      2      2      0      6      0      3      9
79     78     000001 000061 5.000e-01      0      0      1      0      2      0      0      0      0      1      2      0      1      0      0      0      0      5      0      1      2      1      0      0      0      0      0      1      0      0      1      0      2      0      0      0      0      0      0      0      0      0      0      0      0      0      0      0      0      1      1      1      1      0      0      2      0      1      0      0      0      0      0      1      0      1      0      1      0      1      0      0      2      3      2      1      0      2      0      1      1      2      0      2      0      1      2      2      0      0      0      1      1      1      3      1      0      0      1      1
102    78     000001 000068 5.000e-01      3      1      0      1      0      0      1      0      0      0      0      1      1      2      1      0      1      0      1      1      0      2      1      0      1      1      0      0      1      0      2      0      1      0      1      0      0      1      0      2      1      0      2      0      0      1      0      1      0      0      0      0      1      0      0      0      0      2      0      0      0      0      0      0      1      0      1      0      0      0      1      0      1      0      0      2      0      0      1      5      1      0      0      2      0      1      2      4      1      1      0      2      1      3      1      0      1      1      0      0
133    78     000002 000155 5.000e-01      2      4      2      1      2      3      1      5      0      0      4      7      2      0      0      1      1      0      2      1      2      8      3      0      2      0      2      2      1      1      2      2      1      2      1      5      0      2      0      0      1      0      1      1      5      3      1      0      1      0      1      1      0      3      3      1      2      0      2      3      0      0      3      1      1      0      0      0      0      3      0      1      0      2      4      2      0      1      2      3      0      3      1      1      3      6      1      0      2      2      1      0      0      5      1      0      0      2      1      0
243    78     000001 000107 5.000e-01      1      0      1      0      0      0      1      1      1      0      1      3      2      0      0      1      0      1      1      1      0      3      5      0      4      3      1      0      3      1      0      1      1      2      2      3      1      0      1      0      1      2      0      0      0      1      2      1      1      2      1      1      2      0      1      2      0      1      1      2      2      1      3      1      2      1      0      0      0      2      1      1      0      0      2      0      0      2      1      2      0      0      4      0      2      2      1      0      0      4      1      0      1      0      1      0      0      2      0      1
87     0      000005 000336 5.000e-01      4      2      1      1      0      0      4      3      2      0      6      6      1      7      3     11      4      5      1      1      3      6      4      2      3      1      0      7      4      6      5      1      2      3      1      6      3      4      0      1      7      3      3      1      4      5      4      3      6      3      2      9      8      1      3      2      5      2      1      2      2      8      1      6      3      3      5     10      3      2      5      1      0      2      2      0      0      2      2      5      3      6      0      6     13      4      1      2      0      1      2      5      0     19      2      1      4      4      3      0
88     87     000003 000212 5.000e-01      0      4      2      3      1      1      6      2      4      0      0      1      1      0      2      5      6      3      0      0      1      0      0      3      3      1      0      0      0      3      4      1      0      1      0      4      3      2      2      0      1      3      3      2      1      0      4      0      2      1      2      2     11      5      2      0      2      1      1      2      0      1      5      1      2      2      2      2      1      0      5      0      2      3      2      4      2      9      5      2      3      0      3      5      3      9      0      7      0      6      0      1      0      1      1      0      1      2      1      5
161    87     000001 000080 5.000e-01      2      0      0      2      0      0      3      0      2      1      1      0      1      1      0      0      1      0      2      2      4      1      0      1      0      1      0      1      0      0      1      2      0      0      1      4      1      0      0      4      1      3      0      0      1      0      1      0      3      0      2      0      0      1      2      0      0      0      0      0      0      0      0      0      0      0      0      1      0      0      1      0      1      0      3      1      0      1      0      4      1      0      0      1      2      3      0      1      0      3      1      0      1      1      1      0      0      0      0      0
216    87     000001 000095 5.000e-01      0      1      2      1      3      3      1      0      0      1      0      1      0      0      2      3      0      0      0      1      0      0      0      0      2      0      0      1      2      1      0      0      1      0      0      1      0      0      0      3      0      1      1      1      0      0      0      2      1      0      4      2      0      0      2      1      0      0      1      1      4      0      3      0      1      1      1      0      2      0      1      1      0      0      1      2      2      3      2      5      0      2      1      2      2      0      0      3      1      3      0      1      0      0      1      0      0      1      2      0
91     0      000003 000213 5.000e-01      8      1      1      0      0      6      2      1      2      1      3      2      5      4      0      1      2      1      1      1      1      2      8      1      4      2      0      1      2      1      1      1      1      3      2      6      0      1     16      4      3      1      5      2      2      6      0      3      3      2      2      4      1      3      2      0      2      0      0      5      1      1      4      0      2      1      3      2      0      2      1      3      4      1      2      1      2      1      1      2      2      1      0      3      0      2      1      2      1      0      0      0      1      5      3      1      1      2      2      7
92     91     000001 000071 5.000e-01      1      0      0      3      1      0      2      1      0      0      0      2      1      0      1      0      0      0      2      0      1      0      4      0      1      2      0      0      0      0      1      0      0      0      0      0      0      1      0      0      2      1      0      0      0      0      0      0      3      0      0      0      0      1      0      1      2      0      2      0      2      0      0      1      0      0      1      1      0      1      2      0      1      3      0      1      2      0      2      0      0      0      1      1      0      5      0      0      2      0      1      1      0      1      1      1      1      2      0      1
188    91     000002 000131 5.000e-01      0      1      1      1      3      3      0      0      2      0      3      2      4      5      1      1      1      1      1      1      1      0      0      1      0      0      2      1      0      0      3      1      3      1      0      2      1      0      0      0      0      1      2      3      0      1      1      2      1      0      1      1      0      3      1      1      1      0      4      1      2      1      0      2      0      2      0      0      3      0      1      0      1      1      1      7      2      2      1      2      0      3      3      0      5      1      3      2      1      0      0      0      1      3      2      5      0      2      1      0
98     0      000004 000272 5.000e-01      2      3      7      4      2      1      3      3      2      2      1      1      9     10      0      2      1      7      0      5      1      3      2      4      1      1      1      1      2      0      2      5      2      1      5      7      0      3      0      1      0      1      5      1      4      2      0      2      3      0      5      1      1      0      0      1      3      2      1      1      8      4      6      0      4      2      2      0      6      7      0      8      0      1      5      3      6      1      1      9      0      1      3      4      4      2      0     10      3      2      1      0      3      4      4      3      1      1      9      4
99     98     000004 000297 5.000e-01      1      8      2      1      1      4      2      1      2      1      3      0      1      0     10      5      4      3      4      3      0      5      4      4      0      1      2      0      1      5      6      5      7      4      5      3      5      4      2      5      1      2      5      4      1      0      3      3      0      6      3      4      1      2      0      0      5      4      2      0      2      6      5      0      0      0      2      6      3      3      8      0     10      2      4      1      1      6      0      1      2      3      0      1      5     10      1      1      1      4      1      6      2     11      5      5      1      4      4      0
127    0      000003 000214 5.000e-01      1      0      0      0      1      1      1      1      1      0      0      1      8      2      2      0      6      0      5      2      2      4      8      2      1      3      3      5      1      6      2      2      0      2      1      2      1      1      4      1      1      2      2      0      3      1      4      3      1      1      1      1      5      2      4      4      1      0      0      1      1      0      2      0      2      6      3      0      0      0      3      0      1      1      0      5      2      1      7      2      2      1      0      8      7      3      9      1      0      1      5      3      2      5      1      1      4      4      0      1
128    127    000002 000167 5.000e-01      1      1      2      5      3      3      2      0      0      0      7      6      1      0      1      2      0      5      2      4      0      0      5      1      3      6      0      1      2      5      0      1      1      1      1      1      1      2      1      0      0      1      1      2      5      2      0      2      1      1      1      0      0      3      1      3      1      3      1      0      1      0      0      3      2      0      1      2      0      5      3      2      0      1      0      2      1      2      2      0      1      0      3      3      4      4      1      0      0      2      1      1      0      5      5      1      1      1      2      0
193    127    000001 000049 5.000e-01      1      0      0      2      3      0      1      0      0      1      0      1      1      1      0      0      1      0      0      1      2      0      0      0      2      0      2      1      0      0      0      1      0      1      0      1      3      0      0      0      0      0      0      0      1      0      2      0      0      0      0      1      1      1      1      1      0      0      0      0      0      1      0      0      0      0      2      1      0      0      0      1      0      3      1      0      0      0      0      0      0      0      0      1      0      0      0      0      1      0      1      0      0      0      0      1      0      1      1      0
138    0      000006 000366 5.000e-01      3      2      0      2      0      0     14      3      7      3      7      2      1      4      2      0      1      1      0      3      1      6      0      5      8      0      3      3      1      4      3      1      6      1      4      7      5      6      1      5      0      0      6      2      2      0      7      4      0      2     10      4      2      8      5      2      5      0      3      7      4      7      0      2      5      1      2      4     11      4      5      1     14      2      6      1      6      5      1      2      0      9      3      2      2      6      4     11      0      2      1      5      0     12      4      7      6      0      7      8
139    138    000001 000077 5.000e-01      1      0      0      1      1      0      6      1      1      0      3      0      1      1      4      0      1      1      0      0      1      1      1      1      0      0      2      0      1      0      2      2      0      1      1      0      0      0      0      2      1      0      2      1      1      0      2      1      0      1      1      4      2      0      0      0      0      1      0      0      1      0      0      0      1      0      0      0      2      0      0      0      1      2      1      0      0      1      1      1      4      2      0      0      0      0      0      1      0      1      0      0      1      1      0      0      2      0      0      0
147    138    000002 000107 5.000e-01      0      4      4      0      0      0      1      2      2      1      2      1      5      2      2      1      1      0      1      2      0      0      0      2      1      0      0      1      0      1      2      2      0      0      1      4      0      1      1      2      1      2      1      3      0      0      1      0      0      0      3      0      0      1      0      2      0      0      2      0      0      0      0      0      0      2      0      4      2      2      1      1      1      0      0      0      1      1      2      0      0      1      2      1      0      0      1      0      2      3      1      1      3      5      2      0      0      0      0      3
173    138    000003 000203 5.000e-01      2      3      1      2      0      1      0      1      6      2      4      2      0      1      5      3      1      3      5      0      2      2      3      3      3      1      0      0      0      0      0      1      0      1      2      2      5      3      1      1      2      3      1      0      1      2      2      2      1      2      2      1      1      3      1      0      4      1      2      8      0      0      2      0      4      5      2      1      2      2      6      0      0      2      4      5      3      4      1      7      8      2      0      1      3      3      2      0      0      3      4      2      0      2      0      5      2      1      1      3
155    0      000002 000148 5.000e-01      2      1      1      1      0      0      1      1      1      0      1      5      0      1      1      4      1      2      1      2      1      1      1      2      0      4      2      0      1      2      1      4      4      1      0      0      2      0      2      3      1      1      2      3      1      1      1      2      2      6      3      0      0      0      0      0      0      0      1      0      1      1      1      1      3      1      4      3      1      0      2      1      2      0      0      3      0      0      0      3      0      0      3      1      4      2      3      0      0      3      3      3      5      5      1      1      1      1      1      3
156    155    000001 000066 5.000e-01      1      0      0      0      3      1      0      0      0      0      1      1      0      2      0      2      1      0      2      0      0      1      0      0      0      1      1      0      1      1      0      0      1      1      1      1      0      0      3      0      2      0      1      0      0      0      0      0      0      0      0      0      0      1      2      1      0      0      1      1      0      0      0      0      1      1      0      0      0      0      0      1      0      1      2      0      0      0      0      0      0      3      4      0      0      0      0      0      1      3      1      1      1      2      0      5      1      1      2      0
203    155    000001 000064 5.000e-01      0      1      1      1      0      0      0      0      2      0      0      1      0      1      6      0      0      1      0      0      0      1      0      1      0      2      0      0      0      0      0      0      1      0      0      0      1      0      0      0      1      1      0      2      0      0      2      1      0      1      2      0      1      1      0      2      0      0      0      0      0      2      1      0      0      0      0      0      1      0      2      1      0      0      1      0      3      1      0      3      1      0      0      0      0      1      1      1      2      0      1      1      0      2      1      3      0      0      0      1
166    0      000001 000079 5.000e-01      1      1      1      1      1      0      1      2      1      0      1      0      0      0      0      0      0      1      1      2      1      1      0      2      1      0      0      1      0      1      1      0      1      0      0      0      2      0      0      1      0      0      0      0      0      0      1      0      1      2      1      2      1      2      1      1      0      3      2      0      1      0      0      0      1      2      0      2      0      1      0      2      1      2      2      2      0      1      0      1      0      0      1      0      0      1      2      0      2      0      2      0      1      0      1      0      0      4      3      1
167    166    000001 000109 5.000e-01      0      2      0      0      1      3      1      1      0      0      0      1      1      0      1      1      1      1      0      1      0      4      4      0      0      1      5      5      1      0      1      2      1      2      0      1      0      0      0      1      1      6      0      0      1      1      0      1      0      1      1      0      1      1      1      4      1      0      0      0      0      1      1      1      1      1      0      1      0      1      3      0      0      3      0      1      2      1      6      1      1      0      1      4      1      2      4      1      0      1      3      0      0      0      1      1      0      0      1      1
176    0      000002 000136 5.000e-01      0      0      0      1      3      0      1      2      2      1      1      3      0      0      1      0      4      2      1      0      1      0      6      0      2      3      2      2      3      1      0      3      0      1      1      1      0      4      2      2      0      0      2      1      3      0      2      1      1      3      0      2      2      0      1      0      3      1      0      1      0      2      0      1      1      2      0      1      3      1      2      2      0      4      1      5      0      3      3      0      0      2      1      3      1      1      0      1      0      2      1      4      0      1      3      0      2      2      1      1
177    176    000001 000078 5.000e-01      0      0      0      0      0      0      1      0      2      0      0      0      0      2      0      1      0      1      1      5      0      4      0      0      1      1      0      0      0      0      1      0      1      0      1      0      1      1      1      1      0      1      0      0      0      5      1      0      1      1      0      2      0      1      0      0      1      0      1      3      1      0      1      0      2      0      1      1      0      0      0      2      1      0      3      3      0      2      0      1      0      1      0      1      0      1      2      2      0      0      1      0      2      3      0      1      0      1      0      2
206    176    000001 000061 5.000e-01      2      0      1      0      0      0      2      2      0      0      0      0      0      0      3      1      0      2      1      0      2      0      1      0      3      0      2      1      0      0      0      0      1      0      0      0      1      0      0      0      0      0      0      0      1      2      1      3      0      1      0      1      0      0      0      0      0      1      2      0      0      0      2      1      0      2      0      0      1      0      0      0      0      0      2      2      0      1      0      1      0      0      1      1      0      1      0      0      1      1      0      2      0      2      1      0      0      1      0      1
228    0      000003 000239 5.000e-01      2      4      6      1      0      0      6      0      6      1      1      0      1      2      1      6      4      3      0      2      0      1      1      1      1      4      1      5      4      2      2      0      1      1      1      2      5      6      1      1      1      3      4      4      2      4      1      1      2      2      0      1      5      3      5      1      0      0      5      1      3      1      2      3      2      1      2      1      1      4      2      0      0      5      4      2      2      2      2      8      6      1      1      1      8      3      5      6      1      5      3      2      2      4      0      0      7      2      2      2
229    228    000002 000175 5.000e-01      3      1      2      3      1      0      1      4      5      1      1      4      7      2      0      0      1      0      0      0      0      3      1      2      1      0      0      0      0      5      0      0      1      0      0      9      1      1      0      1      1      2      1      2      1      2      1      0      2      2      2      1      1      1      2      1      3      0      3      6      1      2      1      0      6      1      4      2      1      4      2      2      5      1      8      2      2      1      1      2      3      1      4      3      0      2      0      1      0      0      3      3      2      4      0      2      0      0      1      3
261    228    000001 000077 5.000e-01      0      0      0      1      2      0      2      0      0      0      0      0      1      0      1      0      3      2      0      0      0      0      1      7      2      0      1      0      1      0      0      1      1      1      0      1      0      2      2      0      0      1      3      1      0      1      0      1      1      0      0      0      1      3      1      0      4      0      0      1      1      3      0      0      1      0      0      0      0      0      0      1      0      0      0      0      2      1      0      3      0      0      3      0      2      1      0      0      2      0      0      2      1      0      0      0      0      3      1      0
266    0      000001 000105 5.000e-01      1      0      1      0      0      0      1      0      1      0      0      0      1      0      0      1      1      1      0      0      0      0      0      0      1      0      1      0      0      1      0      2      4      2      0      2      0      4      1      0      0      0      2      2      0      1      0      1      6      1      1      4      1      0      3      0      1      0      2      4      0      1      2      0      2      1      3      0      3      1      0      4      0      0      1      1      3      1      3      1      2      0      3      1      0      0      1      1      1      1      0      1      2      1      1      2      0      1      5      0
267    266    000001 000065 5.000e-01      3      2      1      0      0      0      1      0      1      2      0      2      1      0      0      0      0      2      1      0      0      1      0      0      0      1      1      1      1      0      2      1      0      0      0      2      0      1      0      0      0      1      3      0      1      0      0      0      0      1      0      0      0      0      1      0      1      1      1      0      1      1      4      0      0      1      1      1      1      2      2      0      0      0      0      2      0      2      0      1      1      1      0      3      0      0      0      0      1      0      1      0      0      1      0      0      1      0      0      0
272    0      000001 000076 5.000e-01      0      1      1      2      1      0      1      3      0      0      1      0      0      2      1      0      0      1      0      0      0      0      0      4      1      1      0      0      0      2      1      0      2      0      0      1      0      0      0      1      0      1      3      0      0      0      0      0      0      0      0      1      1      1      0      0      0      0      0      0      0      1      0      1      1      1      2      0      1      2      0      2      1      0      0      0      1      0      0      2      0      2      1      1      0      3      3      2      0      4      0      1      2      0      4      0      0      1      2      1
273    272    000001 000078 5.000e-01      1      1      0      0      0      0      0      2      1      1      3      0      1      0      0      0      0      2      1      1      1      0      0      0      2      1      1      2      0      0      2      5      0      0      0      1      0      1      1      0      0      0      2      2      0      2      0      0      1      0      0      0      0      1      0      0      4      0      0      1      0      0      0      0      1      0      2      2      0      1      3      0      0      0      1      3      0      0      0      1      0      1      2      0      1      1      2      2      1      1      0      1      4      0      0      0      2      0      1      1
276    0      000001 000086 5.000e-01      1      0      1      0      1      0      3      0      0      0      0      1      1      2      3      1      0      0      0      1      0      1      1      1      4      0      1      0      0      0      0      0      3      3      0      5      0      3      0      2      1      0      1      3      1      0      1      1      1      0      1      0      0      1      3      1      3      1      1      0      1      0      1      0      0      1      0      2      0      1      0      0      2      2      0      1      1      2      1      1      1      1      0      1      1      1      0      0      2      0      0      0      0      1      0      2      0      0      1      0
277    276    000001 000053 5.000e-01      1      0      0      2      0      2      0      0      0      0      0      0      0      1      1      0      0      1      0      0      0      0      1      0      1      0      1      2      0      0      0      1      1      1      0      0      0      0      0      3      0      0      0      2      0      1      0      0      0      0      0      0      1      2      0      1      1      0      5      0      0      1      0      2      0      1      0      1      0      1      2      1      1      0      0      0      0      1      2      2      0      0      0      0      0      0      0      0      0      0      0      0      0      3      1      1      0      0      0      1
