SCORE -1.38390160758957e+05
ITER 8000
ETA        1.50000000000000e+00 1.50000000000000e+00 1.50000000000000e+00
GAMMA      5.00000000000000e-01 5.00000000000000e-01
GEM_MEAN 5.00000000000000e-01
GEM_SCALE 1.00000000000000e+02
SCALING_SHAPE 1.00000000000000e+00
SCALING_SCALE 5.00000000000000e-01
ID     PARENT NDOCS  NWORDS  SCALE     WD_CNT
0      -1     000100 012275 5.000e-01    149    109    232    189     20      0     67      7     47      6     89    175    291     78    198     48     66    124     84    158    172    407    114    311     76     36     42    122     24     72     69     83    112     37    208     56    206    143     30     42      8    128     44     33     81    179    433    143    307    124    163     71    162    159     67     74     93     32    123     73    179     56    297      9    249    212    104     55     25    102    177    251     54     78    209    393    118    215    122    152     47    177     53    218     19    225     30    162    441     23     28     84     41    175     17     53    162     76    113     78
1      0      000056 003548 5.000e-01     28     44     51      9     10      6     50      3     91      2     44     16     62     28     15     48      5     18     13     41     27      8     30     33     11     40     23     14      0     44    126     63     13     13     47     86     21     63     14     12     12     25     68     39     35     17     21     47     14     10     15     21     37     17     33     29     21     38      2    148     16     68     28      9     15     23      8     13     81    169     65     23     23     10     83     10    120     17      9     64     39     24     42      5     24     27     20    128     45     72     33     23     89     20      6     33     36      7      6     94
824    1      000049 003103 5.000e-01     43     12     48      8     14     18     65     48     48     39     55      7     19     18     47     47     27     82      3     10     21     25      1     64     23     25      7     19     21     57     66     11     39     16     11     19     38     29     18     19     27     20     54     71     16     47     21     39      9      8     66     28     18     18     11     12     19     25     24     10     32     34     21     55     51     14     93     80     44      1     35     58     59      8      6     26      1      2      5     16     87     44     24     18     55     20     39      6     16     36      7     20     25     65     56     91     36      4     59     24
39599  1      000002 000144 5.000e-01      2      0      1      4      1      2      2      2      6      0      2      0      1      0      3      1      3      2      0      2      4      0      0      3      9      0      2      3      4      0      0      2      1      0      1      0      2      2      4      1      0      3      0      1      1      2      4      0      0      2      0      0      3      1      4      0      2      1      2      1      0      1      0      0      0      1      1      0      1      1      1      2      0      0      0      0      1      0      1      4     11      2      0      0      3      2      1      1      2      1      1      1      0      0      0      0      0      3      2      1
39539  1      000004 000249 5.000e-01      4      4      0      6      3      1      1      2      1      1      2      1      1      2      1      1      0      6      2      2     11      2      0      5      2      8      3      1      6      0      0      3      5      2      0      3      8      0      3      2      4      0      1      3      4      2      1      3      2      4      3      3      5      3      1      4      1      1      3      5      1      8      0      1      5      0      2      4      4     14      2      1      1      1      1      0      2      0      0      0      0      1      0      3      2      1      2      2      3      5      0      4      9      2      1      1      0      5      2      1
39613  1      000001 000088 5.000e-01      0      2      2      0      0      1      1      0      1      0      4      1      1      0      2      1      0      0      1      0      2      0      4      0      1      1      0      2      3      0      1      0      1      0      2      1      2      0      0      1      3      0      0      0      0      7      1      1      1      0      0      0      1      1      3      1      0      3      1      0      2      0      0      0      0      0      0      0      0      3      3      2      0      0      1      0      2      0      0      0      0      0      1      1      1      0      0      1      1      0      1      0      1      3      2      0      1      1      0      0
62     0      000021 001400 5.000e-01      5      7      2      9      5      2     51     15     43      5     19     18      9     19      7     20      1      0      9      3     20     14      5     15      4      3     12      4      0      6     41     23      8      4      1     10     24      9      6      4      5      5     15     20     11     14     24     22      5      1     46     27     28     12      7      2      4     17     12     33     10     16     11      5      8      0     27     35     34     31     13     22     30      1      6      7     16      3      5     35     23     13     14     22     10     10     10     15      4     35      2      8      5     35     11     34     19      9     18     16
38045  62     000005 000326 5.000e-01      6      4      2      1      6      5      1      0     11      1      1      0      0      1      1      8      0      0      0      3      0      1      2      0     11      3      2      3      3      2      0      0      5      6      3     11      4      1      2     15      7      7      6      5      0      0      3      1      3      0      7      4      0      6     13      5     13      2      3      0      3      2      4      6      0      7      1      3      6      2      1      4      2      1      3      1      2      5      1      7      4      2      0      0     15      1      0      2      1      3      3      1      1      6      6      3      2      1      4      0
33882  62     000016 001005 5.000e-01     10     10     18      2      5      2     14      6     15     12      3      2      1      4      8     30      3     37      5      6      4      6     12      5     17      8      2      3      9      9     17      8      9      9     23     13     11     11      0      8      8      6     10      4     18      8      5      6     15      6     16      2     27     13      6     12      7      3      9     31      8     21     21      4     10      2     14      8     29      6      5      4      2      0     17      6     13      6     28      2      3     23      5     12      6      6      9     13      6     18     11     11     22     13      8      5     15      2      1     21
78     0      000019 001190 5.000e-01      7      2      1     12     40     20      9     19      9      7     11      5     14      1      2      2      2     20      1     17     13     26     67     11     28     35     16     24      6      6     35      4      3      9      9     20     13      7     19     11     17     12     13      5      7      5      1      5      9     18      3     11      4     12     14      2     14     11      5      2     12      8      6     13      5     11     15     23      3      2      9     17      2     20     28      0     19      7     29      8     10     13     13     21     14     18     20     15      7      0     11      4     13      1     23      7      9      1      9     11
328    78     000013 000754 5.000e-01     17      1      2      2      2      4     11      8      6      2      4     20     10      4      2      6     16      4     18     31     13      3     22      4     11      3      3      2     15     27      2      9      1      6      1      7      7      3      3      1     12      2      1      0     23      5     14     11      0      3      4      1      3      2      9      9      3      2      0     15      7     10     20      7     16      5     12      1      0     29      1      1      3      5      5      5      7      3      3     10      5      3      4      6     20     13     18      4     10     12     18      5      6      8      6      6      3     12      5      8
37533  78     000006 000373 5.000e-01      2      7      4      2      2      3      3      2      3      1      1      5      0      3      3      4      6      4      1      3      8     12      1      0      0      1     12     15      9      2      0      3     14      3      5      3      1      1      1      5      4      5      0      0      5      7      1      5      1      0      3      4      6      2      2     16      1      6      5      8      2      2      4      6      4      3      0      2      0      2      4      3      4     12      4      2      2      1      2      2      4      0      6      8      5      0      7      0      9      1      9      0      3      2      0      1      5     10      1      5
38423  0      000003 000193 5.000e-01      2      0      0      3      8      4      0      0      1      1      3      3      1      5      1      0      0      0      0      1      3      2      1      0      0      4      2      0      0      6      2      0      0      1      1      3      2      0     11      0      4      3      1      2      0      2      0      2      2      3      2      0      2      7      6      1      6      0      3      4      0      1      0      3      2      1      3      3      1      2      0      1      4      0      0      0      3      0      2      0      2      6      2      0      4      0      3      2      0      2      4      0      3      0      1     10      0      1      2      4
39355  38423  000003 000214 5.000e-01      0      1      1      0      0      5      2      1      0      0      4      2      2      5      0      6      3      1      5      0      1      0      1      0      0      0      4      4      1      0      1      2      4      4      6      0      4      0      9      3      0      0      4      7      0      1      2      0      2      5      2      1      2      0      0      0      0      1      2      9      3      1      3      0      0      1      3      0      5      3      2      4      1      2      0      2      1      0      2      2      2      0      7      5      1      0      6      3      0      3      1      5      6      2      1      6      4      2      3      2
39611  0      000001 000070 5.000e-01      1      0      1      1      2      2      1      1      0      0      0      0      1      0      2      0      2      0      0      1      1      1      0      0      3      1      1      0      0      0      0      1      0      0      2      0      3      0      1      0      0      0      1      0      1      0      1      1      0      3      0      0      0      0      0      0      1      0      1      3      0      0      2      1      0      0      0      0      1      1      0      2      1      1      0      2      0      3      1      0      0      1      0      1      1      0      0      2      1      1      0      4      0      0      1      0      0      1      0      1
39612  39611  000001 000068 5.000e-01      0      0      1      0      0      0      0      2      0      0      2      0      1      0      1      0      2      1      2      0      0      1      3      1      0      0      3      3      0      1      1      0      1      0      3      0      0      0      0      0      1      0      0      0      1      2      3      2      0      1      0      2      0      0      1      0      0      1      0      1      0      0      0      0      1      1      0      0      2      0      0      1      1      0      0      0      0      0      0      1      0      0      3      0      0      1      0      1      1      0      0      2      0      1      2      1      2      2      0      1
