SCORE -1.39041627160168e+05
ITER 7000
ETA        1.50000000000000e+00 1.50000000000000e+00 1.50000000000000e+00
GAMMA      5.00000000000000e-01 5.00000000000000e-01
GEM_MEAN 5.00000000000000e-01
GEM_SCALE 1.00000000000000e+02
SCALING_SHAPE 1.00000000000000e+00
SCALING_SCALE 5.00000000000000e-01
ID     PARENT NDOCS  NWORDS  SCALE     WD_CNT
0      -1     000100 012479 5.000e-01    117    113    168    170     12      5    117     57    119      3    106    175    317     44    118     60     23    118     86    135    141    456    123    284    102     74     32     89     16     95    226    119    122     63    238    113    245    103     37     33     49     99     14     83    120    204    436    163    255     77    160     48    106    102     68    105    101     14    111    184     73     92    322     26    182    193    125     44     22    129    135    211     65     40    148    355    139    146    121    175     54    157     58    212    114    248     38    182    416    125     30     40    117    175     32     79    108     19    120    139
1      0      000053 003339 5.000e-01     57     22     76     19     15     13     85      7     49     15     20     10     21      7     26     21     47     88      5     19     65     10      3     29     29     42     19     27     22     45     74     42     30     13     11     66      6     83     23     30      9     36     68     65     11     10     32     48     53     39     19     31     72     55     14     24     25     28      2     32     57     27      7     34     60     23     29     22     65     88     20     18     48     38     65      4    105     14      7     49     80     16     13      0     16     16     25     38     67     27     21      7     30     18     54     58     34     19     38     18
824    1      000051 003174 5.000e-01     33     30     50     19     13     11     12     21     43     25     68      6     40     65     75     63      2     13      1     55     22      2     15     90      5     10     21      9      5     39      4     16     24      1     19      4     32     23      7      3     16     15     69      3     15     23     16     35     12      7     52     32     12     22     21      6      8     39     35     65     58     51     33     18     55     14     59     73     61     75     94     83     34      2     57     42      9     37     10     32     48     41     45     43     18      7     21     74     27     23     21     63     54     59      3     51     63     29     27     61
35081  1      000002 000141 5.000e-01      0      0      5      1      2      0      1      1      3      0      0      0      1      2      0      1      4      0      3      1      6      0      3      7      0      1      2      3      3      0      1      0      0      1      0      0      0      3      3      1      0      0      3      1      1      4      4      0      2      5      2      1      3      0      5      2      4      1      2      1      0      4      2      0      0      0      0      0      1      0      0      0      0      0      0      0      2      1      0      1      0      0      1      0      5      3      1      1      1      1      1      4      2      1      0      0      0      4      1      4
62     0      000024 001456 5.000e-01     14     18      7      9      1      1     34      6     43      0     10      4     12     21     20     37      8     14     17     17      4      7      2     17      6      3     12      3      7      4      6      4      5      8     19     22      7      6      5      9      3     11     27      2      1      0      2      4      6      2     60     21     44     27     16      1     20     27      9     37     28     13     29      4     17      2     14     35     55     21     15     34     24      5      4     12     19     22     21      7     11     31     21     15      6     19      1     17      6     14      2     14      0     42     14     34     29     12     10      8
35096  62     000006 000418 5.000e-01      3      0      2      0      8      7      3      2      6      2      6      6      0      3     11      2      3      1      1      1      2      0      4      2      9      4      4      7      1      4      9      2      9      7      1      3      9      8      3     12      3      7      8      7      3      0      1      5      2      2      7      3      8      3      9      0      5      2     14      6      5      4      1     10      0     10      7     10      6      1     10      4      2      2      2      3      3      3      1     15      0      4      0      1      4      0      0      6      4      3      2      0      2      4      5      3      7      2      6      4
35108  62     000002 000139 5.000e-01      2      0      1      1      0      0      3      0      0      0      1      1      3      1      2      1      1      3      0      0      2      2      0      0      0      0      1      4      2      2      1      0      2      1      0      3      4      2      0      1      0      1      1      2      1      0      2      1      2      0      0      0      3      0      0      1      1      3      0      1      4      5      1      0      1      1      1      4      0      1      3      2      1      0      2      3      4      4      2      4      4      0      0      1      1      3      1      1      1      0      4      4      2      0      0      0      2      4      1      1
33882  62     000016 000996 5.000e-01     10      0     23      4     10      2     10      0     12     19      9     16      0      1      8     17      5     23      5      6     16      1     21      5      9      1      1     14      7     13     22     16      6      3      2      4      6     21      1     11      4     17      9     15     20     20     19      4     17     10      4     19     17     13     10      1      3      0      7      2      5     13      3      2     13      5     25      9     13     15     10      1      3      3     27     18      1      9     12      7     16     28      1     23      1      8     19     22      5     13      9     14      4      8      3      5     22      4      4     22
78     0      000019 001179 5.000e-01     24     12     15     14     21      8      4      4      0      5      0     26      3      6     18      2     17     26     12     34     10      7     50      0     27     20     20     39     15      3      8      3      3      6     19      9     12      0      3      4     16      8      9      1     19     21     11      6      5     30      6      8     26     10      2     16      9     20      3      2     34     11      2      4      5     20      6     12      2      4     15     20      0     30     34      4      2      6     21      2      6     23     18      6      5     14     31      4      5      0      7      3      0     10      7      1     25     34      6      3
328    78     000012 000693 5.000e-01     11      5      9      2     16     13      4      5      3      4      4      5     11      7      2      5      6      5      4      4     21     20     23      8      5      2      7     11     10      8      3      8     12      4      2      1     10     14      6     13      3     16      3      1      4      7      7     12      6      0     14      3      1     10     18      0      1      3      3      3      4      4      7     11     21      5      3     11      3      8      6      9      0     10     18      4      8      7      5      6      8      4      1     13      1      0     12      0      3      3     20     11      5      0     13      6      4      3      5      3
35107  78     000003 000200 5.000e-01      0      0      2      1      4      1      0      7      0      0      4      3      1      1      6      6      8      1      1      2      1      0      2      2      0      1      6      5      1      1      1      0      0      0      1      0      5      1      3      2      1      1      0      0      1      1      3      1      2      6      0      1      2      0      3      1      1      4      5      2      1      1      5      2      2      5      3      1      4      1      1      4      1      6      2      1      2      5      2      2      2      1      7      0      2      0      0      7      1      0      1      5      2      1      1      0      0      1      1      2
35112  78     000002 000145 5.000e-01      0      0      1      6      1      1      2      1      3      2      1      0      0      0      1      0      3      1      0      1      3      0     11      1      2      2      0      0      0      2      2      0      0      1      2      3      2      2      5      0      2      0      3      1      2      0      1      1      0      1      0      4      0      0      0      2      1      0      0      0      2      2      4      3      1      1      1      2      0      4      3      3      3      1      0      2      7      1      1      2      0      1      0      0      0      4      2      0      4      0      2      1      0      1      2      2      0      0      2      1
35059  78     000002 000125 5.000e-01      0      2      1      1      2      0      3      3      0      1      6      0      3      0      1      0      1      4      0      0      2      1      0      5      1      1      1      1      6      3      0      0      0      1      3      2      0      0      4      1      0      3      0      1      0      0      0      1      3      0      3      0      1      1      2      1      1      2      0      2      0      0      1      0      0      1      1      1      0     10      4      0      0      0      0      0      1      2      0      0      1      0      2      0      3      2      0      4      0      2      1      1      1      4      0      0      0      1      1      0
34761  0      000004 000259 5.000e-01      4      1      0      1      4      3      0      1      1      1      5      1      1      8      4      7      1      1      5      2      3      1      0      0      0      2      1      4      5     11      3      2      3      0      0      0      3      3      3      2      6      1      2      2      3      6      1      4      2      8      2      2      2      7      1      0      2      0      2      6      1      0      0      1      0      1      7      3      2      3      1      4      2      0      4      3      4      2      4      0      0      2      6      2      0      0     11      1      7      1      0      4      3      6      3     10      0      2      3      0
34984  34761  000004 000257 5.000e-01      1      0      6      0      9     10      0      1      0      0      4      2      1      2      1      0      7      1      4      1      2      1      6      2      1      5      7      3      1      2      1      0      0      1      6      2      5      0     18      2      0      1      2      6      2      2      0      3      3      1      1      2      1      3      8      7      3      0      2      0      3      1      0      4      9      0      2      0      2      8      1      3      4      2      0      3      1      3      3      1      7      1      1      4      4      0      3      0      0      0      8      1      2      4      4      2      0      3      0      1
