SCORE -1.39339260073389e+05
ITER 10000
ETA        1.50000000000000e+00 1.50000000000000e+00 1.50000000000000e+00
GAMMA      5.00000000000000e-01 5.00000000000000e-01
GEM_MEAN 5.00000000000000e-01
GEM_SCALE 1.00000000000000e+02
SCALING_SHAPE 1.00000000000000e+00
SCALING_SCALE 5.00000000000000e-01
ID     PARENT NDOCS  NWORDS  SCALE     WD_CNT
0      -1     000100 012393 5.000e-01    182     59    253    174     24     29    100     41    104     12    140     86    244     81    186     38     18    194     40     85    218    347     82    276     55     36     15     95     20     92    208    109     59     16    217    127    179    150     35     51     29    113     53     29     90    139    356    185    219     77    159     90    176    136     95     64     44     40     31    151    101    150    244     34    260    171    147     80     30    260    156    280     53     31    237    389    158    148     79    191     68    140    118    165     63    253     14    182    403     56     11     59    120    187     77     78    141     56     65    185
1      0      000051 003094 5.000e-01      2     17     51      8     16      2     33     22     58     17     51     14     87     17     20     42     37     53     14     12     14     16     40    104     16     42     17     23      4     13     79     28     25     21     27     25     38     78     15     12     14     14     60     26     44     69     32     25     53     22     87     29     22     31     16     10      7      6      5     63     85     27     10     35     27      3     32     25     94     43     37     18     55     10     33     13     43     32     14     41     29     27     15     28     47      6     29     65     27     27      6     48     15     52     12     68     22      6     18     25
824    1      000048 003024 5.000e-01     28     66     16     17      3      7     54      8     34     17      7     50     15     20     46     59     16      1     21     84      9     49     17     20     22     22     24      7     14     66     32     26     52     23      5     29     49      8     12     13     13     25     51     77      6      8     35     39     26     18      9     17     17     29      9     41     55     36     79     39     14     16     82     15     29     39     33     49     33      9     62     36     27     26     43      9     35     30     21     21     70     54      5     16     10     17     39     49     58     57     39      6     56     30     16     44     37      8     72     15
46820  1      000002 000153 5.000e-01      1      5      2      2      2      0      0      2      1      0      3      1      0      3      0      4      1      1      0      0      1      0      0      1      4      0      1      2      6      0      4      1      2      0      1      1      0      0      1      1      0      1      5      4      1      1      5      2      4      3      4      0      1      0      1      1      1      4      1      0      2      1      0      1      0      2      1      0      1      1      1      1      0      0      1      6      2      0      0      2      2      0      4      1      2      0      0      2      2      5      1      1      3      6      0      0      1      6      0      2
46831  1      000001 000066 5.000e-01      0      1      2      0      1      1      1      0      2      2      1      1      0      1      1      0      0      0      0      2      0      0      1      0      0      1      0      0      1      0      0      1      1      0      0      4      0      1      0      0      1      0      0      2      0      2      0      0      0      1      1      0      0      1      2      0      0      2      0      1      1      0      1      0      1      0      0      0      0      1      0      2      0      2      0      1      2      0      1      1      0      2      4      0      2      1      1      0      0      0      1      1      0      0      0      1      0      1      0      0
62     0      000022 001320 5.000e-01      2     19      6     10     15      2     39     11     22      6     10     33     13      3      6     32     12     13     16      9      9      7      6     16     29      3     19      9      0      7      7      4     21      9      1     12     16      1      9      6     13      6      1     25     13      0     43     11     10      5     17      8     35     21     16      1     30     10     17     18     11      0     31      6      6      1      5     30     49      7     23      2      2      6      9      6     17     14     14     13     11     30      7      9      7     22     10     19     18      5     15      1     10     20      3     18     35      9     38     11
46771  62     000004 000275 5.000e-01      1      1      4      6      3      1      5      0      5      1      2      2      1      1      5      4      0      0      0      3      2      0      2      1      6      0      2      0      3      3      2      0      5     10      4      4      4      2      0      8      1      2      1      0      2      3      0      3      6      1     12      2      0      1      8      5      0      8      6      3      6      0      2      1      2      9      3      3      3      6      4      4      3      3      1      0      0      0      3      6      1      0      1      2      9      0      0      0      4      7      1      1      2      5      6      1      5      0      2      2
33882  62     000018 001134 5.000e-01      5      2      2      1      0      3     15      1     40      6      4      3     19     15      7     21      5      7      6      7      6     15     17     10     11     10      2      9     11     13     12     18     14      7     19      3      5     12      4      8      0     13     31      6     11     23      8      2     13      5     25     12     14      2      4     12      2      5     21     39     16     13     13      1      9     10     32     11     14      9      3     29     26      7      2      3     18      8     25      3     25     22      2     40      7      1     10     17      4     31      5     17      2     13      6     14     23      6      1     13
78     0      000020 001293 5.000e-01      3     19      9     20     27      6     17      4      2     10      4     43     14      2      8      8     29      1     11     10      3     19     83     10     32     31      6     45     21     18      7     10     21      8     19      6     30      0     11     16     26     13      3     12     16     13     21      5     18     21      2      4      7      1      3      1     19     10     13     12     20      7     15     13      4     11     13     17      2      0     20      4      6     10      5      0      3      9     28     14      8     10     10     34      3      2     35      1     11      0     26     19      1      0      8      6     17     24      9      5
328    78     000015 001051 5.000e-01     31      4     11      5     13     15      1     17      8      1      7     12      8     11      2      4      8     14     13     40     27     48     10      7     10      4     32     16      7      0      3      7      3      9     14      5     14      2      5      2      1     15      4      0     11     21     20      8      5     13      7      7     12     12     13     17      5     12     12      1     16      4     12      5     21     23      7      6      4     10      4     14      1     38     26      9     16     14     16      8      6     12      1      6     13      5     12     12     12      4     12      9      6      9      5      4      3      9      9      2
46496  78     000003 000208 5.000e-01      2      2      0      2      2      1      3      6      0      0      5      1      1      1      2      0      2      7      4     12      1      1      0      0      2      8      6      0      2     12      0      1      3      1      0      4      0      0      5      0      1      1      0      0      2      5      2      1      2      3      1      0      2      3      2      6      2      2      1      3      1      0      2      1      0      2      0      1      0      6      2      0      1      1      0      1      2      2      1      0      2      2      0      2      8      7      7      0      0      7      2      2      0      4      4      0      0      0      0      0
46747  78     000002 000094 5.000e-01      5      0      0      0      1      1      0      1      2      0      1      0      1      0      1      0      2      1      5      0      0      0      2      0      4      0      0      2      1      0      1      0      1      2      1      2      0      2      4      1      1      0      3      0      1      0      1      0      0      0      0      1      0      3      0      2      2      1      0      0      0      0      0      1      0      2      2      0      0      2      0      0      4      1      0      4      4      0      0      0      2      1      1      1      0      4      0      0      0      0      0      0      0      0      0      1      1      1      2      1
46211  0      000002 000139 5.000e-01      1      0      0      0      4      2      1      0      0      1      1      1      0      3      0      0      2      0      1      0      0      1      2      0      0      1      1      0      3      1      1      1      1      1      0      0      1      0     13      1      1      2      0      3      1      0      1      1      4      6      0      0      1      1      0      1      3      0      4      6      0      0      0      2      5      0      1      2      2      1      0      0      4      0      1      0      3      1      4      1      1      2      4      0      0      0      1      0      1      1      0      2      4      1      0     10      0      2      1      2
46825  46211  000002 000161 5.000e-01      4      1      2      0      4      4      0      1      0      0      2      3      1      5      0      4      1      0      2      2      1      1      0      0      1      2      2      5      1      4      1      0      2      1      2      1      2      1      5      1      3      0      2      2      1      3      3      2      0      3      1      1      0      5      4      1      3      0      0      1      1      2      1      0      0      0      2      1      1      1      0      2      2      3      1      3      0      1      1      0      3      0      1      2      2      0      5      6      1      1      5      0      1      1      0      3      2      1      0      1
46415  0      000003 000160 5.000e-01      1      4      0      0      1      0      3      1      3      1      4      0      6      0      4      1      2      1      2      4      3      2      0      0      2      0      1      1      3      0      0      1      1      0      0      7      2      3      0      3      4      6      2      0      2      5      1      2      1      3      2      0      8      3      2      1      6      3      0      0      0      1      0      2      1      2      1      0      0      1      0      1      0      0      2      2      2      1      0      1      4      0      0      2      0      1      1      1      1      3      4      2      0      1      0      0      5      0      0      0
46607  46415  000003 000157 5.000e-01      3      0      1      0      0      0      2      0      0      1      2      5      0      2      1      5      1      0      3      4      0      0      0      2      0      5      2      3      1      3      1      1      2      0      9      0      1      3      0      0      2      4      0      1      0      3      0      1      4      2      1      2      0      0      1      0      2      2      1      1      0      0      1      1      0      1      1      0      1      6      3      0      2      0      0      2      1      0      1      1      3      3      1      5      7      2      1      3      2      2      0      0      1      1      4      1      2      5      3      0
46826  0      000002 000133 5.000e-01      1      3      3      2      1      1      2      0      0      0      0      0      1      2      0      0      0      3      0      0      5      1      1      0      2      2      2      1      3      0      0      3      2      1      2      2      4      2      1      0      0      0      0      0      2      1      6      1      0      5      1      0      0      2      0      2      3      0      1      2      0      7      3      1      0      4      0      1      1      1      3      1      1      0      0      1      1      0      1      0      1      1      0      4      0      2      0      0      1      5      1      2      2      2      0      2      0      2      3      0
46830  46826  000001 000076 5.000e-01      1      0      1      0      1      0      0      1      0      2      0      0      3      0      3      0      0      2      0      3      1      0      0      4      0      1      2      1      0      0      1      1      1      1      2      0      1      0      1      1      2      0      0      3      0      1      1      0      2      0      0      1      1      0      0      0      1      1      1      3      0      0      0      0      1      0      2      1      1      3      0      1      0      0      0      3      0      1      0      0      1      1      0      1      0      0      0      0      2      0      0      2      0      1      0      0      0      1      1      1
46832  46826  000001 000069 5.000e-01      3      0      3      1      0      0      2      0      1      0      0      0      0      1      1      0      0      1      6      1      0      1      0      1      0      0      0      0      0      0      2      0      0      0      0      0      0      4      0      0      0      1      2      0      0      1      0      0      3      0      1      1      2      2      1      2      0      1      2      0      1      0      0      0      0      1      1      0      0      1      0      1      0      1      2      2      0      1      1      0      0      2      0      2      0      1      0      0      0      1      0      0      1      0      0      0      0      0      1      2
