SCORE -1.39254978539982e+05
ITER 3000
ETA        1.50000000000000e+00 1.50000000000000e+00 1.50000000000000e+00
GAMMA      5.00000000000000e-01 5.00000000000000e-01
GEM_MEAN 5.00000000000000e-01
GEM_SCALE 1.00000000000000e+02
SCALING_SHAPE 1.00000000000000e+00
SCALING_SCALE 5.00000000000000e-01
ID     PARENT NDOCS  NWORDS  SCALE     WD_CNT
0      -1     000100 012549 5.000e-01    148     27    233    101     28      9    126      5    103     22    123    164    296     76    144     88     16    192     48    140    183    363    118    260     53     43     15     57     17    141    169    130     88     26    198     91    250    146     15     24     43     82     32     47     61    189    417    200    263     81    170     58    184    138     64     71     85     48     68    204    194     92    191     67    210    137    137    104     10    246    199    265     82     22    213    336    175    188    111    181    144    116     65    205     45    181      1    190    431     60     22     88     87    153     52    121    175     38    108    126
1      0      000047 002966 5.000e-01     15     78      4     46      1     16     48     32     46     15     16     27     41     31     47     22     32     29     24     40     20     19     15     69     32     20      5      6     11     28     52     41     65      5     13     12      7     31      5     16      8     18     86     56     35     23     27     31     34     11     85     26     39      9     21     21      3     17     20     17     28     19     62      2     47     28     58     10     94      8     19     18     48     14     40     24     11     13      5     31     25     80     20     22     52     36     54     26     26     32     12     32     78     56      3     13     24     32     30     65
824    1      000047 002725 5.000e-01     49     16     61     14     18      3     11     25     49     19     49      5     26     15     46     37     14     10      9     13     24     32     12     54     11     28     29     48     13     16     64      4      1     33     54     48     14     44     31     10     10     37     21     24     37     25     29     12     18     27     14     31     14     56      4     15     36     24     24     55     13     51     38     14     28     25     31     44     36     58     59     57     22     30     29     34     51     16     20      9     11     28     18      8      9     25     17     64     17     40     19      8     15     38     43     59     11      0     35     23
16494  0      000002 000107 5.000e-01      1      2      0      0      3      4      1      0      0      1      0      0      0      1      0      3      4      0      1      1      0      0      3      2      0      1      1      1      1      0      0      0      2      1      0      0      0      0      7      3      0      0      0      3      2      3      1      0      0      3      0      0      0      4      1      1      0      0      1      0      1      0      0      0      3      1      2      0      1      3      2      2      1      0      1      4      1      0      0      2      0      1      2      0      1      0      4      0      2      0      2      0      3      1      0      2      0      1      0      1
17264  16494  000002 000156 5.000e-01      0      0      1      0      4      5      1      1      1      0      1      2      0      5      0      1      0      0      3      2      2      0      2      0      0      2      3      1      2      1      2      1      2      2      1      2      1      1     10      0      1      2      1      2      0      0      1      5      0      2      2      1      3      0      1      0      5      1      4      6      0      1      0      1      4      2      2      0      2      2      0      0      2      3      0      0      1      0      6      1      2      2      5      0      1      0      4      0      0      1      2      1      0      3      0      8      0      1      0      0
78     0      000014 000967 5.000e-01     13     22      2     28     16      1      1      0      4      0      6     17      6      0      0      3     23      2      8     15     20     26     43      2     15      8     30     33     14      2      0      0     13      8      9      5     14      3      4      9     10     22      0      5      5     15      2      6      4      5      4      4      9     10     11     14      7     19     11      2     17      6     23      1      6     28      3      1      6      9      4     16      0      9     28      3      7      6     16      7      0      2     11     21      7      9     15      9     22      1     17      4      4      7      1      3      6     25      6     11
328    78     000007 000428 5.000e-01     10      8      0      1      6     12      1     12      7      4      1      1      0      1      4      0      2      6      7     11      3     17     16      3      0      6      2      0      6      4      5      5      0      2      2      5      4      0      0      9      5      4      3      1     10      5      0      0      1      4      1      3      2      1      5      4      3      1      0      2      1      1      1      3     21      1      3     11      0      0      4      1      2     19      9      5      4      4     10      9      3     10      0      6      8      0     18      2      4      4      6      5      2      3      3      1      2      0      2      2
16499  78     000005 000324 5.000e-01      4      0      5      0      3      6      1      9      0      1      7      2      3      3      9      1      2      8      5      4      0      8      2      5     11      2      4     13      0      0      2      0      7      0     10      4      0      2      3      1      2      2      1      1      6      5      1      2      7     20      0      5      0      4      4      1      1      3      4      4      2      1      2      1      5      5      0      2      2      2      3      0      1      5      4      8      8      0      0      7      0     13      3      0      2      1      3      3      4      0      0      3      1      2      7      0      2      1      0      1
17283  78     000002 000127 5.000e-01      3      1      2      0      5      0      0      0      1      1      2      1      0      2      0      2      0      3      0      1      1      2      3      1      0      5      1      7      3      0      2      2      0      1      3      4      0      0      4      2      0      0      0      3      1      0      0      0      1      0      2      4      1      0      1      1      2      1      2      0      0      0      2      1      0      0      0      3      2      1      0      3      0      6      0      1      1      1      0      1      0      0      3      1      0      1      1      0      1      0      1      0      0      1      2      0      8      0      1      1
127    0      000008 000480 5.000e-01      4      5     10      7     13      6     13      5      1      0      5      2      7      2      0      2      4      5      1      6      0     11      1     11      4      5      4     12      3     10      2      3      1      3      2     10      2      3     19      6     15      5     12      0      8      4      5      3      4      1      2      4      0      4      5      8      4      1      0      1      1      4      0      9      2     14     13      6      0      4     10      3      2      6      0      0      4      0      7      6      1     11      0      6      5     11      3      2      3      9     13      2      2      1      6      1      3      9      2      3
16702  127    000008 000560 5.000e-01      2      0      0     13      4      4      8      7      7      2      3     16      8      6      7      1      9      5     19     13     12      3     31      1     18     20      5      9      6      5      7      2      1      5      6      5      5      3      0      6      1      4      0      6     10     11      4      7      2     10      4      7      2      0      9      7      7      2      0      1      3      4     15      0      2      1      4      2      2      5      2      0      3      7      3      2      5      1      3      0      4      2     10     13     13     20     18      2      1      3      2      4      3      5      5      3      0      5      5      0
40     0      000016 000962 5.000e-01      7     14     14     24      2      1     27      2     26      0     11      1     18      6      9     26     13      7      0      2     16      3      0     12      6     16      5      8      7      0     13      8      8      2     10     17     21      9      8      8      2     10     30     14      2      3     10      5     10      8      8      5     22      3     28      9     14     12     12     16      7      9     35      7      9     11      2     14      8      4      3      5      7      4      7      4      3     12      2     29     23      6     13      0      1     19      5     10     24     14     10      1      7      7      1      4      8      2      0     15
8212   40     000006 000403 5.000e-01      3      2      2      3      3      0      4      2      4      2     10      1      0      0      8      1      1      2      3      3      2      4      6     15      1      3      5      1      1      2      2      4      8      6      5      2      5      1      1      5      6     10      1      8      4      4      3      6      7      3      2      5      3      6      0      1      1      1     10      9      4      2      1      4      2      4      3      0     19      1      2     10      4      2      4      2      5      5      1      3      6      7      0      4      5      3      4     16      3     10      0      0      1      8      6      7     11      0      7      4
16908  40     000009 000498 5.000e-01      0     13      6      8      4      1      0      7      6      3      0      4      1      2      5      8      1      8      0      5      3      1      3      7     17      1     10      9      3     11      2      2      4      4      0      8      5      1      4      5      2      2      5      5      4      0      3      2      2      5     12      4      3      6      1      2      1      0      4      3      0     10     10      3      2     10      2      4      7      1      0      0      5      4     10      5     12      3      7      1      8      9      9      0     16      2     11     20      2      8     11     12     11      9      0      3      6      8      5      4
17316  40     000001 000070 5.000e-01      2      0      1      1      1      0      1      1      0      0      0      0      1      0      1      0      1      0      1      0      0      4      0      1      2      0      0      0      0      2      3      0      1      0      1      0      1      0      0      1      0      2      0      0      1      1      1      0      0      0      0      1      2      0      0      0      2      2      0      1      0      2      0      0      1      0      3      0      0      0      1      0      0      0      1      3      2      1      0      0      0      0      1      2      2      0      0      1      1      0      0      0      0      1      3      1      2      2      0      0
62     0      000012 000740 5.000e-01      0      5      3      1      2      1     19      4     14      2      2      5      5     14      4     16      6     13      6      8     10      3      1      1     13      5      9      7     10      0     27      6      3      8      4      4     14     18      5      6      0     10     11      8     13      1     13      0      3      2     14     13      4      7     15      3      5      7      6      8      0     18     10      2     13      5     18     13     28     13      2      5      0      1      6     11      4      5     11      2      2      3      0     12      2      5      0      2      2     25     10      3      3     25      5      8     23      5      6      5
6969   62     000008 000528 5.000e-01     11      9     17      0      0      0      9      1     10      3      4      5      0      2      2      6      8      7      4      7      3      8      4      6      1      3      1      3      4      9      6      2      7      0      3      8      0      4      3      2      2      2     12      1      1      3     13      4     10      1      7      2      7      1      0      3      5      2     13      8      2      2     21      1      9      1      2      7     13     10      2      5      5      2      5      4     10      1      5     10      6      4     14     17      6      7      4      5      1      3      1      4      3      8      0     13     10      5     18      3
17281  62     000002 000120 5.000e-01      0      0      2      0      0      1      3      2      1      2      2      1      0      0      1      0      0      0      1      3      0      1      2      1      4      0      1      2      0      0      1      2      0      0      0      1      0      0      1      3      1      0      1      1      2      3      0      1      0      1      0      0      0      2      0      0      1      0      6      4      0      3      1      1      0      2      0      2      2      0      0      3      1      2      3      4      0      1      3      0      1     13      0      0      0      3      3      4      0      0      1      3      1      0      0      0      2      0      0      0
17312  62     000001 000077 5.000e-01      1      0      1      0      4      3      1      1      1      0      1      0      0      1      3      2      0      1      0      2      0      1      0      1      2      0      0      0      0      1      1      0      1      1      1      0      1      1      0      2      3      2      1      0      0      0      3      2      1      1      0      1      0      0      3      1      0      1      2      0      0      2      2      0      0      1      0      0      2      0      2      0      0      0      0      1      0      1      0      0      0      0      0      0      4      0      0      0      1      1      0      0      0      1      1      1      0      1      0      0
17313  62     000001 000054 5.000e-01      0      1      0      1      0      0      0      0      0      0      1      0      0      0      1      0      0      0      3      1      1      0      0      0      0      0      2      0      0      0      1      0      0      0      0      1      1      0      1      0      0      0      0      0      1      1      1      1      2      2      0      0      3      1      1      2      0      0      1      1      0      0      0      0      0      3      0      0      1      0      0      0      1      0      0      1      1      2      0      0      0      0      0      1      0      0      0      1      0      1      0      1      3      0      2      1      0      2      0      1
17314  0      000001 000075 5.000e-01      2      0      1      0      0      1      0      0      0      0      0      0      1      1      0      1      0      1      0      1      0      1      0      0      5      0      1      0      0      0      0      0      3      3      1      2      0      2      0      1      1      1      1      1      0      0      0      1      1      0      1      0      0      1      1      3      2      0      4      0      0      0      3      1      1      1      0      3      1      1      3      0      1      1      0      1      1      1      1      3      0      0      0      0      1      0      0      0      0      0      0      0      0      4      0      1      0      0      0      0
17315  17314  000001 000084 5.000e-01      1      0      1      0      1      1      3      0      1      0      0      1      1      0      2      2      0      0      1      0      0      1      1      0      1      0      1      2      0      0      0      0      1      0      0      3      1      0      0      5      0      1      0      4      0      2      1      0      0      1      2      1      0      0      2      0      1      1      3      1      2      1      0      1      1      1      0      1      0      0      1      3      0      2      0      1      1      1      2      1      1      2      0      2      0      1      0      0      2      0      0      1      0      0      1      1      1      0      0      2
