SCORE -1.39102202475843e+05
ITER 4000
ETA        1.50000000000000e+00 1.50000000000000e+00 1.50000000000000e+00
GAMMA      5.00000000000000e-01 5.00000000000000e-01
GEM_MEAN 5.00000000000000e-01
GEM_SCALE 1.00000000000000e+02
SCALING_SHAPE 1.00000000000000e+00
SCALING_SCALE 5.00000000000000e-01
ID     PARENT NDOCS  NWORDS  SCALE     WD_CNT
0      -1     000100 012593 5.000e-01     84     46    206    166     34      3     83     24     69     22    148     98    274     67    181     39     23    211     33    101    147    323    147    247    103     74     33     72     13    119    176     94    125     58    195     72    216    142     36      9     24     99    103     89     90    201    415    156    268     70    236      8    163     64     76     13     85     26     93    202    171    156    296     45    225    164    121     86     47    212    211    288     53     10    234    311    172    164     84    186     81    156     74    203     97    226     44    279    402     94     10     90     40    157     64     72    195     60    110    109
1      0      000051 003032 5.000e-01    104     36     50     11     14      0     49      2     65     27     18     33     39     28     23     49     19     14      0     40     24     33      3     92     11      5     14     22      5     28    104     19     33     13     33     20     31     75     22      6      6     39     47     23     18     18     42     29     27     12      8     81      2     80      9     59      2     17     21     59     37      0     54     20     60     34      5     11     59      8     32     44     72     33     32     24     16     26     16     52     33     33     40     11     25     14     14     17     13     28     13      6     48     79     14     50      1      6     49     90
824    1      000048 003000 5.000e-01      7     53     40     22      0     18     65     48     64      7     26     37     28     12     43     43     23     26     41     39     51     36      7     37      6     37     18     28     21     35     13     43      1      1     33     62     33     12      3     29     23     10     36     36     44     21     21     55     24     41     38      5     54     18     22     19     37     37     12     19     13     38      3     23     13     12     94     59     52     91     28     13     11     14     19     49     62     22     18      7     50     48      2     26      8     22     41     20     70     32     33     16     79     32     19     62     35     13     22      9
22711  1      000001 000076 5.000e-01      0      2      1      1      0      1      0      1      0      0      0      0      1      0      1      1      4      0      0      0      2      1      1      0      1      0      0      1      1      0      1      0      2      0      0      0      1      0      1      0      1      0      1      1      0      0      2      2      0      0      1      1      4      0      0      0      2      0      2      2      0      3      2      1      0      1      0      3      0      3      2      2      1      1      0      1      0      1      2      1      0      0      0      1      0      0      0      0      2      0      0      1      0      0      0      1      1      1      0      1
22706  1      000001 000066 5.000e-01      0      1      0      0      0      4      1      0      1      0      0      0      0      2      0      0      3      1      0      3      0      0      1      0      0      0      2      1      0      1      1      1      0      0      2      0      1      0      1      3      0      0      1      0      0      0      0      0      1      2      2      0      1      0      0      0      1      1      0      1      1      2      2      0      0      0      0      0      2      0      0      1      0      1      0      0      1      1      0      1      0      1      0      2      1      0      0      1      0      1      0      4      0      1      0      1      0      2      0      0
22714  1      000001 000061 5.000e-01      1      0      1      4      1      0      1      2      0      1      0      4      1      2      0      1      1      1      0      0      0      1      0      0      1      0      2      0      0      1      0      1      1      0      0      0      1      0      2      0      1      0      0      0      0      0      1      0      0      0      1      0      0      1      0      0      2      1      1      0      3      0      1      1      1      0      0      0      2      0      0      0      0      0      1      0      1      0      0      0      0      1      1      1      1      1      0      0      1      0      0      0      1      0      1      0      0      2      1      1
62     0      000008 000501 5.000e-01      1      5      4      1      0      1     16      5      6      2      0      5      6      8      0     11      2      9      9     11      5      4      4      0      0      1      3      1      3      4      7      1      1      8      1      0      1      5      2      3      2      3      4      1      6      7      1      0      5      0      5      6      7      4      2      9      0      3     18     14      2      0     13      0      4      8      6      6      5     16      5      2      4      6      6     10     13      5     16      4      2     13      1      5      6      4      2      6      1      4      2      9      1     14      0     12     11      3      7     14
6969   62     000006 000412 5.000e-01      2      2      4      0      4      0      5      0     17      2      5     11      0      3      4      6      1      3      2      8      3      0      5      3     11      0      3      0      3      0     12      7      4      0      1      6      3      3      4      5      0      3      1      2      1      1      1      4      4      2      9      5     13      8      6      2      7      8      4      8      3      7      5      0      8      0      9     10     14      0      2      7      5      0      5      7      0      0      3      3     11      0      4     18      0      6      0      0      0      3      8      2     14      1      1      3      8      2      2      0
22705  62     000002 000118 5.000e-01      2      0      1      0      0      0      1      0      1      0      1      1      2      2      0      0      0      1      1      0      2      1      1      0      5      2      1      1      2      1      1      2      4      1      1      2      0      0      0      0      2      0      0      1      0      0      1      0      1      1      1      1      1      2      2      0      0      1      3      1      0      6      2      0      2      1      3      3      5      0      0      1      2      2      0      0      2      1      3      1      1      4      0      2      0      1      1      0      1      0      0      6      3      1      0      0      2      2      0      2
78     0      000017 001072 5.000e-01     32     20     13      7     14     13     12      9      1      3      1     42     11      4      1      3     26      8     20     25     30     38     30      6      1      7     18     39     25      3     15      7      9      9      9      6     19      8      7      9     13     18      2      1     11     26      6      6     11     16      2      6     24     10      3     14      9     17      9      6     16      4      1      8      6     26      0      3      0      4      5      2      3     21     35      6      5     12     11     15     10      5      8     17      8      2      1      1      2      2      9      1      4      9      3      4      3     15      7      8
328    78     000012 000812 5.000e-01     10      5      7      4     17      8      2      9      8      5      0      3     16      4     11      7      1      1      9     12     12     47     32     19     19      8      7     10      0      3      0      7      3      0      2     16      8      5      4     16      8      9      0      2     12      1      2      9      3      8      4     17      4     15     15     10      8      1      0      0     12      3      7      4     25      2     11     13      1      2      8     11      2     23      7     15      4      2     28      3      6      2     13      4      3     16     28      3     11      1     18      3     11      1      7      0      5      8      0      4
20854  78     000005 000319 5.000e-01      2      4      4      4      1      0      3      2      3      1      9      2      0      6      6      3      6      3      1      6      0      2      4      2      5      3     11      8      0      5      0      0      3      0     18      2      0      1      1      0      5      3      0      1      2      4      0      8      2      7      1      3      0      7      7      7      0      4      7      1      0      0      1      1      1      0      2      0      4      7      1      3      4      6      2      5     11      3      4      1      1     10      0      1      0      6      3      4      7      1      4      6      0      6      7      3      1      2      0      1
127    0      000007 000451 5.000e-01      3      4      5      4      3     10     10      3      0      0     11      9     10      6      2      2      9      1      9      1      0      3      0      1      4     13      7      9     10     17      5      6      1      5      3      0      7      0     24      1     11      3      0      1      1      0      4      0      4     11      0      4      1      6      8     10      0      0      0      6      1      1      4      0      5      2      7      2      4      4      2      0      3      0      3      7      1      1     10      1      3      8      6      4     10      2     12      1      0      6     12      7      6      7      1      6      6      3      4      1
22596  127    000003 000208 5.000e-01      2      0      3      0      7      4      0      0      2      2      3      1      1      3      0      5      3      1      3      1      3      0      2      1      0      0      1      4      0      0      0      0      6      3      4      1      0      0      7      5      0      5      0      6      1      2      1      5      4      2      1      2      1      1      1      3      7      2      6      5      2      0      0      1      5      1      0      1      0      2      2      0      4      4      0      0      3      1      2      8      4      1      2      2      0      0      3      0      3      0      3      2      2      0      3     10      1      2      1      0
22366  127    000004 000245 5.000e-01      1      1      3      2      9      3      0      4      2      0      1      1      0      0      5      4      0      6      4     11      0      5     15      7     10      4      0      1      1      4      2      4      0      0      0      6      0      2      0      3      0      1      3      1      7      0      3      5      1      0      1      0      4      1      3      3      1      3      1      0      0      0      1      6      0      3      6      3      1      6      0      0      1      3      3      2      0      0      3      3      5      2      5      2      1      3      4      1      1      1      4      1      3      0      4      1      1      5      1      0
40     0      000014 000801 5.000e-01      7     11      8     12      3      2      9      0     22      4      4      2     16      7      7     18      9      2      1      8     15      3      2     33      3      5      5      5      3      2     12     15      4      2     12     26     15      2      2     11      1      3      4      3      5      7     18      5      1      9     17     15     10     28      2      6      8     13      7     11      5      2      2      3      0      1      4     15     18      5      8     18      5      6      6      0      8     15      2      3     22      8      3      5      1      7      3     17     21     23      1      0      1      7      7     12     11      1     17      6
8212   40     000005 000282 5.000e-01      1      4      3      0      5      2     10      2      4      0      4      2      0      3      3      8      1      3      1      2      4      1      1      0      2      2      0      1      0      0      1      0      6      3      5      1      0      4      1      8      4      7      4      2      0      1      4      0      9      0      0      7      4      0      3      2      2      5      2      3      1      1      3      2      1      3      8      1     16      3      3      1      1      2      1      1      1      0      1      5      2      6      3      6      0      5      1      2      3      4      2      0      9      2      2      5      7      0      1     10
21689  40     000006 000363 5.000e-01     10      0      7      3      0      0      0      2      8      0      9      3      3      5      0     10      1      2      8      2      0      8      1      1      1      4      1      8      3      6      6      2      3      0      3      0      3      3      0      4      5      5      7     13      2      3      3      1      2      1      0      8      1      1      9      3      7      0      0      2      6      2     13      3      3     13      6      2      0      0      2      0     10      0      7      6      2      4      2      2      0      4      7      6      4      8      5      1      3      7      3     10      0      5      2      2      3      4      0      3
22544  40     000003 000209 5.000e-01      3      8      2      1      3      0      4      0      1      1      1      0      2      2      1      2      1      6      0      1      1      0      5      0      2      2      1      4      8      2      2      0      4      5      0      6      0      5      3      2      2      4      2      2      1      2      5      0      1      3      1      2      2      2      2      2      1      1      2      1      0      3      3      1      0      6      0      2      1      2      1      0      2      1      1      6      3      1      0      0      3      0      3      3      6      0      3      0      1      2      4      5      1      2      1      1      2      6      1      3
22569  0      000002 000133 5.000e-01      1      0      2      3      0      4      5      1      3      0      0      0      0      3      3      5      1      0      1      0      0      0      1      0      4      1      2      2      3      0      1      0      4      0      0      2      2      0      0      8      2      1      1      4      1      1      0      0      0      1      2      1      1      4      5      2      4      2      7      0      1      0      0      0      2      0      1      3      0      0      2      0      2      2      0      1      0      0      2      2      0      2      0      0      4      0      0      0      0      0      1      0      0      1      1      3      0      0      1      1
22679  22569  000002 000119 5.000e-01      1      0      1      0      3      1      1      0      1      0      1      1      2      0      0      2      0      0      0      4      0      2      0      2      2      0      2      1      0      0      1      1      2      1      1      3      1      2      0      1      1      1      1      1      1      2      2      3      1      1      0      2      1      0      1      3      1      0      0      0      1      0      3      0      2      1      0      3      4      2      0      1      1      2      0      1      0      3      3      3      0      2      1      1      5      1      0      0      0      2      0      2      0      7      3      2      0      0      1      0
22712  0      000001 000062 5.000e-01      1      1      1      1      0      1      0      2      2      0      2      0      0      0      1      2      1      0      1      0      1      0      1      1      0      0      1      0      0      0      1      2      0      1      0      1      2      0      1      1      1      0      1      0      0      0      1      0      1      0      0      1      0      1      0      0      1      1      0      1      0      0      0      0      2      0      0      1      0      0      2      1      1      1      0      1      0      0      0      1      2      1      0      0      0      0      0      1      5      1      1      1      1      1      0      0      0      0      0      0
22713  22712  000001 000065 5.000e-01      1      0      0      2      0      0      1      0      2      0      0      0      2      1      1      1      1      0      0      3      0      0      0      0      5      0      2      1      0      1      0      0      0      0      0      0      2      0      0      0      0      2      0      0      0      1      2      0      0      1      0      0      0      0      1      0      0      0      0      1      0      0      1      0      1      3      0      0      1      1      2      1      0      1      1      1      2      0      0      1      1      2      1      0      0      0      0      3      0      0      1      0      0      0      1      1      1      0      0      4
