SCORE -1.37885178569154e+05
ITER 8618
ETA        1.50000000000000e+00 1.50000000000000e+00 1.50000000000000e+00
GAMMA      5.00000000000000e-01 5.00000000000000e-01
GEM_MEAN 5.00000000000000e-01
GEM_SCALE 1.00000000000000e+02
SCALING_SHAPE 1.00000000000000e+00
SCALING_SCALE 5.00000000000000e-01
ID     PARENT NDOCS  NWORDS  SCALE     WD_CNT
0      -1     000100 012535 5.000e-01     26     80    233    130     21      5    123     18     18      7    142    194    257     77    184     56     50    126     11    164    152    331     99    313    116     34     37     85     17     86    213     63    107     21    190     58    295     62     29     24     26    112     53     82    116    155    476    222    226    122    169     39    108    137     62     72    126     15    124    160    162    169    334     13    264    178    135     74     12    202    193    251     67     19    264    411    223    164    110    161     94    213     22    193    107    152     33    150    459     55     68      4     43    184     12     40    166     51    104    123
1      0      000055 003451 5.000e-01     41     73     37     35     27      7     86     44     35     21     29     10     76     14     67     81     10      7     33     18      2     58      3     48     18     51     23     32     22     16     24     50     51      1     18     56     11     96     10     10     16     30    104     28     27     37      6      6     77     16     56     62     84     11     21     17     17     29     20     64     36     29     32     59     31     20     18     35     11     46     16      9     55     27     41      8     39     29      8     25     90     28     44     21     23     62      8     62     28      7     17     61    113     20     58     29     48      9     22     48
824    1      000053 003209 5.000e-01    101      1     46     31      1     16      5      4    128     22     30      1     30     28     10     18     26     88     20     34     74      8     36     65      6     19      5     26      3     77     90     41      2     41     44     48      6     33     24     35     15     16     11     51     10     32     22     33      9      3     28     21     12     46     26     21     10     37      1     43     26      8      8      4     26     30     68     44    129     73     82     70     19     20     13      1      5     18      9     65     13     20     36     36     14     27     48     56     10     91      1     33      9     63      9    113     28     21     48     45
41403  1      000002 000134 5.000e-01      2      1      5      0      2      0      0      0      5      0      0      0      0      0      1      0      4      4      0      0      4      1      4      0      4      1      1      2      4      1      1      1      0      0      0      3      0      3      2      0      1      2      3      1      1      1      2      0      1      1      2      0      3      0      3      1      0      0      4      1      0      1      5      3      1      0      0      1      2      0      2      1      0      1      1      1      1      0      1      5      0      0      4      0      3      0      1      1      3      2      1      1      1      2      0      1      1      2      1      1
62     0      000021 001348 5.000e-01     11      4     16      0      9      2     32      9     44      3      3     15      7      8      7     27      5      9     10     12     12      9      5      7      5     12     14      9     10     13      3     14     19     15      9     27     11     35      8     14      7      1     26      5     10      5     19      7     18      3     52      1     25     25     15      4      8     25     15     14     14      9     14      3      2     10      4     34     57     11      0     13     23      6      3      3     13     23     37      8      7     10     19      9      4      1     10     45      6     35      3     15      1     21     19     32     24     13     11      7
40569  62     000003 000158 5.000e-01      3      1      1      3      5      6      0      0      0      1      1      0      0      1      0      3      1      0      0      0      1      1      1      2      3      1      2      0      1      0      0      1      3      6      0      3      3      1      0      8      4      1      0      4      0      0      1      0      0      1      1      1      0      2      7      3      2      1      6      1      0      0      2      4      2      0      1      4      1      0      4      2      3      3      0      0      3      2      1      7      0      2      0      1      2      0      0      1      0      1      0      1      0      4      1      0      2      2      2      2
33882  62     000018 001056 5.000e-01     23     16      2     22      3      1     16      8     27     12     16      0     12     13      8     14      4     30     23      7     10     17     11      1      6      0      5      1      6      1     11     16      3      1     27      4      2      3      5      2      5     14      9      8     18     15      2      0     15      8      2     30     43     13     11     15      5      4      5     38      2      7      5      4      5      5     27      7      7     14      4     12      8      6     12      6      6      6      0      7      9     13      6     22      2     36      5      8     15      8      8     21     29     14      4     10      5      1     18     23
78     0      000021 001409 5.000e-01     36     21      7     10     15      8      4     25     18      3      1     17     27      8     12      7     14     26     30     15     20     18     72      2     27     26     31     30     21     12      4     17     19     20     18     20      8     17     19     18     18     26      2      3      9     21      2     10     13     18     13     17      8      2     23     12      9     10      0      0      5      0      5     17      7     27      7     14      2      4     14     23      2     35     13      1     10      9     15      5     11     15     26      5      7     42     28     20      5      2     10     13     13      5      7      4      5     22      5     10
328    78     000012 000736 5.000e-01     21      2      2      7     17     17      9      1      3      2      8      8      1      2      1      5      3      5      9     23     16     57     24      3      0     12      6      5      2     20      5      4      1      1      3      2      5     17      1      6      7      5      9      0      9     17      1      5      1      1      0      0     10     12      2      9      0     10      5      2     21      2      8      7     19      0     13      7      2      1      1      2      1     10     12      5      1      1     22      8      7      4      2     28     13      0     16      3      9      3     12     11      3     11     18      2      0      2      7      1
41399  78     000002 000104 5.000e-01      0      0      0      0      1      0      0      3      2      2      0      0      2      0      0      1      1      1      2      0      1      2      1      7      1      4      0      6      3      0      0      0      0      0      0      2      3      0      2      0      0      0      1      0      1      0      0      0      0      2      2      1      0      0      0      0      1      0      0      2      2      0      2      0      0      4      1      2      0      7      0      0      0      0      0      0      1      0      0      4      1      0      2      0      2      2      0      0      0      5      0      2      0      0      0      1      1      5      0      3
41342  78     000007 000417 5.000e-01      4      2     13      9      9      4      3      2      1      2      8      8      1      4      2      3     13      1      2      4      5      5      0      1     10      5      3     17      7      1      5      2      8      0      5      5      1      0      5      2      8      4      0      2      1     10      1      1      6      8      1      1      2      2      1     10      0     10     12      8      5      1      1      1      0      6      2      2      7      5      1      6      2      8      2      8      1      7      3      3      4      1      5      2      1      1      6      4      9      0      4      6      2      2     11      1     12      4      1      0
40457  0      000003 000240 5.000e-01      3      2      2      1      2      2      0      2      1      1      5      2      1     12      1      4      3      0      2      1      2      1      7      2      0      1      4      5      2      2      0      1      2      0      9      4      1      1      4      2      4      3      0      0      1      3      3      2      3      3      3      1      2      3      0      2      5      2      1      3      1      2      0      1      5      1      5      0      1      5      1      0      3      1      2      7      0      3      1      1      0      3      3      1      2      1      0      2      3      1      0      4      8      7      0      9      1      5      6      3
41324  40457  000003 000203 5.000e-01      5      0      2      0      6      7      0      0      0      1      1      0      0      1      0      3      2      2      2      0      1      0      0      1      0      2      3      1      3      3      5      2      1      4      0      0      0      1     12      3      1      2      0      6      0      2      0      2      1      2      1      1      1      0      6      1      2      0      2      7      1      0      1      3      4      0      2      3      5      0      0      7      4      3      0      3      4      0      3      4      1      0      5      2      0      0     10      5      0      2      5      0      2      0      2      9      1      0      0      1
