SCORE -1.40425521962074e+05
ITER 0
ETA        1.50000000000000e+00 1.50000000000000e+00 1.50000000000000e+00
GAMMA      5.00000000000000e-01 5.00000000000000e-01
GEM_MEAN 5.00000000000000e-01
GEM_SCALE 1.00000000000000e+02
SCALING_SHAPE 1.00000000000000e+00
SCALING_SCALE 5.00000000000000e-01
ID     PARENT NDOCS  NWORDS  SCALE     WD_CNT
0      -1     000100 011205 5.000e-01     32     26     51     87     87     49     48    152     67    138    128     76     34     10    162     16    123     56    296     50     77     58    519     68     24    292    140    346     20     31    220     27     46     36    158     87    105    106    205    220     26    311    151     90     36     61      7     31     92     73    216    174    172    105     83     94     52     27    413     23     56     23    137    169     28    209     11     30    239    131    115     90    176     16     13     39      4    158     26    194    102     47     81     50    208    118    157     60    503    105    255     28    169    183     96     82     69     61     40    217
1      0      000010 000737 5.000e-01     21      6      4      5     16      8     17      8      6      2      7      4      2      1     27      2      4      5      8      4      4      3     13      0     12     19      1     18     27      5     14      8      5      3      0     14      6      2      8     11      5      8     15      9     17      5      7      6     10      5      1     20      8     18      5      3      4      4      0      7      3      3      1      2      4      6     10     14      1      2      5      7      7     11      2     11     16      5      2     11     18      4      2      3     10      9      3      4      6      7      3      9      5     15      3      3      4      9      3      7
2      1      000005 000364 5.000e-01     13      1      1     11      1      5      1      5      4      0      3     10      0      3      7      1      8      4     10      4      5      3      5      6      5      2      4      2      2      0      1      1      6      3      2      5      5      9      2      1      1      2      4      2      3      1      2      0      2      0      7      2      2      1      5     13      0      3      3      0      6      2      6      5      3      7      0      3      8      2      9      2      5      0      5      3     11      2      1      3      6      5      4      2      4     10      3      2      3      4      3      5      1      3      2      2      2      0      0      6
30     1      000004 000274 5.000e-01      2      1      2      1      8      6      0      0      5      4      6      0      0      3      5      0      3      3      1      3      2      8      2      6      3      0      0      2      1     10      2      3      4      3      9      3      1      1      8      3      5      2      2      1      2      4      1      2      0      0      1      0      1      5      2      8      1      1      3      5      1      1      0      0      1      2      5      7      7      2      0      7      3      0      0      1      5      1      1      3      1      4      2      2     11      2      0      7      3      2      4      0      2      3      4      0      4      0      2      4
110    1      000001 000075 5.000e-01      1      0      3      1      1      1      0      1      0      0      0      1      0      1      0      0      2      1      2      1      1      1      0      2      0      3      0      1      0      0      0      0      1      0      0      0      1      0      2      0      2      1      0      1      0      0      2      0      1      1      2      1      1      1      0      1      1      1      1      3      0      0      0      2      0      2      0      0      0      0      1      0      3      0      0      0      0      1      0      0      2      0      0      2      0      1      1      2      5      0      1      3      0      1      0      0      0      0      0      0
5      0      000007 000415 5.000e-01     10      0      1      6      4      6      6      4      3      5      4      5      1      0      4      1      7      6      2      1      5     11      0      1      7      0      4      5      9      0      0      0      3      8      3      2      3      4     24      4      9      6      5      2     10      3      2      2      1      0      8      8      9      0      9     13      4      1      7      4      0      0      0      1      4      2      0      0      2      0      1      6      0      4      1      1     19      7      1      1      2      9     11      1      7      5      5     10      1      1      2      2      3      9      7      3      0      2      1     12
6      5      000002 000149 5.000e-01      1      1      0      1      2      3      0      2      1      1      2      0      1      0      1      2      1      2      2      0      0      0      0      3      3      4      1      0      0      0      0      0      0      1      0      1      1      0      0      4      2      6      3      1      3      1      0      0      1      2      1      3      1      1      0      2      0      2      0      0      2      1      0      4      0      3      0      2      7      1      0      1      4      1      0      3      3      0      1      2      5      0      0      0      1      0      4      1      1      3      0      1      4      3      5      1      2      3      3      7
15     5      000002 000131 5.000e-01      2      1      1      1      1      0      0      1      1      0      1      2      1      2      2      0      1      1      5      1      2      1      1      1      3      1      2      2      1      1      1      5      1      0      0      7      2      0      1      3      1      3      2      4      1      1      0      2      0      1      2      0      2      0      2      0      2      0      4      1      1      2      1      3      0      0      3      2      2      1      0      0      0      1      2      2      2      0      0      0      3      0      2      0      2      2      0      0      5      0      0      0      0      0      1      2      0      4      0      1
123    5      000001 000080 5.000e-01      4      0      0      2      0      1      3      1      0      0      0      1      0      2      2      0      1      0      1      0      1      1      0      0      1      0      1      0      0      1      2      0      0      1      0      2      1      2      2      0      2      1      0      0      2      0      1      1      1      0      1      2      0      1      0      0      0      2      1      1      1      0      2      1      0      0      1      2      1      1      2      0      1      1      0      2      1      3      0      0      0      0      0      0      0      0      0      0      1      0      1      0      2      2      0      2      1      1      1      1
150    5      000002 000132 5.000e-01      2      0      2      3      2      0      0      2      0      3      1      2      1      2      1      0      0      1      1      0      1      1      1      0      3      2      0      3      4      0      1      0      1      1      2      4      0      2      1      1      0      4      0      2      1      1      1      0      2      1      1      0      2      0      4      0      1      0      0      2      2      2      2      2      0      2      1      2      1      5      3      1      0      0      2      2      1      1      0      6      3      2      2      2      0      1      0      0      2      2      0      4      1      0      0      0      0      2      1      2
9      0      000009 000674 5.000e-01      5      1      5     14      8     12      9      1      8      2      0      4      8      8     23      2      7      6      7      4     12      6      5     11      4      4      6     15      2      3     10     18      1      9      5     12     14     11      4      7     11     11      2      5      4      6      4      6     11      4      1     19      2      3      0     16      1      3      4      2      1      2      6      6      4     12      5      8     16      5      1      6     12      2      0      2     30      3      1      2      7      8      9      2     14      4      2      6      9      3      4      7     12      8      5      9      7     11      2     13
10     9      000002 000108 5.000e-01      1      3      0      1      1      0      0      1      1      0      2      2      1      3      2      0      1      0      1      0      0      0      0      0      0      0      2      6      5      2      0      3      0      1      0      0      1      0      0      0      0      1      0      1      1      1      0      0      0      1      2      3      2      1      0      2      1      0      0      2      2      1      0      1      0      2      0      0      0      2      1      6      3      3      1      0      3      3      0      1      2      1      0      0      1      1      4      1      0      1      4      2      1      1      0      0      0      0      1      1
25     9      000003 000171 5.000e-01      1      1      0      1      1      2      1      2      4      1      6      2      1      2      0      1      4      2      2      2      3      5      1      0      1      0      0      1      2      4      2      2      3      0      4      1      1      3      4      0      0      0      5      2      0      0      0      3      0      1      1      0      4      1      2      2      0      0      0      0      1      0      5      0      1      2      5      3      2      2      1      2      0      6      3      1      5      1      0      0      0      8      1      0      0      4      0      1      2      2      1      2      2      0      3      0      1      1      2      7
39     9      000004 000280 5.000e-01      8      2      2      1      3      6      3      9      5      7      1      3      2      1      1      0      3      2      1      1      2      5      4      3      5      2      4      5      2      1      2      0      5      5      0     10      0      1      6      4      0      7      5      5      5      1      4      1      2      2      3      4      5      0      5      2      3      0      1      3      3      0      5      3      1      1      1      3      2      3      5      5      3      1      4      1      8      1      3      1      4      0      3      1      5      4      4      2      1      1      0      0      0      4      1      4      0      2      1      4
18     0      000004 000263 5.000e-01      1      0      1      2      2      2      3      2      0      2      7      1      0      2      6      2      0      2      1      0      3     14      3      0      6      3      3      7      0      1      1      4      1      2      3      7      0      5     10      0      1      5      0      1      5      2      3      1      4      2      2      7      2      3      0      1      2      4      5      1      0      2      2      1      0      0      2      7      2      5      0      3      1      2      0      0     22      2      3      2      1      9      3      0      2      0      2      4      4      1      0      2      4      1      0      1      2      4      2      5
19     18     000003 000213 5.000e-01      2      3      0      5      7      2      0      3      2      0      2      3      0      1      1      1      3      2      3      2      3      0      0      2      2      2      0      1      2      8      0      2      1      1      1      5      1      0      3      1      5      0      5      2      2      2      0      0      0      3      4      3      2      0      2      3      0      1      1      5      0      3      3      1      2      2      1      9      1      0      0      0      8      3      3      1      6      1      2      2      3      0      1      3      5      2      2      0      2      2      4      1      1      2      5      1      1      7      1      5
22     18     000001 000086 5.000e-01      0      1      0      3      1      2      0      2      0      2      0      1      0      0      4      0      1      0      1      0      0      1      4      0      0      0      0      0      0      0      0      2      1      0      0      0      0      0      0      1      4      0      0      0      0      1      0      0      1      0      0      0      1      2      0      0      1      1      0      0      0      1      2      0      2      0      0      0      0      0      1      2      1      0      0      5      2      1      2      4      2      2      1      0      0      0      0      3      2      0      0      2      4      0      0      4      1      1      0      3
33     0      000016 001067 5.000e-01     21      3      1     19     14     14      8      8     12      7      5      3      4     22     31      3      8     14      3      3      5     14     12     16     24     10     12     24      5      8      7      9      2      6     23     14     11     23     31      0     17     14     10      3     18     10     10      4     13      8     10     17     13     13      5     18      2      2      4      9      1      4     18      8      4     11      5     17     15     16      5     19     18      9      8     12     26      8      1      6     11     18      0      7     12      7      5     10      8      4      9     12     17      6     10     13      2      6      8     32
34     33     000004 000249 5.000e-01      9      0      1      4      5      2      4      7      0      1      1      0      3      2      0      2      5      2      2      1      0     10      4      0      0      2      0      2      1      0      3      8      1      4      6      2      0      0      2      3      4      0      0      3      4      9      1      0      1      8      3      3      1      5      0      5      2      1     11      2      1      3      2      2      0      1      2      0      3      1      0      2      3      2      1      1      8      2      3      1      6      1      1      0      2      0      7      4      2      0      2      3      1      9      6      2      1      1      0      1
44     33     000004 000282 5.000e-01      7      4      3      1      1      6      4      1      1      3      0      0      5      0      6      1      8      3      0      1      1      3      1      1      4      2      1      1      5      2      0      3      3      1      3      1      3      3      3      2      6      3      1      3      4      3      0      1      3      1      1      4      0      2      2      5      4      0      2      0      2      4      2      6      4      2      0      0     11      3      4      1      3      1      1      4     11      5      1      6      2      4      1      5      9      2      5      3      2      2      3      9      0      3      5      2      2      3      2      4
66     33     000004 000275 5.000e-01      1      1      3      2      6      3      2      0      7      2      7      1      1      0      6      2      3      3      3      5      6      1      7      3      5      5      2      2      3      1      2      0      1      2      0      8      6      4      1      3      0      1      1      7      2      1      2      0      1      2      1      3      2      0      0      1      4      0      1      1      3      1      4      4      0      4      3      2      3      3      8      6      8      1      1      2      9      1      2      1      6      2      3      1      4      3      4      4      5      3      7      3      2      0      2      4      2      1      2      1
71     33     000004 000308 5.000e-01      4      1      1      2      8     10      1      1      1      3      4      1      1      2      6      1      5      1      1      5      8      2      4      1      5      4      1      6      5      2      1      6      3      1      3      2      9      4      4      1      4      3      4      4      8      5      0      0      7     12      1      3      0      2      0      5      0      2      3      1      1      2      1      0      0      1      3      2      7      2      1      4      2      2      6      4      8      0      2      3      3      2      1      2      5      0      2      6      1      1      5      1      7      9      4      3      2      5      1      2
47     0      000006 000404 5.000e-01      7      1      9     10      5      3      3      2      8      5      3      8      6      3     16      1      2      2      2      2      6      0      3      2      8     15      3      0      3      1      4      3      2      8      0      8      2      5      9      2      1      2      6      3     12      2      4      2      0      2      4      2      2      3      4      2      0      5      3      1      1      1      3     11      3     15      4     10     18      2      4      0      0      2      4      2     14      4      5      6      3      2      0      5      6      2      2      2      0      5      1      1      1      4      3      4      4      4      2      2
48     47     000003 000209 5.000e-01      5      0      2      0      3      0      6      2      0      3      0      0      1      0      3      1      5      0      2      1      1      1      1      1      3      0      0      5      1      5      2      4      6      2      1      4      0      6      8      1      2      0      1      3      3      1      1      1      2      4      2      1      1      0      4      5      2      1      3      4      0      2      2      3      1      8      1      1      4      2      0      0      1      3      2      4      4      4      1      0      3      2      2      1      1      0      1      5      0      2      0      0      4      2      5      2      2      1      2      4
84     47     000002 000166 5.000e-01      0      1      2      0      1      0      0      1      4      0      3      0      0      2      2      0      0      0      0      1      1      0      3      2      1      0      1      9      0      5      0      3      2      1      5      3      2      0      1      0      1      1      0      2      0      2      0      0      0      8      4      1      0      4      0      1      3      1      1      0      0      0      1      1      0      1      2      1      0      2      0      2      5      6      0      5      8      0      0      2      3      6      1      3      0      1      4      1      2      0      3      4      1      4      3      1      3      2      2      1
87     47     000001 000066 5.000e-01      0      0      0      0      2      1      0      2      2      0      0      2      0      0      1      2      1      1      1      0      1      1      0      3      1      0      2      3      1      0      0      1      2      0      0      0      0      0      0      0      2      1      0      1      1      2      0      1      0      0      0      2      0      0      0      0      0      0      2      0      1      0      0      0      1      1      0      0      0      0      1      1      2      1      0      0      1      0      0      0      1      1      0      2      0      1      1      0      2      0      1      1      2      0      0      1      0      1      1      0
51     0      000010 000648 5.000e-01     28      4      4      4     14      4      5      5      1      6      4      0      1     10     15      9      4      1      5      3      4      4     10      9     12      7      3     10      2      5      0      8      3      6     10      7      2     11     15     11      9      2      1      2     11      4      3      8      6      6      0     16      6      5      6     16      9      1      8      1      3      1      3      8      0      4      5     16      3      5     10      2      7      8      8      5     35      7      3     10      8      4      2      1      6      8     16      8      0     12      3      6      0      5      4      7      4     12      2     11
52     51     000005 000360 5.000e-01      3      4      1      5      1      5      4     10      5      2      0      5      2      5      8      0     10      5      2      3      8      0      5      5      3      3      2      3      7      0      0      2      1      5      2     12      2      0      7      3     10      5      1      5      8      6      3      3      2      3      6      3      2      3      0      6      4      3      4      3      5      3      1      4      3     14      2      0      4      3      4      9      1      4      1      2      3      3      1      1      3      2      0      3      4      6      3      2      4      0      5      3      1     10      6      5      1      0      1      3
63     51     000002 000136 5.000e-01      2      1      0      2      3      3      0      0      1      0      0      1      0      1      2      1      3      5      1      1      0      1      3      2      2      3      0      2      0      2      3      4      1      0      3      2      3      1      0      0      2      1      2      0      1      0      2      0      0      2      0      1      2      1      0      4      1      0      1      0      2      0      0      1      2      1      2      0      1      0      1      7      1      5      0      0      0      2      0      2      2      0      5      5      2      2      2      0      3      0      0      2      0      0      1      3      1      0      0      2
145    51     000002 000129 5.000e-01      2      0      0      3      2      0      1      0      2      1      2      1      1      0      6      0      4      0      0      3      0      1      2      0      3      0      0      0      0      0      1      5      0      0      2      0      1      0      0      2      0      0      2      1      6      0      0      0      2      1      2      0      1      4      3      1      2      2      1      2      1      0      1      0      0      3      1      2      2      1      3      0      2      1      3      1      2      3      0      2      2      2      0      3      4      0      2      3      1      0      0      1      0      0      2      0      1      0      2      3
228    51     000001 000048 5.000e-01      1      0      0      0      0      0      0      0      1      0      1      0      1      0      1      0      0      1      0      0      2      0      0      0      1      1      2      0      3      0      0      1      0      0      1      3      1      0      0      0      0      0      0      1      1      0      2      0      0      0      0      0      0      0      1      0      0      1      0      2      0      1      0      0      2      0      0      0      1      0      0      0      2      1      0      1      0      0      1      0      2      0      0      0      1      0      0      2      0      1      0      1      0      0      0      0      1      0      2      0
76     0      000005 000342 5.000e-01      1      2      1      1      7      5      0      2      3      1      6      6      6      0      7      4      3      4      3      2      7      3      1      1      5      3      2      9      4      7      2      3      3      4      7      7      5      5      1      9      5      1      9      5      0      1      1      1      9      2     10     10      2      7      2      1      0      3      6      0      2      0      1      7      0      2      4      2      4      5      0      2      2      6      2      5      3      1      4      4      6      0      2      2      0      4      1      5      4      4      0      1      2      7      6      3      0      1      5      6
77     76     000005 000308 5.000e-01      5      1      0     10      1      5      1      4      0      0      2      2      0     11      2      3      1      4      0      1      7     13      1      0      5      0      1      3      0      0      1      3      5      4      4      7      5      0      6      1      4      6      5      0      6      0      1      1      1      2      5      5      3      1      4      6      4      1      1      0      4      0      3      4      1      1      2      4      5      2      6     10      3      1      2      7     16      1      4      3      2      4      2      0      3      4      2      2      5      2      1      2      6      6      1      3      0      3      0      6
90     0      000003 000230 5.000e-01      2      4      2      0      0      3      1      0      0      0      2      2      0      0      5      1      6      0      5      2      7      2      0      4      5      1      2      1      1      1      1      0      3      3      0      3      0      2      4      1      4      4      6      1      3      1      0      1      3      3      0      3      4      1      8      3      2      4      3      2      8      0      1      1      3      4      1      2      1      0      6      2      7      0      4      6      0      1      2      2      3      3      3      4      3      4      0      4      1      1      2      3      0      1      2      3      1      5      2      2
91     90     000002 000129 5.000e-01      1      1      1      0      1      1      3      0      1      0      1      0      4      1      5      0      1      2      1      0      0      0      3      2      3      5      1      6      1      1      0      1      1      1      1      2      3      0      1      1      1      0      2      0      2      1      1      1      0      1      1      3      3      1      2      2      2      2      0      1      0      0      1      2      0      0      1      2      3      1      1      0      1      4      1      0      0      1      0      1      1      2      0      0      1      0      2      4      0      2      0      2      1      0      7      0      1      1      2      1
250    90     000001 000064 5.000e-01      2      0      1      0      2      1      0      0      0      0      0      0      0      1      0      2      0      0      0      0      1      0      0      0      1      1      1      0      0      0      0      0      0      0      1      0      1      0      1      1      0      2      0      1      0      0      1      0      0      0      0      2      1      1      0      2      0      0      0      0      1      1      3      1      0      1      2      2      0      0      1      1      0      1      1      1      2      0      0      1      1      0      1      0      1      1      2      0      2      2      2      0      0      0      0      0      0      2      2      2
94     0      000002 000146 5.000e-01      3      0      0      2      3      0      2      1      2      0      4      1      0      1      0      0      2      2      1      1      0      0      6      2      8      4      2      2      2      1      0      2      1      0      1      2      0      1      2      0      0      6      0      3      4      1      1      0      1      1      1      4      1      0      0      1      0      2      2      0      1      0      2      0      1      2      0      6      2      1      1      2      5      1      1      3      0      0      0      3      2      4      1      1      1      2      0      0      0      1      0      3      2      3      0      1      2      3      0      0
95     94     000001 000059 5.000e-01      0      1      2      1      2      0      0      0      1      0      0      0      0      1      0      0      0      0      1      3      0      0      1      1      5      0      0      1      0      0      0      0      1      0      0      0      2      0      1      0      0      1      0      1      1      2      0      0      0      0      2      1      0      2      0      2      0      0      0      1      1      1      0      0      0      0      1      1      0      1      0      0      1      0      3      0      1      0      2      0      0      0      0      0      1      0      0      1      2      0      2      0      1      0      0      1      1      0      1      0
166    94     000001 000085 5.000e-01      4      0      1      0      2      0      0      0      2      3      1      0      0      2      2      0      0      0      0      1      3      0      0      1      1      3      0      1      0      0      0      2      1      0      2      3      1      0      1      1      1      1      0      1      0      1      0      0      0      1      2      0      0      3      0      1      0      0      0      0      0      1      0      0      1      1      2      1      1      0      5      0      1      0      1      0      1      1      0      0      0      1      0      0      3      0      0      2      1      5      1      0      0      1      0      0      3      0      2      1
100    0      000002 000120 5.000e-01      2      2      0      3     10      1      0      1      0      0      2      0      0      3      3      0      0      1      3      2      0      1      0      2      1      1      0      4      1      0      0      6      1      0      0      2      1      1      5      1      2      3      3      2      1      1      0      0      1      1      3      1      0      2      1      1      0      1      2      1      0      2      2      1      0      0      0      0      2      2      0      1      0      0      1      1      0      1      0      2      1      1      1      1      1      3      2      0      0      2      0      2      0      1      3      0      0      0      0      1
101    100    000002 000166 5.000e-01      1      0      0      2      0      2      1      0      0      0      0      1      1      1      1      0      2      0      1      0      1      0      1      3      1      1      2      1      3      0      0      2      2      0      2      2      1      0      0      1      2      3      1     10      2      4      2      0      0      0      2      0      2      1      1      4      0      3      1      4      0      1      2      8      4      3      2      2      5      1      4      2      0      1      1      2     11      4      1      4      3      1      0      2      5      0      6      2      1      1      0      2      0      0      1      0      0      5      1      0
113    0      000006 000418 5.000e-01     10      2      2      4      9      6      4      2      0      9     10      4      0      6      8      4      2      3      1      4      2      4      2      4     19     11      5      9      8      5      0      5      1      2     10      0      3      5     10      2      5      5      4      5      9      6      6      2      3      6      1     14      8      0      2      2      9      1      4      2      3      0      2      2      8      5      9      5     13      1      4      1      1      4      0      1      6      1      0      6      2      3      0      2      2      2      6      0      7      0      6      0      0      3      5      3      1      4      4      5
114    113    000003 000232 5.000e-01      1      3      4      3      1      1      0      0      1      3      1      6      4      0      3      1      2      0      0      5      3      1      1      1      4      0      2      4      5      3      3      3      1      2      3      3      0      5      4      1      2      2      4      2      5      4      0      0      1      0      1      3      3     10      0      3      1      2      6      1      4      1      0      1      1     10      3      5      0      4      3      2      3      6      1      1      5      1      0      3      0      6      0      3      2      8      2      3      3      0      1      0      0      2      3      1      0      1      1      4
153    113    000001 000063 5.000e-01      3      1      0      0      1      1      0      0      0      0      1      1      0      0      1      3      0      0      0      0      0      0      0      2      2      0      0      0      1      0      0      0      0      0      0      2      1      1      0      1      1      1      2      0      0      0      2      0      0      0      2      0      0      2      1      1      0      0      2      1      0      0      2      0      0      2      0      0      1      2      0      0      0      0      2      1      1      0      0      0      1      0      0      1      2      0      0      1      2      0      0      1      0      0      0      1      1      1      2      2
210    113    000001 000065 5.000e-01      0      2      1      4      0      0      0      0      0      1      0      0      1      0      0      0      1      1      0      2      0      2      1      1      0      0      0      0      0      0      1      0      0      0      0      1      1      0      1      2      1      2      1      2      1      0      1      3      0      0      0      0      0      1      0      1      2      0      1      0      0      2      1      1      0      0      1      1      0      0      0      0      1      1      0      1      2      1      0      0      1      0      1      2      0      1      1      1      1      1      1      1      0      0      0      0      1      0      1      1
264    113    000001 000085 5.000e-01      1      0      0      0      0      1      0      0      0      0      0      0      1      0      3      0      1      2      3      0      0      2      0      1      2      3      0      6      0      0      0      0      0      1      1      1      4      0      1      0      3      1      0      0      3      0      1      1      1      1      0      1      1      0      0      1      0      0      0      0      0      2      0      3      0      2      1      0      0      4      2      0      1      1      2      0      1      1      1      1      0      1      1      0      3      0      0      1      0      2      1      2      0      1      1      1      0      0      1      0
119    0      000005 000333 5.000e-01      7      1      2      4     10      2      1      0      6      1      3      0      2      3      4      4      4      7      3      0      2      8      3      0      4      2      4      4      3      4      8      1      7      6      6      2      4      2      1      4      1      5      1      5      1      2      1      1      2      7      2      3      2      1      0      0      4      2      1      2      0      1      0     12      3      4      3      9      2      5      0      5      4      2      1      5     26      3      0     10      4      4      1      0      0      1      4      6      6      4      1      4      2      3      0      7      1      3      1      4
120    119    000004 000290 5.000e-01      8      1      3      6      1      3      1      5      3      7      1      0      3      6      7      1      4      3      2      0      2      0      7      4      6      0     10      0      6      1      2      3      0      2      2     12      1      1      7      5      2      1      3      3     10      5      2      3      1      4      1      7      1      2      0      2      3      2      3      3      2      3      0      1      0      1      2      5      7      1      1      2      3      0      1      1      3      5      3      1      3      4      3      3      2     11      3      0      0      0      1      1      2      1      3      1      0      4      3      9
132    119    000001 000059 5.000e-01      0      1      0      0      1      1      0      0      0      0      1      1      0      2      0      0      0      1      0      0      0      1      0      1      0      0      0      0      0      1      1      1      0      1      0      2      0      0      1      0      0      0      0      3      2      1      0      0      0      0      2      0      1      0      1      1      2      1      1      1      0      3      1      0      0      1      0      1      1      0      0      1      0      2      0      0      1      0      0      2      1      3      0      0      0      2      0      0      0      1      0      0      1      1      0      2      0      0      1      1
126    0      000001 000069 5.000e-01      1      0      0      0      1      0      0      1      1      0      1      1      0      0      0      0      1      0      1      2      0      4      2      0      5      0      1      3      1      0      1      1      1      1      0      0      0      0      1      0      3      0      2      0      0      0      0      0      0      1      1      1      0      1      4      0      1      0      1      1      0      0      0      0      0      4      0      0      0      0      1      1      2      0      0      0      0      1      0      0      1      4      0      0      2      0      1      0      0      2      1      1      0      0      0      0      1      0      0      0
127    126    000001 000080 5.000e-01      2      0      1      2      1      1      0      1      0      1      0      0      0      0      0      0      0      0      1      1      1      0      1      1      0      3      3      1      0      1      0      0      0      1      0      0      3      2      0      0      0      0      0      0      1      1      0      1      1      1      1      2      0      1      1      0      0      1      0      1      1      1      0      0      1      1      0      2      1      1      1      4      1      0      1      2      0      0      1      0      2      2      0      0      1      1      1      1      3      2      1      0      0      2      0      1      1      0      1      3
137    0      000004 000279 5.000e-01      1      3      1      2      2      9      3      1      2      2      1      4      1      1      8      4      0      5      4      2      2      3      2      4      8      6      4     12      4      4      2      2      1      1      2      3      4      1      1      2      5      3      0      4      4      5      5      4      3      1      0      2      2      1      1      3      2      2      0      3      0      4      2      2      1      1      1      6      5      2      1      2      6      0      0      1      4      4      1      5      2      6      3      1      5      1      9      4      4      2      1      4      2      2      2      1      1      6      1      0
138    137    000004 000261 5.000e-01      3      0      2      6      1      2      1      2      0      1      3      0      4      2      3      1      5      3      1      3      3      4      5      1      6      5      1      0      2      1      3      0      0      3      0      3      2      5      4      3      2     10      2      2      5      2      0      2      8      3      1      0      1      5      1      4      2      1      1      5      4      3      3      1      0      4      1      2      8      2      0      2      1      3      2      0     27      0      0      1      9      0      1      2      3      1      1      4      0      1      3      6      1      2      6      0      5      1      0      0
156    0      000002 000150 5.000e-01      2      1      4      0      4      2      0      0      1      2      2      2      0      0      5      1      0      2      1      0      1      0      1      1      1      1      2      3      0      0      0      0      2      2      1      1      1      2      1      1      1      1      2      2      0      2      2      0      2      2      2      2      4      1      1      2      2      4      1      1      0      1      2      5      0      5      7      3      1      2      0      0      4      1      0      1     10      0      0      0      0      2      0      0      3      1      1      2      1      1      0      3      2      1      2      1      1      0      0      3
157    156    000001 000071 5.000e-01      0      0      0      0      1      3      1      0      0      2      0      0      0      1      1      1      0      1      3      0      0      0      0      2      1      0      1      0      2      1      1      1      0      0      1      1      0      0      1      0      0      2      0      0      3      2      1      0      2      2      1      3      1      1      1      0      1      1      0      0      2      0      0      0      0      2      0      0      0      0      0      0      0      1      2      0      1      0      0      1      1      0      1      0      0      1      0      1      0      0      0      1      3      0      2      2      2      0      0      1
255    156    000001 000067 5.000e-01      1      1      0      2      2      0      0      0      2      0      0      1      0      0      1      1      3      0      0      1      0      0      0      0      2      0      0      1      1      4      3      0      0      0      1      0      2      0      0      1      1      0      1      2      2      0      0      0      1      0      1      0      0      0      1      0      2      0      0      1      0      0      0      0      2      0      0      4      2      0      2      1      0      0      0      0      1      1      1      0      1      0      0      0      1      1      0      0      0      2      0      0      1      1      1      1      0      0      0      2
162    0      000003 000222 5.000e-01      5      0      1      1      8      0      1      2      4      0      3      2      3      2      0      3      4      6      1      0      2      0      1      1      4      2      0      9      1      2      2      4      1      5      4      2      0      3      3      2      2      4      0      9      0      0      0      4      3      2      3      0      2      2      4      3      1      1      4      5      5      2      0      3      0      3      3      1      3      5      1      3      3      0      1      3     10      6      0      1      0      1      1      0      3      0      3      2      1      0      2      5      0      3      0      0      3      0      1      1
163    162    000001 000056 5.000e-01      1      0      1      0      0      1      0      0      3      1      0      0      2      1      1      0      0      2      0      0      1      0      1      1      1      1      0      0      0      0      0      0      1      0      0      0      0      1      0      2      1      0      1      0      1      0      0      0      0      1      0      4      1      1      0      0      1      1      1      0      0      1      1      0      1      2      0      0      0      0      0      0      0      2      0      0      1      0      1      1      0      0      1      2      0      0      1      0      4      1      0      0      0      0      2      0      0      0      0      0
193    162    000001 000075 5.000e-01      1      0      0      0      2      0      1      1      0      1      3      0      0      0      0      1      0      0      0      0      2      0      0      0      2      1      2      0      0      1      0      1      0      0      0      0      3      0      0      2      0      0      1      2      2      1      0      0      3      0      1      0      0      1      2      2      0      0      0      1      0      1      1      0      0      3      1      0      0      1      0      2      0      0      1      0      5      0      0      1      4      1      0      3      0      1      2      0      3      0      0      0      1      2      0      1      0      0      1      0
225    162    000001 000055 5.000e-01      0      0      3      0      0      1      0      0      0      0      1      0      0      1      1      1      0      0      1      0      0      2      2      1      0      0      1      0      2      0      0      0      0      1      0      0      0      0      1      1      1      0      1      0      2      1      1      0      1      1      0      1      0      2      1      0      0      0      0      0      0      2      0      0      0      0      0      0      1      0      1      0      5      0      0      0      0      0      1      1      0      0      0      4      0      1      0      0      1      1      0      0      2      1      0      1      0      0      1      0
198    0      000001 000068 5.000e-01      0      1      2      0      0      3      0      0      0      0      0      1      2      0      1      0      0      0      0      0      1      0      0      0      1      0      2      1      2      0      0      1      1      0      0      0      0      0      0      0      1      1      0      0      0      0      0      0      3      0      1      1      0      1      1      0      0      1      1      2      0      1      0      1      0      2      2      2      0      0      0      0      1      1      1      0      3      0      0      0      2      1      3      2      1      0      0      0      1      0      1      1      1      0      3      5      1      0      0      0
199    198    000001 000074 5.000e-01      1      0      0      1      0      0      0      1      2      0      0      1      0      1      0      2      0      4      1      0      1      1      0      1      1      0      0      1      0      0      5      2      0      0      0      1      1      0      0      0      0      5      0      0      2      0      0      0      0      2      3      1      5      0      0      2      0      2      0      0      0      0      0      1      1      1      0      0      0      3      1      2      1      1      0      1      2      1      0      1      0      1      1      0      0      0      0      1      0      0      0      0      1      2      0      0      2      0      0      0
204    0      000001 000078 5.000e-01      0      1      1      0      0      3      2      1      0      0      0      0      0      1      2      3      1      1      3      1      1      2      0      0      0      1      1      1      0      3      1      1      1      0      2      0      2      1      0      0      0      0      0      0      4      0      0      0      1      1      0      0      1      2      1      1      1      0      1      3      3      1      0      1      0      0      0      0      0      0      0      0      0      0      0      1      1      0      0      1      2      0      1      0      0      3      1      1      0      0      0      0      3      0      0      0      2      1      1      2
205    204    000001 000060 5.000e-01      0      0      0      0      0      0      0      0      0      1      1      0      2      0      0      0      0      1      0      1      0      0      1      2      1      1      0      1      0      1      0      0      2      1      0      1      1      2      1      1      1      0      3      1      0      2      0      0      0      0      1      0      0      0      0      1      1      0      1      1      0      1      0      2      0      0      3      1      0      0      1      2      0      1      0      0      2      1      0      1      1      1      0      0      0      0      1      1      2      2      0      0      0      0      1      0      0      1      0      1
219    0      000002 000148 5.000e-01      3      2      0      0      2      2      1      2      2      1      1      2      3      3      0      1      2      1      2      0      1      1      1      0      4      0      1      5      2      2      1      3      0      1      4      1      1      2      1      5      0      1      0      2      2      0      2      2      7      4      1      2      0      1      2      0      1      1      2      2      0      0      2      5      0      0      1      1      3      1      0      1      0      4      4      2      1      0      0      1      2      0      2      1      0      0      1      3      0      1      3      1      1      0      1      1      1      3      2      1
220    219    000001 000070 5.000e-01      0      0      2      1      0      2      0      0      0      1      0      0      0      1      1      1      1      2      0      0      0      0      1      1      0      1      0      4      3      0      3      1      0      0      0      0      2      0      2      0      0      1      3      0      1      1      0      2      0      0      1      1      0      0      0      2      0      0      2      0      1      2      1      1      0      0      0      2      1      1      0      0      2      1      3      0      0      1      0      0      1      0      1      1      0      0      0      1      0      0      1      0      0      0      1      0      1      0      1      2
231    219    000001 000063 5.000e-01      0      0      1      0      0      0      2      0      0      3      0      1      1      0      0      1      2      1      0      0      2      1      0      0      1      2      0      1      2      0      0      0      4      0      0      0      0      0      2      1      0      0      0      0      1      0      2      0      0      0      0      3      1      0      0      0      0      0      0      0      0      1      2      0      1      0      1      1      1      0      0      0      1      1      0      2      2      0      1      0      1      0      0      0      1      3      0      1      1      0      0      0      0      1      0      0      1      2      0      3
238    0      000001 000101 5.000e-01      1      0      2      1      2      4      1      1      1      1      0      1      0      0      1      0      1      0      0      0      1      1      3      2      0      1      0      2      2      0      0      0      0      0      0      0      2      5      0      1      1      3      1      3      1      0      1      1      0      6      1      0      0      0      3      1      0      1      0      1      1      1      2      1      1      3      0      0      1      1      0      2      0      1      1      0      2      1      0      0      4      6      0      0      1      2      1      3      0      0      0      2      0      0      1      0      0      0      0      2
239    238    000001 000055 5.000e-01      2      0      2      0      0      0      1      0      0      0      2      1      0      0      0      0      1      0      0      1      0      0      0      0      0      3      0      0      0      0      0      0      0      0      0      4      1      3      0      0      3      1      0      0      1      0      0      0      0      0      1      1      1      3      0      2      0      0      0      1      0      1      0      1      0      0      1      0      0      0      1      0      1      2      0      0      0      0      0      1      0      0      2      1      0      0      0      0      0      1      0      1      0      3      1      1      1      1      0      0
