SCORE -1.38732904589872e+05
ITER 10000
ETA        1.50000000000000e+00 1.50000000000000e+00 1.50000000000000e+00
GAMMA      5.00000000000000e-01 5.00000000000000e-01
GEM_MEAN 5.00000000000000e-01
GEM_SCALE 1.00000000000000e+02
SCALING_SHAPE 1.00000000000000e+00
SCALING_SCALE 5.00000000000000e-01
ID     PARENT NDOCS  NWORDS  SCALE     WD_CNT
0      -1     000100 012722 5.000e-01    119     19     21    120    146     61     49    103    100    152    131     29     52     77    255     15    171     55    175     20    108     92    537     90    160    238    149    390     46     13    192     49     29     41    146    194     37    135    316    176     63    388    197    113    175     76      7     27     64     96    195    294    131     92     90    132     31     27    395     66     61      9    103    241     20    151     54     64    273    111     69     81    179     65     38     38    282    179      0    198    149     93     47     15    255    128    172    112    539     66    190     62    165    214    120     53     24     69     46    320
1      0      000015 000912 5.000e-01     15      5      9      5      6     19      4      2      6      0     10      2      5      2     12     15      0     13     10     10     19      2      7     10      3     20      2     13     25      4      2     14      8      1     28      7     16      3     15     26      1      9      2      7      8     10      5      9     23      3      7      4     10      2      7     20     17      9      8      0      6      6     15      9      3     27      0      1     10     23     11      8     18      3      3     20     22      7      7      1     10      3     13     17      5     15      1      5     11      6     17     14      0      3     12     12     17      6      1      8
31036  1      000014 000806 5.000e-01     12      4      2      0      4      4      7     18     20     12      3     15     10      7     24      3      9     21      7     11     11      4      5      9      9      5     15     14      1      1     10      0     15      9      1     11     21      2      1      0     11      0      3      8      2      5      8      1     15     11      2     13     19     17      0     11      1      6      3      7      5     10      7     20      7     16      5     21      1      4     11      8     10     11     11      2     18      4      5     11      7      0     11      3      7      3      7     10      2      5     26      3      1      4     11     14      3     10      6      6
48402  1      000001 000073 5.000e-01      0      2      2      4      0      1      0      1      0      0      3      0      1      0      0      0      0      0      1      1      0      3      0      0      1      2      0      1      0      0      1      1      0      1      3      0      1      0      1      0      0      0      3      1      0      0      1      0      0      0      0      2      2      2      0      3      2      0      1      0      1      1      0      0      0      1      2      2      1      0      2      0      0      2      0      0      1      1      0      2      1      0      2      1      0      0      1      0      1      0      1      0      1      0      0      0      0      0      0      1
5      0      000011 000651 5.000e-01      4      1      3      3      0     11      2      3      1     10     21      7      3      5      1      5      1     15      3      2      4     11     11      2     10     13      8      3      6     10      4      3      5      3      6      8     12      5      4     25      3      4      6      5      1      3      5     13      4      5     20     12     18      6     12      7      3     10     13      2      9      6      4      8      0      3      7      3      3      0     11     14      3      5      2      4     11      3      4     11      6      6      0      2      2      8      3     13      2     10     11      5     13     17      3      4      9      0      1     19
24575  5      000011 000696 5.000e-01      1      7      2     10      4     21      6     23      6      3     11     12      1      4      2      1      3      4     34      4      7     18      1      2      1      4      4      3      5      3     21     14      4     15     15      4      5      6      6      2      8      7      7      9      3      4      3      1     16      1      2     10      0      5     10      6      7      1      2      3     11      1     13      0      7     16      5      7      8      9      4      3      1      0      2     14      8      1     18      1      1     11     15      1      1     11      6      5     10     20      4      1      8      5      6     24      0     13      8     13
51     0      000037 002310 5.000e-01     46     26     36      3     55     33     22     22     11      0      9      3     17      6     55     24     47     21     60      8      4     33      9     36     18     69      3     13     31     22     50     44     28     10     31     24     45      7     34      9     22     11      4     16     13     15     26     13     11     25     47      2     39     46      8     26     41     10     39     23     11     12      8      5     11     28     17     23     25     61     34     44     28     23      4     15      4     15      8     19     24      8     14     19     25     12     34      6     17     35     35     16     10     34     10     33     31     32     28     31
26651  51     000037 002255 5.000e-01     25      7     25     37     32      8      7     35     20     33     31     49      2     23     10      5      7     25     24     43     14      6     30     22     21     12     31     86      5     61      7     11     21     21     17      7     28     22      9     52     34      7     19     36     14     26     17      8     29     34     10      2     15     29     16      3      5     21     26      1      1     20     20     15     20     67     15     58     32      9     24     32     57      4     19     28     27     21     23     30     36     20     32     44     40     38     26     16     16     34      9      6     29      4     32     27     20     13      1      7
33     0      000035 002107 5.000e-01     21      4     24     42     10     16     20     23     12     19     12     34      7      3     58      8     29     17     64     10     27     15     30      3     18     46     19     44     20     14     20     32     22     33     45     15     35     32     12     32     18     24     29     25     11     14     14     12     28      3     25      3     20     13     21     35     20      6     10      6      4      8     50      3     12     59     15     11     41     24     29     24      9     13     24     17     25      3      2     24     29     54     21     17      6     12     16     12     14     13     23     37     42     27     12     26     19     23     20      3
48225  33     000011 000655 5.000e-01     10      2      8     10     12     15      6      9      7      8     11      8      0      9      1     13      4      5      6      4     14     14     11      2      2      9      1      6      1      3      2      3      2      4      3      7      9     14     13      6      8     18      2      6      8      7      2      8      3     18      9      4      9      6      3     12      1      2      8      3      8      8      9      3      1      0      3      7      3      8     13      6     18      0      1      6     12      8      2     13      5      5      9      8      0      6     12      3      2      9      7      9      2      7     11      4      6      3      1      6
48345  33     000003 000222 5.000e-01      0      4      4      2      1      2      5      0      1      0      1      7      6      0      0      0      1      1      3      4      1      2      1      1      1      1      2      2      7      1      0      3      2      5      1      3      7      0      6      0      4      1      2      2      2      1      0      2      0      1      1      8      0      0      3      8      4      5      0      0      1      2      0      6      3      3      1      2      1      0      5      0      3      7      1      1      0      0      3      5      0      0      0      1      0     10      1      2      1      1      1      2      2      2      4      3      6      8      2      0
48035  33     000006 000420 5.000e-01     12      6      3      4      1      6     21      5      2      0      4      3      0      2      3      1      1     10      4      5      2      0      7      9      2      1      1      0     15      4      2      0      9      0      4      5      8      1      6      4      5      0      5      2      3      9      3      4      9      5      5      8     12      2      8      7      3      4      3      1      9      2     10      2      5      5      3      1      7      0      8      1      1      7      0      9      0      7      7      1      1      2      0      8      3      2      0      8      2      8      7      2      2      3      2      2      1      5      2      4
47367  33     000014 000804 5.000e-01      5      9      1     11     14     21      4     14      2      2      4      5     11      2      3      0      2      1     12     13      2      9      5      8     12     20      8      1      4      4      6      7      1      6      0      5     13     19      2      5      8      0      2      5      8      8      5      1     18      5     15     16     15     17      9     11     15      5     23     19     13     14      4      3      8      4      0     15     28      1      4     21     14      5      2      3      4     17      3      7      6      3      3      4     28      5     14     14      9      1     14      4      0     11     13      0     14      5      3      5
48401  33     000001 000085 5.000e-01      0      0      2      0      0      2      0      1      0      3      2      0      1      0      0      1      1      2      0      0      2      1      0      0      2      1      1      0      1      0      1      0      0      0      1      0      0      0      1      2      1      3      1      0      1      3      0      1      0      1      3      0      1      2      0      0      0      1      3      0      1      0      0      1      1      0      0      0      1      0      0      0      1      1      0      3      0      1      1      2      0      0      1      1      0      2      1      1      0      0      0      1      4      3      1      0      2      2      3      1
48391  0      000002 000113 5.000e-01      0      2      1      2      1      1      3      2      0      0      0      5      0      0      1      2      0      0      3      0      3      2      2      0      0      0      4      0      0      0      0      0      1      1      0      2      4      0      0      2      0      0      0      1      1      0      0      0      3      0      0      3      2      3      2      2      0      0      1      0      0      2      1      0      1      4      0      1      1      0      3      2      0      0      1      1      1      0      2      0      1      0      2      2      4      2      0      2      4      0      5      0      2      0      0      1      2      1      2      1
48396  48391  000002 000169 5.000e-01      1      0      0      0      1      1      1      2      1      0      0      1      2      0      2      2      1      0      3      2      0      0      5      2      1      8      0      1      5      2      2      0      0      2      0      2      1      7      0      0      2      5      4      1      3      1      0      5      0      1      1      2      4      0      1      3      0      2      0      1      2      5      3      1      1      4      3      0      2      1      2      0      1      0      3      4      3      0      1      6      4      2      1      1      1      0      1      1      6      0      3      2      1      3      1      0      1      2      1      2
