SCORE -1.38578487360999e+05
ITER 2000
ETA        1.50000000000000e+00 1.50000000000000e+00 1.50000000000000e+00
GAMMA      5.00000000000000e-01 5.00000000000000e-01
GEM_MEAN 5.00000000000000e-01
GEM_SCALE 1.00000000000000e+02
SCALING_SHAPE 1.00000000000000e+00
SCALING_SCALE 5.00000000000000e-01
ID     PARENT NDOCS  NWORDS  SCALE     WD_CNT
0      -1     000100 013004 5.000e-01     88     36     32    148    158    101     34    135     63     91    110     61     70     64    294      9    102     87    284     45     93     67    498    107    155    323    107    461     60     19    190     29     18     34    197    160    111     81    340    236     30    331    182    111    107     47     20     28    114     31    155    258    207    143     44    148     87     28    394     18     24     37    116    208      8    293     49    102    297    125    122    107    217     19     21    101    271    123      5    235    156     39     38     59    278    141    152     77    495    109    223     71    137    208     71     61     50     54     33    291
1      0      000021 001154 5.000e-01     25      4      9      2     15     10     10     12      4     27     24      4      8      9     30      5     17      6      3      3      2      7      8     22      2      2     24      3     20      7     17      3     12     11      7     26      0      8      0      7      5     19      4     23      7     16      4      8      6     29     12     23      4      5     17     20     15     15     17     22      8     13      6     24      4     14     17     15      6     16      9     12      3      6      9      0     40     24     12      4     18     12     12      2      8      3     15      9     16      7     11      3      7      6     26     18      1     28     11     13
4408   1      000012 000730 5.000e-01     33      0      2      3     19      9      8      6     20      7      6      5      1      4      6      1      6     18      3     10     15      8     13      2      1      5      5     11      5      6     18     19      9      4     15     10     21     11      2      5     24      6      4     19      6      2      6      2     10      7      3     11      5      9      1     11      1      2      3      2      6      6     10      8     10      3      1      2      0      1      9      9      3      3      5      6      8     10      3     16      5      4     13      3      3      3      5      6      0      9      7      6      7      7     12      2     12      1      1     19
8823   1      000005 000303 5.000e-01      0      4      0      3      2      2      2      4      3      1      5      0      2      3      3      2      0      2      3      3      3      6      0      2      0      4      5      2      3      5      0     13      5      0      1      3      1      1      7      0      1      1      2      1      1      2      5      0     13      1     17      2      2      3      1      2      1      3      3      2      0      1      1      5      5      2      0      3      8      2      4      5      5      1      2      1      6      3      0      4     11      7      3      6      5      3      7      2      8      0      2      5      3      2      2      2      3      4      2      0
13359  1      000004 000205 5.000e-01      0      0      4      0      2      1      2      4      4      1     10      1      2      0      1      5      1      4      1      1      2      4      0      0      2      5      3      0      0      0      5      0      7      2      0      8      5      5      2      2      1      0      2      0      3      7      0      4      0      1      5      0      4      0      7      1      0      3      1      0      0      0      1      1      2      1      0      2      3      1      0      3      1      1      0      2      0      2      2      5      1      1      4      3      2      2      3      6      0      1      0      0      1      1      3      1      1      3      3      7
5      0      000009 000530 5.000e-01      5      0      2      2      3      9     11     14      1      8     13      8      0      1      6      0      8      6      6      0      3      4      7      4      0      9      2      3      1      5      6      3      4      0      5      7      3      9      4      3     10      6      1      3      5      8      0      7      8      0     15      3      1      2      2      4      1      4      3      1     16      1     24      3      6      2      1      7      9      7      1      1      0      6      2      0      3     26     14      3      2     10      5      3      0      5      0      3      6     11     12     13     14      0      1     17      6      4      3     14
5129   5      000004 000244 5.000e-01      1      0      1      8      0      9      1      2      3      0      4      5      1      2      1      0      6      0      2      3      0      6      7      2      1      2      1      0      0      3      7      7      3      1      6      3      0      3      2      4      4      1      0      1      1      1      1      0      1      1      2      0      4      3      0      0      2      3      0      0      4      2      7      1      2      2      3      3      1      0      4      6      1      1      1      6      0      2      0      5      2      6      2      1      2      9      3      6      1      2      3      1      5      2      1      2      0      0      5      8
12186  5      000005 000317 5.000e-01     12      3      2      2      6      1     13      9      1      1      3      3      0      1      1      1      3      4      1      5      3      3      3      1      8      0      6      2      8      4      0      5      0     12      0      1      3      2      1      0      3      2     21      2      4      3      3      0      0      1      2      6      6      1      7      6      0      6      3      3      2      2      3      2      0      4      5      1      0      1      8      6      1      6      2      2      4      0      0      0      3      6      4      1      2      5      0      6      3      2      4      2      6      1      1      2      2      2      3      0
113    0      000004 000191 5.000e-01      1      2      0      0      2      0      4      0      1      0      0      6      2      1      3      1      0      1      0      5      4      1      6      0      0      0      0      0      2      1      0      0      4      0      0      0      3      5      2      0      2      4      6      2      0      1      0      1      1      1      0      2      2      0      7      4      1      3      5      0      4      0      0      2      1      0      3      2      1      0      1      3      4      6      9      0      2      0      2      2      1      3      3      2      1      0      8      1      5      0      7      3      2      0      1      2      3      1      6      1
13292  113    000004 000280 5.000e-01      4      1      2      3      1      4      4      0      6      0      1      1      2      0      2      5      8      0      6      1      8      7      2      5      4     12      1      4      4      0      6      0      5      3      2      5      2      0      1      3      2      5      2      1      8      0      2      0      4      1      2      5      4      0      0      2      1      2      4      0      3      0      8      0      3      3      1      1      0      0      6      0      5      0      0      6      2      1      5      6      4      0      2      1      3      8      2      4      5      3      3      5      4      3      5      0      1      5      0      2
76     0      000006 000428 5.000e-01      0      2      3      6      2      7      2      4      1      8      4      7      4      6      2      2     10      6      4      1      1     14      5      2      1      4      2      2      4      0      4      8      9      1      5      3      1      2      4      6      2     13      5      4      8      0      1      6      6      5     12      8      8      1      5      3      3      1     13      5      7      0      1      4      2      0      6      6      5      3      0      5      7      9      8      0      2      0      5      1      4      3     12      2      0      2      3      9      3      7      8      1      5      7      2      4      0      7      4      6
13203  76     000005 000310 5.000e-01      3      0      1      1      3      1      4     11      5      9      8      4      2      3      1      4      2      2      2      1      9      7      3      0      6      2      4      4      6      3      1      4      1     10      2      4      8      1      6      6      1      0      4      1      3      2      6      2      0      6      3     13      1      0      5      0      0      2      3      2      1      3      3      8      0      2      1      2      1     11      0      3      2      1      1      6      2      1      3      3      2      6      7      2      4      0      1      3      1      3      4      0      4      1      2      0      2      2      2      2
13374  76     000001 000060 5.000e-01      0      0      2      0      0      1      1      0      0      0      0      0      0      3      0      1      1      2      0      1      2      0      0      1      0      0      0      0      1      1      1      1      0      1      1      0      0      1      0      2      0      0      0      0      1      0      1      1      0      1      0      0      0      0      2      2      0      0      1      0      0      1      2      1      0      1      0      0      2      2      1      0      1      1      0      0      1      1      0      0      0      0      1      1      0      0      1      1      2      0      0      0      2      0      1      1      1      0      2      0
33     0      000022 001325 5.000e-01      2      4     16     16     18     12     12      7      9     14     16     18      5      1     11      5     15      2     38      4     16      9      6      3      3      6      6     14     17     15      1     16      8     16     21      6     32     38     14     12     21     13      4     23     30     24      3     13     16     23     11      6     22     17     22     22      6      4      5      4     11      8     19      3     12      0      9      9     16     30      8      1     12      7     11      4     14      8      0     12     19     37      6      1     18      9     18     19     29      9      4     10     45     49     25      9      3     30     11      7
1292   33     000022 001369 5.000e-01     39      2      9     26      6     14     16     18      8     37      6     10      6     15     16     15     14     24      1      6     20     36     16      5     24     30     12      5      3      2     30     10     17     13     16     18      5     17     14     21     24     24      5     12      8     22     12      9     11     28     42     17      3      4     23     21      4      6     28     24     21     11      6     15      6     10      7      8     18      1     21     19      2     31     14     11     17      7     10      1     11      7      6      1      5      6     21     14      6      5      2     21      1     10     22     20     10     11      7     18
47     0      000011 000644 5.000e-01      0      6     12     14      2      2      2      5     18      4     13     14      3      2     10      4      5      4      6      7     18      3      2      3      1      2     25     14      0     10      1     16      9     18      2      2      3     16      2      7      6     10      9      3      7      5      0      4      3      7      3      9      2      4      0      7      2      2      7     14      1      2      9      1     11      6      3      1     25      7      5      5      9     16      5      5      0      3      0      2      4     14      1      2      9     14      4      7      9      1     12      2      9      9     21      5      5      3      4      2
11032  47     000008 000437 5.000e-01      2      5      5      2      3      7      8      5     12      0      5      1      1      4      4      2     13      3      8      7      1      0     11      0      5      3      2      3      4     11      4      3      1      5      5     11      4      0      0      2     10      0      2      5      4     14      3      3      0     15      2      0      3      3      2      3      5      3      3      0      3      0      4      4      1      9      1     10      2      3      5      6     18      3      0      1     18     10      2      1      5      4      7      9      2      1      0      4      0      2      8      3      8      1      2      6      9      4      6      3
13369  47     000002 000138 5.000e-01      2      0      2      0      2      1      1      0      0      8      3      4      1      1      1      0      1      1      0      2      0      0      1      0      1      3      2      0      5      1      2      0      4      0      0      1      1      1      3      0      2      1      5      0      1      1      2      0      0      2      1      0      2      1      3      2      2      2      0      0      1      1      0      1      0      0      6      2      0      0      4      1      4      1      0      0      1      1      0      5      2      0      2      1      1      8      0      0      1      1      3      0      2      1      2      0      1      3      0      0
13373  47     000001 000056 5.000e-01      0      0      1      0      0      0      0      0      0      0      0      0      0      1      2      0      0      0      0      1      1      0      0      0      1      1      0      0      1      1      1      0      0      1      0      1      1      0      2      1      2      0      3      1      0      0      1      1      2      1      0      0      1      0      0      1      1      0      0      0      0      2      0      0      2      0      0      0      2      1      0      0      0      0      0      2      0      1      0      1      0      0      2      0      2      1      2      1      3      0      0      0      0      1      1      0      1      0      0      0
51     0      000027 001654 5.000e-01     33     23     27      6     14      3     12     13     10     10     15     11      1      1     25     12     52      6     30     10     12     12     59     22     21     20     10     29     15     13     16     25     11     15     10      4     26     38      8     14     21      4     11     16     28      8     19      6     17     25     36      3      5     10     26     10     12      6      2     22     21      7     14      0      4     29      6     18     29      6      7     15     33      6      2     11     19     36      8      6     24     31     17     31      4      3     25     19     27     30     18     13      9      8     30     42     18     15      6     26
4014   51     000009 000573 5.000e-01     13      4      0      4     10     15      0      2      6      3      4      4      0      3      4      8      8      2      1      0      4      8      6      6      3      6      6      6      2      7      2      4      1      2      4     10      6     12      8      2     12     22      8      2      2      0      3      5      1      5      1      9      6     12      8      5      1      4      6      8      1      1      8      0      7      4      4      4      2     12      9     19      3     12     10      0      1      5      6      9      0     13      3     10     26     13     16      1      8      3      7      0      6      9      0      1      9      8      5      2
12013  51     000004 000225 5.000e-01      1      1      6      2      3      4      2      1      2      0      1      4      1      0      2      6      1      7      3      2      1      5      0      0      2      0      2      2      3      5      2      1      1      2      0      1      3      0      4      3      1      4      1      2      0      2      0      0      3      2      9      2      1      0      4      1      0      3      4      2      0      5      0      6      1      0      2      1      0      6      2     12      4      3      0      1      2      1      0      3      2      1     10      0      0      6      2      2      2      1      6      0      0      1      2      7      7      0      0      0
12243  51     000008 000501 5.000e-01      7      0      3      4     15      3      3      8      9      7      2      3      1     12      1      1      1      1      4     10      0      4      6      4      1      4     18     11      3     17      3     10     13      1      1      5      2      2      0      5      2      3      0      2     15      7      4      3      4     11      6      3      3     12      2      0      1      4     23      2      4      3      5     18     10      2      5     11      3     13      2      6      6      4      4      0      4      2      5      5      3      2     10      1      0     11      1      0      2      1      6      3      3      7      4      0      3      7      7      6
13312  51     000006 000322 5.000e-01      0      1      2      1      1      6      5      3      3      6      0      6      5      3      1      6      3      2      3      9      0      1      2      5     19      6      5      1      5      6      3      4      5      0      1      5      1      0      0      0      2      8      5      3      4     10      0      2      3      5      3      3      1     12      2     11      4      3      7      1      5      0      0      2      3      1      0      6      7      3      2      0      2      3      5      0      1      0      4      2      1      1      1      2      2      1      6     10      4      1      3      2      2      3      1      1      7      0      4      0
