SCORE -1.38560446702671e+05
ITER 5000
ETA        1.50000000000000e+00 1.50000000000000e+00 1.50000000000000e+00
GAMMA      5.00000000000000e-01 5.00000000000000e-01
GEM_MEAN 5.00000000000000e-01
GEM_SCALE 1.00000000000000e+02
SCALING_SHAPE 1.00000000000000e+00
SCALING_SCALE 5.00000000000000e-01
ID     PARENT NDOCS  NWORDS  SCALE     WD_CNT
0      -1     000100 012901 5.000e-01    186     24     39    158    119    119     23     92     73     82    187     95      9     20    243      7    130     96    247     52    157    133    559     68    118    312     85    342     70     29    234     35     41     41    149    214    108    111    328    235    129    370    147    137    114     47     18     22     71     83    180    301    186     80     91    143     37     14    302     24     38      4    113    207     12    240     29    125    312     93    130    102    130     23     42     57    232     58      3    200    140     94     55     37    240    151    189    129    487    111    212     49    138    196     81     89     41     88     66    292
1      0      000021 001326 5.000e-01      7      5      6      4     24      0     12      1     14     13     11      3     11     13     38     13     10      5     21      7     12      1     20      9     13      7     21      4     14      9     10     13     12     14     13      8      1     20     12     13      0     14     17     35     20     16      7     14     40      5      1     14     12     22     22     24     17      8     15      3      7     15      9     16     10     32      9      7      9     13      2      6     36      4     10     15     41     27      7     33     27      9      7     22      7      5     15      8     32      8     26     21      1      2     14      5     16      5      6     32
17980  1      000013 000702 5.000e-01      6      2      0      3      7      1      7     18      5      9      5      6     13      3      1      7     16     10      1      5      0      6      8      8     15      7     14     55      2      3      2     11      2      6     23      3     18      1      4      7      4     14      0      0     11     13      8      1     16      9      1      9      1     13      6      6      5      7      9     14      8     18     11      2      3      2      4      2      9      4      0      4      6      4      3      1     22     11      5      2      8      2      3      1     19      2      7      4      5      2      5      3      5      8     21      5      5      5      2      2
27595  1      000003 000185 5.000e-01      2      3      5      2      0      1      0      7      0      2      3      0      4      1      0      2      3      1      1      8      1      3      3      3      2      3      0      0      1      0      0      1      1      5      3      4      3      1      0      3      1      1      4      0      3      0      3      4      1      1      1      3      1      0      1      2      6      1      3      1      1      2      1      3      1      2      5      1      1      1      0      1      3      2      1      0      1      0      0      1      0      0      7      0      5      2      1      3      4      3      2      1      3      2      0      0      2      1      2      1
27614  1      000002 000111 5.000e-01      6      2      0      3      0      1      1      1      1      1      1      4      0      0      2      0      0      0      3      1      0      2      2      1      0      2      0      0      4      0      0      1      2      1      0      1      2      1      0      0      1      1      2      1      2      0      0      0      0      0      0      0      1      0      0      1      0      0      3      1      5      2      0      1      3      1      3      1      0      0      0      1      1      0      2      3      0      0      4      1      0      0      0      0      1      5      5      0      2      2      2      0      2      0      0      3      1      0      1      0
27648  1      000002 000117 5.000e-01      2      0      0      1      1      1      2      6      4      0      1      0      0      1      0      1      1      0      2      0      0      0      2      1      4      2      0      0      5      0      1      1      1      0      4      1      0      1      0      0      3      1      0      0      1      2      1      0      1      1      0      1      0      1      0     10      0      2      0      0      2      2      0      0      0      5      1      0      0      2      6      0      0      1      3      0      2      0      1      1      0      0      2      1      1      0      0      0      1      0      1      0      1      6      3      1      0      2      0      2
27668  1      000001 000071 5.000e-01      0      0      1      1      3      0      0      3      0      0      0      0      2      1      0      0      0      1      0      0      1      0      1      1      0      0      0      0      1      1      1      0      1      1      1      1      2      0      0      0      0      1      1      1      0      1      1      1      0      1      0      0      1      0      0      0      0      0      1      0      0      2      2      0      3      4      0      0      4      2      0      0      0      1      0      2      0      0      0      0      0      0      1      1      2      2      2      2      1      0      2      1      2      0      0      1      0      0      1      0
5      0      000010 000574 5.000e-01      1      4      2      3     13     10      0      5      9      9     24      3      3      2      2      1      6      7      9      5      5      6      0      0      9      5      1      5      2     10      3      9      1      1     14      5     10      2     21     19     10      1      8      2      7      5      2      3      9      1     16      9      2      9      3      4      1      5      5      2      8      1      2      5      7      7      7      2      3      1      1     12      1      5      1     10     10      8      7      4      1      4      7      2      1      1      4      6      5     20      0      1      8     13     11     18      2      8      4      6
27372  5      000004 000242 5.000e-01      1      0      1      3      7      3      4      9      1      8      0      0      0      2      1      0      1      2      0      3      1      0      1      5      0      0      2      4      0      1      2      0      6      0      0      3      0      1      2      0      0      4      2      3      1      4      1      1      1      0      7      0      2      8      0      1      1      4      5      2      5      3     13      0      1      0      2      9      1      3      9      0      4      1      3      3      1      9      2      1      3      4      1      0      0      5      2      2      2      2      3      2      8      1      0      2      7      0      7      0
24575  5      000006 000374 5.000e-01      4      2      1      3      1      7      4     11      4      6      0      5      2      4      0      4      0      0      9      2      3     11      0      1      2     16      9      4      3      1      3      9      4     12      4      0      3      1      1      0      1      3      5      5      4      2      2      5      4      3     10      6      3      1      4      5      6      4      2      5      6      6      8      0      1      2      3      4      1      7      0      7      1      7      0      1      7      1     10      4      3      2      5      0      0      9      1      1      7      0      2      2      1      9      2      0      1      4      1     12
51     0      000032 001962 5.000e-01     18     24     35     13     60      1     11     40     24     15      3     11     14     29     55     12     34      4     18     12      3      5     16     34     21      9     16     84      5     40      6     22     23     13     19      6     42     24      5      1      7      3     23      5     22      0      3      8     13     29     15      8     24     45     11      3     22     16     51     19      4      7      5     12     15     38     11     27     22     42      8     33     72     26     11     15      9     64     14     23     13     26      5     40     48      3     25      6      8      5     18     19      9     15     23     34     19     10     10     14
27649  51     000004 000206 5.000e-01      1      1      1      1      1      5      2      2      1      2      0      1      0      0      3      0      4      3     11      3      0      9      1      1      2      8     11      2      1      2      0      0      0      3      1      2      0      0      1      0      4      0      3      3      0      3      6      1      3      1      9      1      1      1      7      1      0      3      5      5      4      1      1      4      1      4      0      1      2      6      3      0      0      0      0      2      0      0      2      0      5      2      0      0      1      0      0      3      1      7      3      0      0      0      0      0      3      1      3      3
23980  51     000007 000437 5.000e-01      3      1      2      3      3      3      6     11      8     14      2      0      1      4      9      0      3      3      4      9      1      0      1      1      1      5      8      1      0      4      4      7      6      5      0      2      0      2      6      7      4      3      2      0      5      4      9      3      4     15      5      0      4      4      0      1      4      0      3      2      2      3      8     10      3      9      4      2     16      9     15      4      4      2      1      0      3      8      5      2      7      1     12      2      6      5      6     12      3     10      3      1      1      3      7      7      8      5      2      4
26651  51     000015 000908 5.000e-01      8     11      3      5      6     14      6      0      8      9      9      6      7      8      4     10      7      8     20      2      2      4     14     19     13     15     21     20      8      2      3     18      0      1      2     19      3      3      2      3      3     10      6     17      1     18      2      5      6     12     22      4      8      9      8     11     10      8      9     13      2     13     10     11      4     13      3      9      9      8      5     16     11      4      1      3     58     13      4      3      6      7     17     12      7     14      9      0     24      3     20      4     20     17      9      7      4     10      2     11
26938  51     000003 000161 5.000e-01      1      0      3      3      3      0      0      0      2      2      3      1      0      1      1      0      2      2      0      0      1      1      1      2      5      0      0      2      8      7      5      2      1      2      2      1      1      2      2      1      1      0      1      2      2      2      3      0      1      0      0      0      0      2      0      6      1      2      0      3      1      4      1      1      0      0      5      2      0      0      1      3      0      1      0      2      1      2      0      5      3      1      0      1      2      3      1      1      1      5      0      0      5      3      5      0      3      1      0      1
27637  51     000003 000166 5.000e-01      1      1      1      0      1      1      3      0      1      1      0      1      0      0      2      5      1      1      4      4      0      3      0      3      8      0      1      3      2      2      1      1      0      2      0      1      2      1      2      0      2      9      0      1      0      3      2      1      1      1      1      4      1      4      2      1      0      2      8      2      3      1      2      0      2      0      3      3      0      6      0      0      3      0      4      1      1      2      1      1      1      0      2      1      3      1      3      1      3      0      2      1      3      2      0      0      3      1      1      0
33     0      000035 002207 5.000e-01      2     12     11     33     32     28     28     38     16     21      1     29     34     30      7     14     39      8     24     14     13      2     11     12     19     17     45     15     34     18     23     21     21     28     47      6     12     71     22      9     14     12     28      9     39     12     25     14     23     13     20     15     44     27     13     53     20     22     40     13     24     14      7     12      0     10      7      5     14     37     20     24     42     39     21     25     26     16     12     23     57     44     37     12     15      9     10      2     33     21     37     31     48      9     55      9     29      7     14     27
1292   33     000034 002003 5.000e-01     19      3     29     14      2     26     43     19     16     46      1     10     11     19     55     17     16     38     32      7     13     25     16     24     26     38     11     33      8     11     16     28     23     13     17     14     33      7     12     40      0     26     27     14     17     45      2     22     26     34     53      4      3     13     20      9     15      8     69     23     19      6     50     31     28     14     28     11     31     16     23     30     23     19      7     20      2     47      6     23      3      6      6      7     17     23     11     26     11      9     10     27     21     47      1     19      9     38      1     16
27669  33     000001 000078 5.000e-01      1      2      0      0      0      0      1      0      1      0      0      0      2      1      1      0      1      1      1      0      0      0      1      2      1      1      0      2      1      0      0      0      0      2      0      1      0      1      1      0      0      0      4      0      0      0      0      0      1      0      0      1      0      0      2      3      1      0      1      0      1      0      1      1      3      0      1      0      2      0      0      0      3      4      1      2      0      1      2      1      0      3      1      1      0      2      1      2      0      0      0      0      1      1      1      0      1      3      0      0
27670  0      000001 000058 5.000e-01      1      1      0      0      1      1      2      0      0      0      0      1      1      0      2      2      0      0      1      0      0      0      3      0      0      0      1      1      0      0      0      0      1      1      0      0      1      0      1      0      0      3      1      1      0      0      0      0      0      0      0      2      0      0      0      1      0      1      2      0      0      0      2      0      0      0      0      2      0      0      1      1      1      1      0      2      0      0      0      1      2      0      1      0      0      0      0      0      0      0      2      0      0      0      3      1      0      3      0      2
27671  27670  000001 000061 5.000e-01      0      0      0      0      2      0      0      0      1      0      0      0      1      0      1      0      2      0      1      2      3      0      0      1      1      0      0      0      0      0      2      0      0      0      0      1      1      0      0      1      1      1      1      0      1      0      1      0      2      0      1      0      0      1      0      0      2      0      0      0      3      1      1      1      0      1      1      1      0      0      2      0      0      0      0      1      1      0      1      0      1      0      1      2      1      2      1      1      2      0      0      1      0      0      0      1      0      0      1      2
27672  0      000001 000079 5.000e-01      0      0      3      0      1      0      0      0      0      0      2      1      3      1      0      0      1      0      0      0      1      1      1      0      0      0      0      0      2      0      2      1      0      1      1      0      0      2      1      1      1      0      0      0      1      4      0      0      0      0      0      0      3      1      0      1      2      2      0      0      0      1      0      0      1      2      3      1      0      1      1      0      2      1      0      0      1      0      0      2      0      1      1      1      0     10      1      0      3      0      0      0      0      0      2      1      1      0      1      0
27673  27672  000001 000071 5.000e-01      1      0      0      0      0      0      2      0      0      2      0      3      0      0      0      0      0      0      0      1      1      0      0      0      1      2      2      0      1      2      2      1      1      0      1      1      0      1      3      1      2      0      4      1      2      1      0      0      0      0      0      1      0      1      0      0      0      0      2      0      0      0      0      0      2      2      1      1      1      0      3      0      0      1      0      0      0      0      0      0      0      1      0      1      1      0      1      1      1      0      3      0      5      3      0      0      0      0      0      0
