SCORE -1.38459420021525e+05
ITER 1000
ETA        1.50000000000000e+00 1.50000000000000e+00 1.50000000000000e+00
GAMMA      5.00000000000000e-01 5.00000000000000e-01
GEM_MEAN 5.00000000000000e-01
GEM_SCALE 1.00000000000000e+02
SCALING_SHAPE 1.00000000000000e+00
SCALING_SCALE 5.00000000000000e-01
ID     PARENT NDOCS  NWORDS  SCALE     WD_CNT
0      -1     000100 013166 5.000e-01    118      3     17    142    152    129     48    137     40    118    118     81     10     40    271      9    165     60    335     26    114     49    595     64    135    275    124    426     42     26    189     76     52     24    175    146    156    112    307    162     97    332    155    113    145     66     32     28     77    127    153    264    171     58     83    188     52     17    370     31     41     28    142    164     21    279     48     77    295     79    164    115    207     38     28     74    314    134     21    207    145     76     32     87    207    154    184     87    508     80    263     56    144    210    105     86     33     30     65    311
1      0      000017 000957 5.000e-01     13      9      9     12     12     10      1      4     27     20     10      0     11     11      2      4     13      7      6      3     15     24     10     14      8     15     21      6     26      8      3      2      5     18      9     30     11      3      6     21      2      3      8     25      1     13      5      4      6      4      7      8      7      6      1      8     15      4     25     12      3     13      4     23     12      5      1      9     11     17     10      9     13      7      0      7      8     11      5     17      6      4     10      1     23      1      6      7      6      1      9      0     10      9     25      9      9     30      0      3
4408   1      000017 001016 5.000e-01     25      1      8      1     10      9     15     14      1      6     15      6      8      3     21      2      1     13      1     16      5      8      5     17      1     10     17     24      3      3     10     16     18      0      9     11      1      1      2      6      7     26      9     15     14      5     12      1     20      6     42     11     17     34      6      4      4     10      2     10      1      2      1      9      5     13      2     17     19     15      5     13     12      0     11      2     30     25      0      8     33     10     22      6     14     11     10      6      7     22     11     12      3     16      1      3     12     10      3     16
5      0      000008 000469 5.000e-01      4      2      3      8      5      4     12     12      3      4     11      3      1      7      3      4      3      4      5      1      0     12      0      1      3      3      1      1      7      2     10      7      2     10      6      8      1      0      9      4      1      5      2     12      3      2      5      2      4      2     13     11     13      2      3      0      6      2      0      0      3      2      3      3      1      6     11      7      4      5      4      3      5      9      1     12      6      1      4      6      2      3      7      0      2      8      1     10      1      3      4      4     11      4      1     11      7      3      7     10
5129   5      000005 000318 5.000e-01      2      2      1      5     11      6      2      6      2      4      2      7      1      1      0      0      3      6      4      3      2      5      4      2      2      3      4      1      1      4      7      2      6      1      4      3      2      0      1      3      7      0      0      0      2      2      0      1      6      0      0      3      2      6      5      4      1     10      7      1     11      1     10      0      2      0      5      6      1      0      2      7      0      0      0      0     10      9      8      3      2      5      0      0      1      4      2      1      0      6      1      3     15      0      7      5      0      4      3      2
7409   5      000003 000181 5.000e-01      7      0      2      2      1      0      6      1      0      3      1      2      0      3      4      0      4      6      1      4      0      1      2      2      3      2      2      0      0      0      3      2      0      2      2      7      3      5      0      4      0      1      0      2      7      2      0      3      1      3      1      0      1      0      2      1      0      2      6      1      7      0      3      1      0      0      0      4      1      4      1      1      3      1      2      0      0      2      4      1      2      3      2      3      0      1      1      3      2      1      2      1      0      1      0      0      3      0      1      0
113    0      000008 000443 5.000e-01      3      3      0      4      4      2      0      2      6      1      7     10     15      1      3      2      6      4      3      6      4      1      0      3      5      5     11      4     13      1      1      0      7      9      5      0      4      3      6      1      5      5      3      7     11      2      5     10      0      0      1      3     12      0      8      2      3      3      0      0      1      1      2      8     12      8      7      3      6      0      1      0      8      1     13      7      0      0      2      7      7      1      8      4      0      3      9     12      7      1      6      7      9      4      5      6      3     11      6      2
6979   113    000007 000416 5.000e-01      1      3      7      2      3      4     11      1      5      7      1      2      2      4      0      8      0      0      4      0     16      6      2      5      4     10      0      5      2      4      6      0      4      4      0      8      2     15      6      4      0     12      7      3      0      1      0      0      9      3      1      6      4      2      3      8      2      4      0      1      6      9      2     10      2      0      5      4      2      6      4      0      3     11      1      7      1      7      6      3      6      4      2      3      3      7      2      5     21      3      9      1      1      3      5      0      5      4      0      9
7483   113    000001 000094 5.000e-01      1      1      3      0      0      0      2      0      0      5      2      1      1      1      0      0      0      0      1      1      0      2      1      0      0      4      0      0      2      1      4      2      1      0      0      2      0      1      2      3      1      0      4      0      2      3      0      0      0      0      0      0      2      3      0      0      3      2      1      0      1      0      0      0      0      1      2      0      0      1      0      0      1      1      0      0      1      0      0      1      0      0      0      0      0     10      0      0      1      0      1      0      4      0      1      1      1      0      1      0
76     0      000008 000499 5.000e-01      7      5      1      4      9      6      3      7      4      2     12      6      1      5      6      6     10      4      3      8     10     15      0      1      3      5      6      1      6      6      1      4      2      5      1      1      3      8     11     10      7     12      9      1      3      0      3      2      2      0      6      2      4     14      8      6      6      1     10      1     12      1     12     13      1      3      3      0     13      4      3      3     11      1      2      7      0      2      1     11      1      4     18      2      2      5      1     10      4      6      2     10      4      3      4      2      0      1      1     11
6329   76     000008 000512 5.000e-01      0      0      2     12      0     10      0      6      4      9      6      7      8     10      9      1      1      5      2      0      3     10      0      4      8     11      1     14      4      0     11      3      7      7      1     10      3      6     10     16      3      0      6      9      0      3      0      3     13      2     11      8      7      0      0      4      2      0      6      5      0      3     10     14      2      7      3      6      0     14      0     11      1      5      9      8      0      5      0      1      7     10      1      3      4      5      4      8      1      6      3      3     15      2      4      6      8     10      3      7
33     0      000027 001501 5.000e-01     39     18     20     24     22     14     19     27     32     23     14      3     14      9      8     22      1      6      3      5     12      6      5      1     19     38      9     24     31     19     28      7     10     10      5     20     12     15     19     62     21     39      6     15      9     20      6     10     10      8     28     13      2      3     32      3      8      2     23     26     24      0      3     21     14      7      2      3     26     30     17      5      4     15      2     17     11     11      1     21      1     10     11      2     23      0     30     34     34     28      2     24     22     37      8      4      3     30      4      1
1292   33     000026 001592 5.000e-01      4      3     15      3     10     12     10     12     11      8     25     21     19     15     35      4     22     35     10     17     14     33     10     23     10     26      5     10      6      1      0     19      4     26     52     16     14     40     15      6     17      2     12     13     18     27     13     20     35     26     26     27     13     43      7     36     17     19     17     10      3     29     25     17      2     18     14     19     11     14      1     12      4     23     22      0     18     16     12      6     35     35     10      2     15      7      3      0      5     10      4     13      9     29     30     27     17     17      5     34
7485   33     000001 000074 5.000e-01      0      0      1      0      0      1      0      1      1      0      1      0      1      1      0      0      1      1      1      0      0      0      2      1      1      0      2      0      0      0      1      0      0      2      0      1      0      0      2      0      0      0      1      2      0      4      0      0      1      0      1      0      1      1      1      1      0      2      2      0      2      0      0      0      1      1      0      0      0      0      0      1      0      1      0      1      0      1      1      2      3      1      2      1      0      2      0      0      0      1      2      0      1      0      3      0      2      1      4      1
47     0      000008 000471 5.000e-01      0      5      8      2      8      3      5      0     16      5      5      7      2      4     24      0      1      0     11      7      6      1      1      1      9      4      5      8      1     13      4      7      2      8      0      9      4      6      5      1      6      6     14      2      1      6      0      2      0      0      4      1      2      6      1      2      5      1      5      1      0      2      1      5      2      8      0      8     12     11      0     10     19      3      0      2      1      4      1      4      0      6      5      8      7      5     10      5      2      6      8      8      4      1      6      7      7      0      5      5
6983   47     000004 000231 5.000e-01      3      2      5      3      2      1      2      5      8      1      3      1      4      4      5      4      2      2      5      2      3      0      3      5      2      0      8      9      0      3      0      5      3      5      5      4      0      0      0      7      0      0      1      0      5      2      2      2      1     10      0      3      1      3      0      0      1      3      2      0      1      0      1      1      1      1      5      0      0      1      2      0      0      4      0      1      2      0      2      1      5      2      0      2      2      4      2      0      1      2      1      4      2      2      4      2      5      6      0      0
7478   47     000002 000150 5.000e-01      3      3      2      3      0      0      1      4      0      1      3      2      1      1      0      1      1      5      4      4      2      0      5      1      0      0      1      0      0      2      2      0      2      1      0      1      2      1      0      0      3      2      0      2      1      2      1      0      1      1      0      2      0      2      1      1      2      1      0      2      0      0      0      2      0      0      1      6      1      0      0      0      3      1      0      2      1      6      0      1      1      0      5      2      6      1      0      1      7      2      1      1      6      1      3      2      1      2      0      1
7484   47     000001 000049 5.000e-01      0      0      0      1      3      0      0      0      2      1      0      0      1      2      0      0      0      0      1      0      0      1      0      1      0      0      1      0      3      0      0      1      0      2      0      1      0      0      1      0      0      0      0      0      1      2      0      0      1      0      0      0      1      1      0      1      1      0      1      0      0      1      1      0      0      1      0      0      0      0      0      1      1      1      0      0      2      2      0      0      0      0      0      0      2      0      0      1      0      0      1      0      2      0      0      1      0      0      1      0
7487   47     000001 000090 5.000e-01      5      1      1      1      0      1      1      1      0      1      0      1      0      0      1      0      2      1      1      0      0      0      0      1      1      1      0      0      1      1      0      0      1      0      0      0      1      1      0      5      1      0      3      2      1      3      0      1      1      0      2      2      1      1      1      1      0      2      0      0      1      0      2      0      2      0      0      1      2      1      0      1      2      2      0      2      1      0      1      2      1      1      1      1      0      1      0      0      4      0      2      2      0      0      1      0      0      2      0      1
51     0      000024 001405 5.000e-01     29     15     26     20     18      6     10     15      8     11      3      7      6     10     30     13     34     25      2     12      5     25      4     35      9     15      8     33      5     20     15     12      6      8     15      2      5     23     16      8      7     15     28     11     24     12      8      3     16      6     19      3     20     15     18      8     15     17     36     27     15      6      6     18      6     20     16     23      8     45     15     33     27     16     17      9      4      4      7     10      6      9     18      2     27     14      9     11     20     29      6      0     12     10      6      7     14     16      6      1
4014   51     000014 000738 5.000e-01      7     16      8      0     11      2      8      1      7      9     13      3      5      3      2      8      4      0      1     10      3      4     11      8     31     13      2      5     12     14     10      8      7      1     12     10      3      9      3     15      2     14     13      1      1      4      4      4      1      7      9      4      6     29      3      6      5      5     12      0      8      0     10      6      6      3      0     14      4      2      1     11     14      2      2      3      3     16      7     15      8     10     11      8     32      1     18      7      0      0      8      6      2      4     14     15     10     14      7      7
7118   51     000008 000496 5.000e-01      0      6      3      2      2      2      1      6      7      1      0      8      6      4      0      4      2      4      3     11      4      9      1      4      7      9     17      5      7      9     14      8      6      7      0      4     14      3      3      1      0      2      4      0      4      0      0      8     17      1     17      9      8     10      3      1      1      1      8      3      3      6      8      1      8      7      3      7     21      0      0      8      3      4      1      3      4      5      3      4      6     11      4      2      6      9      3      2      5      1      6      8      2      1      2      8     14      1      1      4
7482   51     000001 000072 5.000e-01      0      0      0      1      2      0      0      0      3      2      1      1      0      0      2      1      1      2      1      1      0      0      0      1      0      0      2      0      0      4      1      0      2      0      0      0      1      1      0      1      1      0      0      2      0      0      0      0      1      2      0      0      2      0      1      1      1      1      1      0      0      1      1      0      0      0      2      2      0      0      0      0      1      0      0      1      0      3      0      0      2      1      1      2      1      1      0      0      0      0      1      0      2      0      3      1      0      0      1      1
7486   51     000001 000060 5.000e-01      0      0      1      1      2      0      0      1      2      0      0      1      1      1      1      2      0      0      1      0      0      0      0      1      0      0      1      1      0      1      0      0      0      2      0      0      0      0      2      1      0      1      1      0      0      1      0      1      0      1      1      3      0      3      3      0      0      0      1      1      0      1      0      1      0      0      0      0      0      2      0      0      1      0      0      0      1      3      0      0      1      1      1      3      0      0      0      0      0      0      0      1      2      0      0      0      1      0      1      0
