SCORE -2.44844729568782e+05
ITER 2000
ETA        1.50000000000000e+00 1.50000000000000e+00 1.50000000000000e+00
GAMMA      5.00000000000000e-01 5.00000000000000e-01
GEM_MEAN 5.00000000000000e-01
GEM_SCALE 5.00000000000000e-01
SCALING_SHAPE 5.00000000000000e-01
SCALING_SCALE 5.00000000000000e-01
ID     PARENT NDOCS  NWORDS  SCALE     WD_CNT
0      -1     000100 041898 2.500e-01    290    292    120    207    300    321    108    986    422    521    551    501    376    811    544    525    551    118    295    466    423    570    179    497    378    367    545    281    393    394    388    442    268    254    270    544    250    453    749    694    509    369    671    253    135    418    510    230    341    487    451    398    355    297    421    439    550    376    352    304    202    350    612    516    600    101    957    313    345    185    397    788    225    227    278     69    871    606    637    908    378    310    450    651    310    171    168    193    363    333   1121    369    292    197    344    172    684    452    427    816
1      0      000014 000504 2.500e-01      2      2      5      5      2      7      3     20      0      5     10      2      3      1      1      3      8      0      4      1      5     15      9      1      8      0      4      8      3      1      3     13      3      1      5      4      5      3      5     11      2      3      5     13      3     15      8     11      2      1      2      9      3      1      3      2      3      3      6      3      2      6      1      1      9      4      3      2      2      1      8      3      8      4     10      9      2      9     15      9      3      8      4      0      6      4      3      6      0     24     16      0      5      2      2      0      2      1     11     10
246    1      000004 000790 2.500e-01     13      3     15      1      8      2      9     16      4      5      2      5      2      4      1     13      0     15     17      4      2     14      3     14     11      5      3      4     12      5      9      3      4      7     17      3      8      9      7     29      1      3      3      5      2      2      5      1      4     16      4      5      0      3      7      7     29     10      0     17     19      1     12      3     24      9     15      1     15      8      5      3      9      1     18      3      4      7     12     21     17      7     10      7     28      2      4      1      5      7     16     10      4      9      1     12      4      7      4     13
3543   1      000005 000389 2.500e-01     13      3      0      4      1      1      3      9      4      3      6      0      6      3      3      1      3      3      3      2      0      7      3      3      4      5      3      0      2      4      3      4      1      6      1      4      2     10     18      7      2      0      2      1      0      3     11      7      6      3      2      3      1      3      6      8      0      5      0      4      4      8      3      8      1      0      4      1      0     10      0     13     10      2      6      2      3      1      0     10      1      3      3      2      3      2      3      4      3      3      3      4      3      4      9      8      1     11      7      1
3738   1      000005 000011 2.500e-01      0      0      0      0      0      0      0      0      1      0      0      0      0      0      0      0      0      1      0      0      0      0      0      0      1      0      0      0      1      0      0      2      0      0      0      1      0      0      0      0      0      0      1      0      0      0      0      0      0      0      0      0      0      0      1      0      0      0      0      0      0      0      0      0      1      1      0      0      0      0      0      0      0      0      0      0      0      0      0      0      0      0      0      0      0      0      0      0      0      0      0      0      0      0      0      0      0      0      0      0
23     0      000025 001395 2.500e-01     42      3      8      1     12     15     15     12     16     16      1     23      9     24     34     20      9     30     27     13     12      5     11     28     16      2      3      2     22      8      3     13      5     15     12      8      1     25      3     21     11      8      7      7      4      3      7      9      3     33     10      6      2     17     29      3     48      7      9     16     23      4      6      4     12     11     16      1     19     13      8     22      1      9     23      9     21     24     12     50     10     26     35      3     19     16     21     11     17      6     37      3     10     26      1     35      5     10      5     27
3065   23     000023 000431 2.500e-01      2      3     11      5      5      2      2      4      3      6      1      3      7      0      0      0      3      2      2      1      0      9      1      4      2      5      1     10      1      1     12      6      1      0      8      1      3      5      4     10      1      2      0     13      3      4      0      1      1      0      2      3      3      4      2      5     12      3     10      5      3     13      3      3     13      7      5      4     10      1      1      6     11      3      1      3      2      1      8      1      1      0      7      4     12      1      0      9      5     12      5      2      0      3     13      2      1     11      9     15
3720   23     000002 000096 2.500e-01      0      2      0      1      1      3      0      1      1      0      0      0      1      1      1      0      0      0      0      1      1      0      0      0      2      0      1      0      1      4      0      0      2      0      1      1      0      2      0      2      2      2      0      2      1      1      0      1      0      0      0      0      2      2      1      1      1      1      2      0      0      1      0      2      0      0      0      4      2      3      0      1      2      1      0      0      1      0      4      0      2      1      2      1      2      0      3      0      0      2      0      1      3      3      0      0      0      3      0      3
9      0      000040 000960 2.500e-01      8     23      2     11      0      8     10      4     14      4     14     10     16      7      2      4      4     14     44      1     11      6     16     21     12     19     10     12      0     12     22      9      5      3     33      5      1      6     14     14      9      0      5      7      6     12      7     13      0     26     13      4     12      5      9     21      4      3      3      4     17     15      2      0      4      8      3      0     25      2      1     13     21      7      4      8      7      3      7      7     25      7      5     39      5      3      6      8      9     28     16      4     10     12      2      5     13     10      0      5
10     9      000035 002447 2.500e-01     35      6     22      8     16     40      9     46     26     21     11     35     29     10     59     29      8     15     26     45      0     67     21     36     10      7      4     19     15     23     17     24     21     24     46     13     37     38     20     28      7     29      9     15     36     14     18     21     20     75      3     10      2     18     20     21     73     28     25     36     34     27     23      1     14     22     44      2     24      9      1     18     11     15     27     24     12     42     32     41     27     33     31     27     52     21     17     26     18     25     72      4     21     14      2     41     25     33     41     48
3722   9      000005 000175 2.500e-01      2      5      1      1      3      1      1      0      7      3      2      0      1      2      6      3      1      0      2      1      1      1      0      7      0      3      3      1      2      1      1      1      0      2      2      0      1      7      0      1      0      3      2      1      1      1      0      3      4      2      3      0      2      1      0      0      0      1      1      5      0      0      4      1      0      0      0      0      1      2      0      0      0      1      3      3      3      2      3      3      1      5      2      0      8      0      0      5      0      1      0      4      1      4      1      2      6      3      0      0
2511   0      000009 000214 2.500e-01      0      8      2      3      2      0      2      6      2      0      0      2      0      0      1      3      1      0      8      4      0      0      2      1      0      0      1      2      8      1      1      2      6      0      0      0      4      2      3      3      0      1      2      0      2      0      6      0      6      3      4      1      1      9      6      0      3      1      3      0      0      7      0      1      6      0      4      1      3      0      1      1      1      2      1      3      0      9      1      4      1      1      3      1      0      2      1      1      2      3      0      3      9      0      1      0      7      3      0      3
3503   2511   000005 000006 2.500e-01      0      0      0      0      0      0      0      0      0      0      0      1      1      0      0      0      0      0      0      0      0      0      0      0      0      0      0      0      0      0      0      0      0      0      0      0      0      0      0      0      0      0      0      0      0      0      0      0      0      0      0      0      0      0      0      1      0      1      0      0      0      0      0      0      0      0      0      1      0      0      0      0      0      0      0      0      0      0      0      0      0      0      0      0      0      0      0      0      0      0      0      0      0      0      1      0      0      0      0      0
3737   2511   000004 000121 2.500e-01      0      2      1      3      0      3      2      0      4      1      1      0      0      1      5      0      1      3      1      7      0      2      1      0      0      3      2      2      3      0      0      1      0      0      2      0      1      0      1      0      0      0      0      0      0      2      4      2      1      1      2      4      0      3      1      1      0      0      3      1      0      2      3      0      0      0      3      4      0      2      0      2      2      2      2      0      1      2      0      1      1      2      4      0      2      0      1      1      0      2      2      0      0      1      0      0      0      0      1      0
3600   0      000005 000163 2.500e-01      6      1      0      2      1      0      0      3      0      4      1      1      2      1      1      4      5      1      1      1      3      1      0      0      1      4      3      1      0      2      1      1      3      2      0      1      1      3      2      1      0      3      0      4      0      2      0      0      1      0      1      0      2      1      1      5      1      3      1      2      1      2      1      1      2      1      0      1      1      0      2      3      1      1      1      1      1      3      1      0      1      0      3      1      4      7      1      1      0      1      2      9      2      4      2      1      2      0      2      4
3635   3600   000004 000039 2.500e-01      0      0      1      0      0      1      0      0      0      0      0      0      0      0      1      0      0      0      1      0      1      0      1      0      1      0      0      1      1      1      0      0      0      0      0      1      0      0      0      0      0      2      1      1      1      1      0      0      2      0      0      0      0      1      0      1      1      1      0      3      0      2      1      0      0      0      1      1      0      0      0      0      0      1      0      0      0      2      0      0      0      1      0      0      0      0      1      0      0      1      0      2      0      0      0      0      0      0      0      0
3740   3600   000001 000006 2.500e-01      0      0      0      0      0      0      0      0      0      0      0      0      0      0      0      0      0      0      0      0      0      0      0      0      0      0      0      0      0      0      0      0      1      0      1      0      0      0      0      0      0      0      0      0      0      0      0      0      0      0      0      0      0      0      0      0      0      0      0      1      0      1      0      0      0      0      0      0      0      0      0      0      0      1      0      0      0      0      0      0      0      0      0      0      0      0      0      0      1      0      0      0      0      0      0      0      0      0      0      0
3691   0      000007 000223 2.500e-01      1      0      2      2      0      2      1      3      5      3      3      0      0      1      1      0      3      1      0      0      3      3      3     10      2      4      6      2      2      2      3      0      1      4      3      1      2      7      0      0      2      2      3      1      0      3      4      2      2      0      1      3      1      8      3      2      6      1      0      1      3      3      2      1      2      1      1      0      0      5      3      9      1      4      3      0      0      1      1      9      0      4      0      6      2      0      1      0      1      0     11      3      1      0      1      3      0      4      6      0
3723   3691   000007 000132 2.500e-01      1      2      3      4      4      0      0      0      1      1      1      0      1      0      3      3      1      0      1      0      0      1      1      2      2      0      1      0      0      0      0      3      1      1      4      0      1      3      0      1      0      0      3      2      1      0      0      0      7      2      7      0      1      4      2      0      2      1      1      2      1      4      3      0      0      0      3      0      3      0      2      2      0      4      2      3      3      1      1      2      1      0      1      2      2      0      1      2      1      0      1      0      1      1      1      0      0      2      0      0
