SCORE -2.43946213833308e+05
ITER 5000
ETA        1.50000000000000e+00 1.50000000000000e+00 1.50000000000000e+00
GAMMA      5.00000000000000e-01 5.00000000000000e-01
GEM_MEAN 5.00000000000000e-01
GEM_SCALE 5.00000000000000e-01
SCALING_SHAPE 5.00000000000000e-01
SCALING_SCALE 5.00000000000000e-01
ID     PARENT NDOCS  NWORDS  SCALE     WD_CNT
0      -1     000100 041355 2.500e-01    298    296    138    232    291    323    102    965    417    512    551    478    391    766    529    507    538    137    302    445    406    575    187    446    370    366    515    260    393    391    382    433    259    236    281    513    264    450    743    672    503    358    681    258    123    408    513    234    356    494    448    392    342    314    440    420    537    373    346    305    187    380    599    497    597    115    923    292    332    181    399    764    235    228    280     82    818    610    628    910    350    307    450    657    299    164    166    208    334    344   1102    369    301    222    328    179    638    447    418    810
1      0      000012 000530 2.500e-01      7      0      9      2      8      2      3      2      3      9      1     10      0      3      2      4      1     10      7      8      3      8      4     18     11      1      3      3      4      0      0      3      2      1     13      3      5      8      7     23      1      1      3      3      2      4      4      0      2      6      2      4      0      1      5      5     18      2      1      9      3      4      1      6     11      7      7      0      9      3      0      2      5      2     17      3      4      7      6     11      8      9     10      6     27      1      2      2      0      8     10      9      5      6      0      0      3      4      7     21
10861  1      000009 000457 2.500e-01      9      2      8      0      0      0      5     14      6      2      3      2      0      7      2     14      1      3      7      5      1      5      1      2      1      4      3      3      7      8      5      2      0      6     10      2      1      2      1      5      0      0      4      3      1      1      3      2      1     12      6      4      2      3      1      3     15     10      0      9     14      0     13      2     24      4     11      1      6      5      2      9      4      1      2      4      5      3      1      9     12      0      4      3      9      2      9      0      7      4     15      3      2      5      3     12      5      2      1      0
10937  1      000002 000237 2.500e-01      2      0      0      0      2      6      2      3      5      1      6      4      1      7      2      1      1      1      4      6      2      2      1      5      0      5      6      4      0      2      3      2      0      4      4      9      2      5      3      5      1      1      2      3      2      4      1      2      1      3      0      8      6      0      0      4      0      1      0      0      1      2      2      0      4      0      0      5      5      5      2      8      2      0      0      0      0      2      3      2      4      1      4      3      1      1      1      2      3      3      0      2      0      1      1      1      3      5      0      1
10939  1      000001 000200 2.500e-01      1      0      0      3      1      3      2      6      1      2      3      0      2      2      2      1      3      1      4      1      4      7      4      2      2      1      1      4      2      0      4      5      1      2      0      3      1      3      5      2      0      3      1      4      1      2      0      4      1      2      3      4      1      3      2      2      2      2      3      1      5      2      0      1      0      2      2      3      2      1      5      1      3      3      1      1      2      5      3      1      1      2      3      3      0      0      4      0      2      0      2      1      1      2      1      0      1      0      2      0
23     0      000023 000955 2.500e-01     31      4      0      2      8      4     10     14     11      5      0      4      0      8     24      6      5     13     14     11      5     13      3     27     13      2      5      6     17      1      1     15     12     13      9      6      0     15     16     23      1      7      0      6      8      8      9      9      2     18      4     11      3     10     19      7     43      7      8     10     23      9      3      1     15      6     20      2      5     11      0      6      5      7     22      3     17     19      3     26      6      2     12      6      1      7      8     12      5      7     43      3      7      6     13     17      7      8      1     15
10874  23     000014 000577 2.500e-01      6      0     13      3      9      7      5      3      5      4      7     11     11      2      0      8     11      4      5      1     11      3      9      2      2      2      1      3      2      3      7      6      1      0      1      6      4     12      5      5      4      3      1     12      2      3      6      0      3     11      4      2      6      5      1      5      7      4      5      9      7     10      5      7      3      4      5      4     22      1      4     16      3      5      2      2     12      1     12      7     10     23     11      5     16      2      0      1      8      5      1      3      6     11      1      9      3      5     11     21
10922  23     000007 000206 2.500e-01      4      3      0      0      0      1      1      6      2      1      1      3      0      3      1      2      3      1      0      0      2      3      4      1      1      1      2      5      3      3      0      0     10      3      2      0      0      1      1      3      5      1      3      1      2      0      0      5      1      0      2      0      0      1      4      2      1      0      1      0      5      3      3      0      1      0      3      3      5      0      0      1      4      0      4      1      6      0      6      4      2      0      1      3      3      3      0      2      0      3      3      0      5      3      2      2      4      9      0      6
10933  23     000002 000019 2.500e-01      0      0      0      0      0      0      0      0      0      0      0      0      0      0      0      1      0      0      0      0      0      0      0      0      2      1      0      0      0      1      0      0      0      1      1      2      0      0      0      0      0      0      0      0      0      1      1      0      2      0      1      0      1      0      0      0      0      0      0      0      0      0      0      0      0      1      1      0      0      0      0      0      0      0      0      0      0      0      0      0      0      0      1      0      0      0      0      0      0      0      0      0      0      0      0      0      0      0      1      0
9      0      000061 001786 2.500e-01      6     30      5      7     16      0     19     29     18     26      3      7     17     48     11      4     11      7     21     18      4      3     10     46     32     32     21     37      4     12     50     19      6     15     10      8      3     16     22     39     12     12      6     16     11     17     14     18      0     35     21     13      7     15      5     32     19      0     35     21     14      5     29     22     19     11     32      9     43     22      1     23     36     15     28     10     38     15     31     37     21     15     24     10     16      8     25      9     43     34     57     12      0      2     14      9      8      9     15     14
10     9      000045 002996 2.500e-01     47     10     20      9     20     58      5     62     33     27     20     60     30      6     77     56     20     21     55     50     20     77     21     56      4      0      8     15     32     33      8     35     24     31     59     28     37     55     16     35     12     30      8     12     42     24     19     22     26     61      9      3     11     19     34     29     77     42     10     40     37     28     13      2     10     12     51      6     15      3      5     49      2     21     19     26     26     49     34     55     46     34     34     42     71     28     12     26     15     24     65     10     32     14     13     43     63     56     45     50
10674  9      000008 000210 2.500e-01      1      2      0      0      0      2      5      0      2      1      2      2      0      2      4      1      3      3      0      1      3      1      1      2      4      1     13      0      0      4      2      0      1      5      4      0      0      3      0      1      1      4      0      5      0      2      2      0      0      1      0      1      7      3      0      3      2      0      4      0      6      0      5      0      1      0      1      6      2      4      4      0      0      2      1      2      2      0      0      1      6     13      4      1      6      6      0      0      4      3      3      1      0      0      1      2      7      0      0      5
10936  9      000008 000188 2.500e-01      3      3      0      0      0      0      3      5      4      2      2      2      1      8      1      3      1      2      7      1      0      1      0     12      2      1      2      0      0      0      0      0      6      1      9      2      0      1      3      6      3      3      4      1      0      2      1      3      0      6      3      0      1      2      0      0      4      0      0      0      0      1      0      0      2      0      2      2      3      1      3      1      1      1      0      0      0      0      4      0      3      0      1      3      1      1      1      0      3      0      1      4      1      5      2      1      6      2      4      1
9608   0      000004 000021 2.500e-01      0      0      0      0      0      0      0      0      0      0      0      0      0      0      1      0      0      0      0      0      0      1      1      0      0      0      0      0      1      0      0      0      0      0      2      0      0      0      0      0      0      0      0      0      0      0      0      0      0      0      0      0      0      0      0      0      0      0      1      0      0      0      0      0      0      0      0      0      1      0      0      1      1      0      1      1      0      1      1      0      0      0      0      0      0      0      0      0      1      2      0      0      1      1      0      0      1      0      0      1
10885  9608   000004 000263 2.500e-01      0      5      0      0      0      0      3      1      3      1      5      0      1      4      7      0      0      0      6      0      1      2      5      5      6      7     10      5      1      1      1      4      0      1      0      5      0      2      4      3      3      4      1      1      1      5      7      2      5      0      2      4      0      1      1      5      8      4      2      0      7      2      3      4      1      3      1      3      0      4      4      3      2      0      2      2      1      1      2      3      0      2      1      2      5      6      3      6      0     11      0      1      1      2      2      6      1      3      8      0
