SCORE -2.45720181090312e+05
ITER 3000
ETA        1.50000000000000e+00 1.50000000000000e+00 1.50000000000000e+00
GAMMA      5.00000000000000e-01 5.00000000000000e-01
GEM_MEAN 5.00000000000000e-01
GEM_SCALE 5.00000000000000e-01
SCALING_SHAPE 5.00000000000000e-01
SCALING_SCALE 5.00000000000000e-01
ID     PARENT NDOCS  NWORDS  SCALE     WD_CNT
0      -1     000100 041691 2.500e-01    322    287    126    228    296    302    102    977    390    513    553    492    382    789    546    512    544    145    287    452    394    568    181    476    353    361    546    248    402    365    360    453    273    231    298    507    267    467    756    700    498    359    674    269    127    424    536    231    360    498    451    383    352    310    448    438    564    384    334    322    201    376    591    506    588    116    930    313    348    179    388    797    235    220    273     78    843    610    639    913    337    313    433    658    302    170    165    197    328    336   1127    352    301    198    348    167    675    449    465    813
1      0      000013 000552 2.500e-01      1      3      7      6      3      8      1     10      5      9      6      0      8      0      7      6      2      1     15      0      5     13     14     14      6      5      7      7      4      5      1      7      4      3      0      3      0      5     15      5      4      7      5      3      4      9      0      7      8      4      8      9      0      3      8      3      0      1      8      1      9      8      7      5      0      2      0      3      4      2     20      2      4      6      8      3     14     12     14      4      6      9      8      7      2      3      2      4      6     22      3     10      7      3      3      2      2      1      7      5
246    1      000013 001021 2.500e-01     14      1     18      3     13      1     10     13     16      8      1     15      4      6      3     19      2     16     16      9      6     10      4     20     12      6      5     12     12      5     19      6      2     10     25      9      8      3     13     33      2      4      3      8      3      7     13      5      2     18      3      7      2      5      7      7     35     16      4     17     14      3     14      4     22     12     26      2     17     10      5      5      9      3     25     13      7     11      5     22     23      4     18      4     36      3     12      5      4     11     23     15      7     11      1     17      1      5      1     15
23     0      000033 001432 2.500e-01     27      3     10      1     13     28     11     23     28      4      3     14      4      9     29     19      9     19     27     14     15     14     14     25     15      1      3     12     17      8     14      8     10     13     19     10      1     27      7     22      0      5      2     16      8      5      4     13      4     33      4      9      1     13     25      9     39     11     17     14     27     19      6      1     30     10     16      4     33     13      1     14      1     15     30      9     16     20      9     35     16     21     26      5     28     14     14     12     11      7     48      6     10     20      9     32      3     20      4     35
5861   23     000033 000389 2.500e-01      4      5      1      2      0      0      3      1     11      3      1      3      3      5      1      4      1      0      7      1      1      3      3      4     18     13      1      7      1      6      4      7      0      7      2      0      2      6      1      4      0      9      7      2      1      0      1      4      0      5      1      6      0      2      0      8      3      1     13      0      3      6      4      5      4      0      2      1      1      4      3      5     14      3      9      7      0      2      7     16     11      1      5      6      9      0      1      4      6      2      1      1      1      6      5      5      1     15      2      2
9      0      000042 001252 2.500e-01     10      8      3      2      5     22     10     25     17     32      4      7     20     29     11     26      8      2     34     22      1     15      5     27     12     23      7     33      2     17     23      2      1     17      4     30      1     19      6     15     18      3      6      2     10      2     12      5      1     27     16     15     11      2      1     26     12      2      6      9      2      1     24      4     17      6      3      3     10     13      2     18     24     12      1      3     26     21     12     12     21     11     20     25     20      6     21      6     29     31     16      5      6      8      1      9     36      9      8      7
10     9      000023 002100 2.500e-01     33     15     18      3     15     37     12     50     30      7     19     36     16     10     56     11     12     12     34     35     15     60     16     45      7      1      6      5     11     25     15     23     19     22     45      6     18     36     17     32      2     22      3     18     27     17      4     18     20     44      4      8      5     13     12     17     63     17     11     34     36     25     10      0      5      8     51      2     29      6      2     23      4     12     25     21      8     19     17     40     39     29     19     17     42     20     10     24      7     21     75      9     15     13      3     38     24     42     21     45
6140   9      000019 000515 2.500e-01      2     22      5      6      1      0      7      8      5      5      5      2     10      4      2      6      7      7      6      1     13      1      3      7     12      0      0     11      3     13      3      5      8      6      4      1      9      2      3      4      1      3      5      1      5      5      2      7      1      1      8      1     12     18      1      6      7      4      5      2      8      3      0      0      6      2      7      2      2      5      4      7      0      3      1      1      8      6     15      8      4     10     12     10      6      5      6      4     20      0      3     12      6      9      0      4      0      1      0      1
6027   0      000009 000236 2.500e-01      1      0      2      5      2      1      2      1      1      0      1      5      4      1      4      1      6      0      0      1      5      9      2      0      4      0     11      6      0      3      1      4      0      2      3      4      3      4      4      1     11      2      1      1      3      3      2      4      0      8      6      0      1      1      2      0      0      0      1      1      4      0      3      5      4      4      5      0      0      2      0      7      0      1      2      0      1      4      4      7      1      1      1      2      3      4      0      5      0      0      1      2      1      1      2      1      2      1      1      3
6040   6027   000009 000382 2.500e-01      0      3      3      1      0      1      0      0      6     10      7      3      1      7      2      0      0      0      0      8      5      7      1      4      0     10      1      0      9      3     17      7      1      7      1      6      2      4      1      3      3      5      4      4      6      6      1      2      1      0      4      6      2      5      1      1      0      7     13      0      2      2     11      9      6      3      7      6      0      1      3      2      5      3      1      1      4      4      1      8      4      3     17      5      1      1      0      5      6     12      1      1      4      4      6      4      5      4      0      8
6234   0      000002 000012 2.500e-01      0      0      0      0      0      0      1      0      0      0      0      0      0      1      0      0      0      0      0      0      0      0      0      0      1      0      0      0      1      0      0      0      0      0      0      2      0      0      0      1      1      0      0      0      0      0      0      0      0      0      0      0      0      1      1      0      0      0      0      0      0      0      0      0      0      0      0      0      0      0      0      0      0      1      0      0      0      1      0      0      0      0      0      0      0      0      0      0      0      0      0      0      0      0      0      0      0      0      0      0
6235   6234   000002 000249 2.500e-01      1      5      0      1      4      6      5      1      0      2      0      2      1      5      1      2      4      0      1      0      2      1      4      0      8      3      1      4      0      5      4      2      3      1      3      2      6      0      0      1      1      5      3      1      1      1      2      2      0      5      0      1      0      3      6      2      5      1      3      0      3      2      5      3      2      1     10      0      3      5      1      1      4      4      3      0      0      2      1      1      7      6      0      1      6      2      0      0      8      3      2      3      4      4      2      2      1      0      3     11
6248   0      000001 000000 2.500e-01      0      0      0      0      0      0      0      0      0      0      0      0      0      0      0      0      0      0      0      0      0      0      0      0      0      0      0      0      0      0      0      0      0      0      0      0      0      0      0      0      0      0      0      0      0      0      0      0      0      0      0      0      0      0      0      0      0      0      0      0      0      0      0      0      0      0      0      0      0      0      0      0      0      0      0      0      0      0      0      0      0      0      0      0      0      0      0      0      0      0      0      0      0      0      0      0      0      0      0      0
6249   6248   000001 000169 2.500e-01      0      3      0      0      3      0      1      1      1      0      4      4      1      0      1      2      3      1      5      4      0      0      4      2      2      1      2      0      4      4      2      0      1      0      1      7      0      0      3      1      5      3      1      0      0      2      3      3      3      6      0      1      1      1      0      0      5      1      1      4      0      1      1      0      4      1      2      0      3      1      0      3      3      2      1      1      4      1     10      0      0      0      1      4      0      1      0      2      0      3      2      2      0      3      1      0      0      3      1      0
