SCORE -2.43905182445722e+05
ITER 4000
ETA        1.50000000000000e+00 1.50000000000000e+00 1.50000000000000e+00
GAMMA      5.00000000000000e-01 5.00000000000000e-01
GEM_MEAN 5.00000000000000e-01
GEM_SCALE 5.00000000000000e-01
SCALING_SHAPE 5.00000000000000e-01
SCALING_SCALE 5.00000000000000e-01
ID     PARENT NDOCS  NWORDS  SCALE     WD_CNT
0      -1     000100 042618 2.500e-01    307    309    138    220    293    317    122   1005    433    531    567    516    391    815    560    519    539    126    310    456    416    598    207    515    370    372    549    278    391    387    397    446    252    241    279    516    236    465    777    696    490    380    678    264    132    441    518    253    360    507    448    375    347    302    463    441    584    364    369    314    194    380    604    503    586    112    973    307    353    196    394    788    265    216    301     78    874    610    675    948    388    296    462    666    335    158    176    203    352    373   1157    364    321    199    350    197    656    445    448    823
1      0      000017 000299 2.500e-01      0      2      1      0      0      2      4      3      1      3      0      3      0      0      0      4      6      2      4      2      4      3      4      3      8      2      4      0      1      1      1      5      1      5      2      3      7      1      3      5      4      8      2     14      1      0      4      2      4      6      0     10      2      1      9      1      5      0      0      5      6      3      3      2      5      2      2      3      2      3      3      3      7      3      2      4      4      2      2      0      4      6      4      1      2      0      3      0      1     11      0      4      2      1      0      0      2      0      4     15
246    1      000017 000898 2.500e-01     17      2     16      1      9      2      6      9     12      7      1      3      3      8      5     11      2     15     15      8      4      9      6     13     16      5     12      6      8      4      9      2      7      8     21      2      8      8      7     35      2      1      1      5      3      3      7      3      3     16      6      6      3      4      6      3     27     22      2     17     19      1     18      8     20     12     18      3      8      7      5      7      8      3     14     11      3     15      4     14     20      6     16     10     31      2      9      5      4      6     23      9      3     21      3     13      5      8      7     17
23     0      000015 000930 2.500e-01     22      8     10      0     11     17      3     15     14      2      1      7      5     10      2     10      2     18     15      9     12      4      4     17     19      5      2      6     14      1      5     15     12     12      8      8      0     24     11     15      3      3      2     10      7      2      1      1      2      6      3      7      2     16      7      3     30      4     11     12     26     12      8      6     12     12      6      5     21      5      0      9      0      9     22      2      3      8      9     29      8     14     17      3     21     12      3      8      8      0     21      3      7     16      6     28     11      9      0     24
8271   23     000015 000556 2.500e-01     10      0      4      4      3      2      2      5      0      6      3      2      9      2      8     12      3      6     13      1      3      5      4     13      2     10      2      5      9     14      4     13      4     11      5      5      4      2      1     11      4      4      3      0      4      4      6      3      0     27      3      4      2      2      2      6      7      7      3     11      4      3      1      1     13      5      6      8      2      1      0      9      3      8      1      4     23     24      9      5      3      3      9      2      2      9     13      4     11      4      7      2      0      3      1      4      0      9      8      8
9      0      000027 000900 2.500e-01      3      2      0      8      2      4      9     11     11     11      6     10     11      0     11      7      8      9      2     15      4     18      2      0      8      4      6     16      6      1     16      0      4     19     12     31     10     18      1      8      3      2      1      2     14      5     14     18      2     16     14     16     14      3     19      5     16      4     10      6     19      2      5      5     10     13     12      4     16      6      9     30      8      9     11      3      5      3      2     30      1      5     16     10      4      9      6     21      2     15     12     15      1     11      9      3     25      9      2     14
10     9      000027 002186 2.500e-01     38     13     15      7     23     44      6     35     24     14      9     36     25     20     57     39     10     16     48     44     15     48     16     48     13     10      3     17      7     32     20     28     21     13     54     14     30     26     15     34     17     21     10     12     28     15     13     10     11     54     12     11      2     16      0     31     52     18     11     25     27     28     18      0     12      7     28      0     26      8      0     17      8     10     17     24      3     42     20     17     33     34     27     33     44     22     13     15     29     27     53      6     11     11      1     32     17     45     33     32
7637   0      000019 000223 2.500e-01      5      2      2      1      0      2      1      7      0      1      0      0      3      4      1      0      3      0      1      1      1     11      1      1      2      2      0      0      2      6      1      1      8      2      3      2      5      4      0      1      6      1      2      0      0      1      2      2      1      2      0      2      2      4      2      6      0      7      1      3      3      6      1      2      2      0      2      2      1      3     10      3      1      3      3      0      3      3      3      1      1      2      1      9      1      2      0      2      2      0      1      2      1      3      4      2      1      3      0      3
8067   7637   000006 000257 2.500e-01      1      6      1      8      0      0      1      4      1      0      4      0      0      2      4      1      2      2      6      9      1      1      2      1      1      5      4      6      6      2      2      9      6      3      9      0      9      1      0      0      1      1      1      1      0      4      7      0      6      1      2      1      1     13      0      0      6      0      1      0      4      5      1      3     10      0      0      0      1      1      1      3      0      9      0      2      1      0      0      6      0      7      1      1      0      2      2      4      4      0      3      2      7      2      1      0      4      2      1      1
8525   7637   000008 000151 2.500e-01      2      1      1      2      2      1      3      2      0      1      1      0      1      0      0      2      0      4      5      0      1      4      0      0      1      2      1      2      0      1      0      0      3      3      1      0      1      0      3      0      4      0      3      7      2      2      1      1      1      0      0      1      5      1      0      0      0      4      2      0      2      0      2      0      8      1      6      0      2      0      2      0      0      1      1      0      1      2      4      4      0      2      0      1      0      1      1      2      5      1      2      2      2      1      2      0      0      5      2      1
8554   7637   000003 000097 2.500e-01      0      1      1      0      6      1      0      1      1      1      2      1      3      0      1      0      5      0      3      0      0      0      1      2      1      0      2      1      2      0      0      0      0      0      0      1      2      1      1      5      0      0      1      0      0      0      1      1      0      0      3      0      0      2      0      0      2      3      0      1      0      0      0      2      0      0      0      0      2      0      1      1      1      0      0      1      0      0      2      0      2      2      1      1      1      0      4      0      0      1      1      3      1      3      0      0      5      1      1      0
8556   7637   000002 000133 2.500e-01      0      1      1      1      1      5      0      4      5      6      0      0      0      0      1      0      4      1      3      0      0      0      0      0      1      1      1      1      5      4      3      1      0      0      1      1      1      0      5      3      0      4      1      3      1      0      1      0      1      4      1      5      1      1      0      0      0      2      1      5      0      2      1      0      1      0      1      1      2      2      2      6      0      0      1      1      2      0      0      1      1      2      1      0      0      5      0      0      1      1      3      0      1      0      0      0      2      0      1      0
8352   0      000019 000388 2.500e-01      9      1      2      4      0      6      1      4      6      1      3      3      3      2     11      1      9      1      4      1      0      0      3      9      0      5      3      3     13      2      3      1      0      1      7      3      1     20      2      5      7      0      5      3      2      0      3      5      5      2     10      2      4      2      2      2      1     10      2      3      1      1      7      5      6      0      4      1      7      0      1      3      0      9      4      3      9      0      2     11      5     21      0      0      8      0      1      0      1      4     13      5      4      3      2      0      8      6      3      7
8438   8352   000018 000224 2.500e-01      0      6      1      2      0      0      6      2      2      8      1      1      0      0      2      0      3      2      1      0      1      0      0      0      7      0      0      4      1      3      0      1      3      1      1      1      3      0      0      2      2      2      3      1      1      2      1      2      0      6      3      5      1      7      1     15      2      0      3      2      3      2      7      3      2      0      1      1      6      6      0      3      1      4      1      1      0      1      0      0      1      7      0      1      6      6      0      2      4      3      5      0      0      1      2      0     12      6      2      0
8555   8352   000001 000089 2.500e-01      1      1      0      0      2      2      1      2      0      1      5      1      0      3      0      1      2      1      2      0      0      0      0      2      1      1      1      0      1      1      2      1      0      0      0      0      0      2      0      2      2      0      1      1      0      1      1      0      2      2      0      1      1      2      1      4      0      0      0      0      0      1      0      1      1      1      0      0      0      1      1      2      1      0      0      2      0      2      1      0      0      1      4      2      0      0      0      1      1      0      1      1      1      2      0      0      1      1      1      0
8547   0      000003 000005 2.500e-01      0      0      0      0      0      1      0      0      0      0      0      0      0      0      0      0      0      0      0      0      0      0      0      0      0      0      0      0      0      0      0      0      0      0      1      0      0      0      0      0      0      0      0      0      0      0      0      0      0      0      0      0      0      0      0      0      0      0      0      0      0      0      0      0      0      0      0      1      0      0      0      0      0      0      0      0      0      0      0      0      0      0      0      1      0      0      0      0      0      0      0      0      0      0      0      1      0      0      0      0
8548   8547   000002 000046 2.500e-01      0      0      0      0      3      0      0      1      0      0      1      0      0      0      0      1      0      0      0      1      0      0      1      0      0      0      0      0      0      0      0      1      1      0      1      0      0      1      0      0      1      0      0      2      0      1      0      0      2      0      0      0      0      1      0      0      1      0      0      0      1      0      0      1      0      0      0      0      1      2      0      0      0      1      1      1      0      1      1      0      2      0      1      3      0      1      0      1      0      2      0      0      0      3      0      1      1      1      0      0
8551   8547   000001 000000 2.500e-01      0      0      0      0      0      0      0      0      0      0      0      0      0      0      0      0      0      0      0      0      0      0      0      0      0      0      0      0      0      0      0      0      0      0      0      0      0      0      0      0      0      0      0      0      0      0      0      0      0      0      0      0      0      0      0      0      0      0      0      0      0      0      0      0      0      0      0      0      0      0      0      0      0      0      0      0      0      0      0      0      0      0      0      0      0      0      0      0      0      0      0      0      0      0      0      0      0      0      0      0
