SCORE -2.43426873705546e+05
ITER 27000
ETA        1.50000000000000e+00 1.50000000000000e+00 1.50000000000000e+00
GAMMA      5.00000000000000e-01 5.00000000000000e-01
GEM_MEAN 5.00000000000000e-01
GEM_SCALE 5.00000000000000e-01
SCALING_SHAPE 5.00000000000000e-01
SCALING_SCALE 5.00000000000000e-01
ID     PARENT NDOCS  NWORDS  SCALE     WD_CNT
0      -1     000100 042159 2.500e-01    300    326    130    219    282    318    119   1006    427    506    561    484    373    783    554    523    547    137    314    449    418    578    197    520    368    386    544    279    383    376    382    437    253    253    299    519    260    479    772    681    513    369    684    260    127    440    528    223    367    498    451    400    349    311    436    450    548    363    360    307    192    379    625    500    594    111    923    309    340    194    415    764    258    234    278     79    860    617    652    896    377    330    451    638    323    177    173    195    374    363   1108    374    300    200    344    181    665    435    424    781
1      0      000083 004583 2.500e-01     88     14     34     16     49     52     10     70     36     42     18     78     29     17     81     67     27     25     70     86     27    105     32     76     17      0     15     11     52     43     37     62     35     46     78     43     42     57     44     41      6     38      7     24     44     30     36     47     25    125     14     19      9     26     31     44    141     66     39     38     65     49     29      4     25     30     66      4     68     19      5     70     18     39     25     27     38     71     41    109     67     63     87     79     93     30     44     31     27     42    147     14     47     24     20     55     49     85     66    130
13     1      000052 001525 2.500e-01     13      2     19      8     12     12     26     19     21     20      2      2     27     34     11      8      4     30     30      2      6      0      2     21     44     27     12     20     11      5     26     14     18     10     22      5      5     17      2     77      5      9      0     28     11      3      2     11      2      5      9     13      6     17     22      1     25      8      2     42     31      1     12     19     53     12     44      9     19      9      0     24      6      6     64     20     10      9     23     36     10      9     13      0     30      8      2     13      8      8     37     13      0     27     13     28      2      7      8     15
45523  1      000016 000525 2.500e-01      3      8      3      3      7      8      0      6     10     11      5      6     13      8      7      7      7      3      4      4      1      5      5      5      1      3      3     16      2      8      8      0      4      4      2      7      1      8      0     14      8      4      9      4      8      1      0      0      1     10     11      7      7      3      6      3      4      0      7     14      6      8      1      4      6      4      1      3     10      4      0     11     12      0      1      2      5      4      3      4      5      1      3      8      1      1      3     16      9     14      3      6      0      5      0      4     22      6      1      1
46366  1      000007 000161 2.500e-01      0      0      1      0      1      2      0      3      0      2      2      6      4      3      0      1      4      0      1      1      5      4      1      0      0      1      4      0      0      0      2      0      0      2      1      2      2      3      3      0      3      2      3      4      0      3      4      4      1      3      4      0      4      0      2      0      2      1      2      0      2      0      4      1      6      2      5      0      2      2      0      1      2      0      0      0      4      2      2      2      1      2      0      1      0      0      1      0      1      1      0      0      2      4      0      0      1      2      5      0
46392  1      000008 000101 2.500e-01      0      0      0      0      0      0      0      0      3      1      0      0      0      2      1      0      4      2      3      2      0      0      4      0      3      1      4      5      1      1      2      0      2      0      0      0      0      0      1      2      2      0      0      0      1      0      1      5      0      2      2      1      0      0      1      1      0      1      0      1      1      1      0      2      0      1      4      0      1      2      2      2      0      1      2      1      0      1      1      1      1      0      0      0      0      0      1      2      0      2      2      1      0      0      0      0      0      4      1      2
46152  0      000010 000215 2.500e-01      4      3      0      1      1      0      0      1      7      0      3      4      1      5      1      1      1      1      0      0      1      9      6      0      8      1      1      3      2      5      0      7      0      0      1      4      0      2      1      2      1      3      0      2      0      3      4      1      1      0      2      1      8      4      3      7      2      2      0      1      2      0      0      2      1      2      0      1      3      2      1      1      1      0      4      2      6      0      5      1      0      2      1      6      3      4      2      2      1      2      0      4      2      3      2      8      2      2      3      0
46356  46152  000010 000317 2.500e-01      0      0      4      5      2      7      3      0      2      2      8      1      3      3      3      0      3      0      9      0      4      0      2      2      7      4      3     11     11      8      1      4      7      2      0      6      2      0      0      0      1      1      2      1      2      0      2      2      0      1      8      1      3      8      5      3     10      0      2      0      6      6      0      0      1      3     13      4      4      2      2      4      0      0      3      4      1      3      2      6      0      0      1      0      4      5      2      3      1     15      0      3      8      9      0      1      7      4      1      8
46260  0      000007 000222 2.500e-01      4      2      0      4      1      5      5      4      3      7      2      2      4      7      3      1      1      4      1      1      0      0      1      0      0      0      2      0      0      3      2      0      1      1      1      1      1      0      3      1      2      0      7      1      1      0      1      5      1      3      1      2      0      5      3      4      0      3      4      1      1      0      4      6      1      0      0      3      3      3      3      1      5      2      2      2      6      2      0      9      4      0      1      2      1      3      3      6      2      0      1      1      1      5      2      3      0      5      4      3
46405  46260  000007 000192 2.500e-01      3      0      2      2      0      2      2      1      1      2      3      0      0      4      2      0      0      1      0      2      0      0      1      0      2      1      2      0      4     10      3      0      2      1      1      0      4      7      0      4      5      1      2      1      1      1      2      3      2      2      3      2      1      3      3      4      1      1      0      0      3      2      1      4      1      0      3      3      0      4      1      6      1      3      0      0      1      4      5      2      4      1      3     10      0      1      0      0      2      1      4      2      2      3      0      1      2      0      0      5
