SCORE -2.44598886583531e+05
ITER 25000
ETA        1.50000000000000e+00 1.50000000000000e+00 1.50000000000000e+00
GAMMA      5.00000000000000e-01 5.00000000000000e-01
GEM_MEAN 5.00000000000000e-01
GEM_SCALE 5.00000000000000e-01
SCALING_SHAPE 5.00000000000000e-01
SCALING_SCALE 5.00000000000000e-01
ID     PARENT NDOCS  NWORDS  SCALE     WD_CNT
0      -1     000100 041151 2.500e-01    287    311    109    214    290    320    107    966    417    508    558    461    366    783    528    496    545    139    291    423    407    563    196    479    358    385    559    265    399    366    388    433    261    236    284    518    246    455    726    681    505    357    677    256    136    424    507    238    337    475    453    394    342    288    422    430    533    379    357    283    198    365    584    498    576    111    903    297    327    204    399    769    245    222    275     77    825    596    639    888    352    308    445    650    298    170    166    194    343    356   1075    369    285    217    338    172    658    435    427    778
1      0      000089 005176 2.500e-01     91     20     24     13     48     57     35     80     54     42      7    104     36     38    104     78     25     28     89     89     35     77     22    102     48      6      3     32     32     52     45     58     48     45     96     45     42     70     32     99     23     48     17     38     47     37     38     41     29    152     22     20     16     43     42     55    144     50     33     55     70     41     29      0     44     22     97     14     68     11      2     73     11     34     44     36     67     94     47    124     68     59     75     67     97     40     53     42     51     47    190     10     42     14     13     57     66     87     69    100
13     1      000051 001701 2.500e-01     21      3     37      8      8     10      3     40     21     14     17      7     25     26      9     13      9     27     15      4      1     23     22     14     29     19     12     21     22      4     18     13      5     19     14     10      3     25     39     36      4      3      9     25      4      6     15      4     11      3     15     13      5     10     13     10     38     13      3     32     22     16     43     26     44     22     35      3     22     16     15     19     20     10     50      7     16      3     28     31     13     18     25     11     40      1      6      4      2     26     18     25      3     41     15     32      2      9      8     52
42136  1      000017 000487 2.500e-01      2      6      5     11      3      3      8      4      7      6      2      1      5      0      4      6      6      1     15      6      6      2      3     11      3      2      1     12      1      8      1     10      2      3      2      4     11      6      6      0      4      4      6      3      1      1      7      1      4      7     10      0      7     16      6      5      9      1      2      8      2     12      2      2     11      0      6      5     13      1      2      5      4      1      5      3     10      8      4      7      3      8      3      0      1      6      0      8     10      9      3      2     18      2      0      2      4      4      1      3
43038  1      000015 000543 2.500e-01      0      5      8      3      2      7      2      9      9      3      6      1     14      5      4      3      3      2     13     18      8     31      6      6      0      4      2      5      2      3      1      3      3      1      2      4     12     10     12      1      3      5      0      2      4      0      1      8      9      5      1     14      8     10     16     10      2      0      7     10      8      6      2      5      2      3      2      4      8      2      2      8     15      3      0      6      8      4     10      2     14      0      4      8      4      6      0     12      8      0      0      7      7      0      1      6     10      4      0      4
43097  1      000004 000048 2.500e-01      2      0      0      0      1      2      2      0      0      0      0      1      1      2      0      1      0      0      0      1      0      0      1      0      1      1      0      0      0      1      0      0      0      0      1      0      0      0      1      2      0      0      0      0      1      1      1      0      1      0      0      0      0      0      1      0      0      1      0      1      1      0      1      0      0      2      0      0      2      0      1      0      1      0      0      1      0      0      0      0      0      1      0      0      0      1      0      1      0      1      0      0      1      1      0      0      1      0      1      3
43104  1      000002 000134 2.500e-01      2      0      1      0      2      2      0      1      1      1      0      0      3      0      1      0      1      1      7      1      1      1      0      2      0      1      4      1      0      5      4      0      0      1      0      1      1      1      7      1      1      2      0      0      1      2      2      0      1      0      0      0      0      2      1      2      0      0      2      0      0      0      3      3      1      2      3      3      3      0      2      4      0      3      2      0      2      3      0      3      0      1      0      1      3      1      0      0      2      1      4      1      0      0      7      1      2      0      0      2
43072  0      000010 000254 2.500e-01      4      5      4      2      0      1      2      1      0     10     10      4      0      9      8      7      0      2      1      4      2      1      1      2      3      5      0      4      6      1      0      6      0      7      1      4      0      0      3      0      1      1      3      0      1      1      5      0      5      2      0      4      3      4      6      1      1      0      2      5      5      3      3      7      6      1      6      1      0      3      1      1      0      1      2      2      0      0      1      5      0      6      5      2      5      0      3      0      2      2      0      1      2      1      0      3      2      0      6      1
43073  43072  000010 000314 2.500e-01      6      3      3      7      0      2      5      6      0      5      0      0      2      0      0      1      6      2      1      0      1      2      0      8      7      1      4      3      3     18      0      0      3      7      1      1      1      2      0      2      3      5      0      0      0      8      3      7      2      1      1      0      1      2      2      4      4      0      8      8      1      3      6      0      4      1      6      5      4      2      0      5      6      6      1      3      0      2      3      3     15      4      1      2      5      3      1      6      2      4      7      2      2      4      4      8      3      7      1      0
43107  0      000001 000082 2.500e-01      0      1      0      0      0      2      1      1      0      4      2      3      0      0      2      2      1      0      0      1      1      1      0      0      1      0      0      1      1      1      4      0      0      0      2      0      0      1      0      0      1      0      1      0      0      1      1      1      1      2      2      1      2      0      3      0      0      0      0      1      0      0      0      0      0      0      0      0      2      1      1      0      0      2      0      0      3      1      2      2      0      1      1      2      2      0      0      0      3      1      0      1      2      0      2      0      1      2      0      0
43108  43107  000001 000110 2.500e-01      0      1      2      0      1      0      0      2      1      0      2      1      2      3      3      1      2      1      0      0      0      0      0      0      0      0      5      1      0      0      2      1      0      0      2      0      1      3      0      0      1      2      1      1      0      0      0      1      0      2      1      0      3      2      0      0      2      1      2      1      2      0      3      1      0      1      1      4      1      1      4      0      1      3      0      2      0      2      0      1      4      2      1      1      0      1      2      1      2      1      5      0      0      0      1      0      1      2      0      2
