SCORE -2.43260341583709e+05
ITER 12000
ETA        1.50000000000000e+00 1.50000000000000e+00 1.50000000000000e+00
GAMMA      5.00000000000000e-01 5.00000000000000e-01
GEM_MEAN 5.00000000000000e-01
GEM_SCALE 5.00000000000000e-01
SCALING_SHAPE 5.00000000000000e-01
SCALING_SCALE 5.00000000000000e-01
ID     PARENT NDOCS  NWORDS  SCALE     WD_CNT
0      -1     000100 042182 2.500e-01    298    316    129    227    289    312    120    968    427    518    583    487    394    781    522    508    547    148    304    436    411    565    208    474    390    385    557    293    406    394    398    429    261    257    281    527    256    457    754    684    509    379    690    261    133    439    529    239    347    480    468    402    365    329    440    456    529    367    351    315    195    369    595    522    596    108    899    310    355    202    415    798    267    234    277     77    836    602    656    900    366    309    456    661    318    174    158    197    360    371   1093    367    311    230    351    159    665    437    449    808
1      0      000098 004632 2.500e-01     87     21     22     11     36     76     15    111     49     51     14     77     47     29    128     65     41     16    105     90     35    112     14    123      9      5     12     25     39     62     30     65     18     40     94     44     37     36     25     52     29     40     20     20     48     21     12     34     40    143     18     27      4     23     40     35    135     36     43     45     43     58     17      7     14     13     62     16     39      4      0     74     30     19     16     22     41     68     28    109     87     69     59     54     80     41     49     50     54     62    159     10     24      9      8     76     60     79     47     94
13     1      000075 002521 2.500e-01     26      8     34     13     27     15     28     11     25     22      4     10      8     50      8     31      8     37     16     12      8     18     28     24     48     30     13     21     19      1     34     12     32     16     28     15      9     67     39     76      0      2      2     41      4     12     32     21      7      7      8      8     13     17     26     21     65     40     18     42     65      5     52     12     70     36     79      7     51     31     13      8      2     23     79     30     39     35     47     45     13     25     33     18     49      5     18     11      3      8     48     25     21     40     19     37     21     30     17     34
20335  1      000004 000070 2.500e-01      1      0      0      0      1      0      0      5      1      1      0      0      0      0      0      0      0      0      1      2      0      1      0      0      0      0      0      0      1      0      0      2      0      1      0      0      0      2      2      3      0      0      0      0      0      1      2      3      2      0      0      2      0      1      0      0      0      0      0      0      1      0      1      0      2      2      3      0      0      2      0      1      0      1      1      1      3      0      1      3      1      0      0      1      0      1      1      0      3      1      2      1      0      0      1      1      0      0      0      0
20336  1      000013 000292 2.500e-01      0     10      2      3      0      1      2      6      5      1      2      9      1      2      4      0      1      0      3      6      6      4      1      2      0      0      5      4      0      0      0     11      8      2      1      0      5      3      2      0      2      4      1      1      4      3      2      3      0     13      7      5      0      2      0      5      3      2      1      1      2     10      7      0      1      4      8      0      0      2      1      0      2      0      6      4      9      3      1      8      2      0      4      2      7      4      1      5      1      0      0      8      2      0      1      4      2      4      0      6
20353  1      000003 000136 2.500e-01      1      0      0      2      0      2      0      1      0      0      0      0      2      1      0      2      0      0      2      0      2      1      0      0      2      3      1      2      0      0      0      5      1      2      0      0      3      6      0      4      2      0      0      1      3      5      0      0      3      3      1      0      2      2      4      0      0      0      2      0      1      1      3      1      2      0      5      2      2      0      0      2      1      2      0      0      3      1      0      1      0      0      6      7      0      1      2      3      4      1      0      3      0      0      1      3      2      0      0      3
20355  1      000002 000101 2.500e-01      2      0      1      1      2      0      0      7      3      0      1      0      1      0      0      2      1      1      1      0      0      0      0      0      1      1      2      0      0      1      1      0      1      1      0      1      3      2      0      3      1      1      1      0      2      0      2      0      1      2      1      0      1      3      1      0      1      0      0      1      1      2      1      0      2      0      2      1      1      0      0      1      1      4      0      3      0      4      1      0      0      5      2      1      1      2      2      1      0      1      0      0      2      1      0      1      0      0      0      0
20356  1      000001 000000 2.500e-01      0      0      0      0      0      0      0      0      0      0      0      0      0      0      0      0      0      0      0      0      0      0      0      0      0      0      0      0      0      0      0      0      0      0      0      0      0      0      0      0      0      0      0      0      0      0      0      0      0      0      0      0      0      0      0      0      0      0      0      0      0      0      0      0      0      0      0      0      0      0      0      0      0      0      0      0      0      0      0      0      0      0      0      0      0      0      0      0      0      0      0      0      0      0      0      0      0      0      0      0
19753  0      000002 000060 2.500e-01      0      0      5      1      0      0      0      0      0      0      0      0      1      2      1      0      0      1      0      1      0      0      0      1      0      0      0      0      1      1      0      0      1      0      1      0      4      0      4      0      3      1      0      1      1      0      1      0      0      1      2      1      2      0      1      0      0      0      1      0      1      1      0      0      1      0      1      0      2      0      0      0      0      2      0      0      0      0      0      0      0      0      0      0      0      1      0      1      0      4      0      4      2      0      0      0      0      0      0      0
20288  19753  000002 000006 2.500e-01      0      0      0      0      0      0      0      1      0      0      0      0      0      1      0      0      0      0      0      0      0      0      0      0      0      0      0      0      0      0      0      0      0      0      0      0      0      0      0      0      0      0      0      0      0      0      0      1      0      0      0      1      0      0      0      0      0      0      0      0      0      0      0      0      0      2      0      0      0      0      0      0      0      0      0      0      0      0      0      0      0      0      0      0      0      0      0      0      0      0      0      0      0      0      0      0      0      0      0      0
