SCORE -2.43547471926016e+05
ITER 9000
ETA        1.50000000000000e+00 1.50000000000000e+00 1.50000000000000e+00
GAMMA      5.00000000000000e-01 5.00000000000000e-01
GEM_MEAN 5.00000000000000e-01
GEM_SCALE 5.00000000000000e-01
SCALING_SHAPE 5.00000000000000e-01
SCALING_SCALE 5.00000000000000e-01
ID     PARENT NDOCS  NWORDS  SCALE     WD_CNT
0      -1     000100 042069 2.500e-01    288    314    131    231    286    337    111    973    413    514    545    474    381    804    538    501    564    135    313    448    408    576    190    504    363    366    539    283    409    397    397    443    271    224    286    533    243    452    761    678    518    371    686    269    136    428    533    232    355    488    460    386    325    316    449    441    538    355    355    315    198    369    597    508    613    113    908    315    363    183    414    780    255    230    288     87    836    603    638    899    352    328    478    666    321    165    180    193    345    373   1120    386    301    218    342    177    661    435    444    807
1      0      000063 004463 2.500e-01     83     18     38     15     40     33     21     87     52     44     16     84     39     37     84     74     12     36     81     65     28     88     37     80     37      8     18     34     32     38     25     49     36     43     68     24     30     93     38     65     20     31      8      9     41     28     24     38     20    117     11     28     21     23     39     43    134     29     33     55     54     54     37      0     17     27     93      6     46     15      1     63      3     42     52     25     59     80     45    115     52     41     60     47     83     45     34     45     46     41    148      4     39     25     10     73     32     80     52     90
13     1      000027 001290 2.500e-01     18      5     18      2     17      9     18     25     19      3      7     11      1      8     12      2      4     21     19      6     10     10      6     21     26     18     12     10      6      3     27     15      3     18     15      3      5      7     11     47      2      1      9     26      3      5      9      8      1     25      8      8      2     18      6      4     18     24     11     24     34      4      8     14     37     16     30      4     28      9      3     20     23      1     23      9     19      6     19     23     34     19     13      6     32      2      5      7      6     10     24      8      5     24      5     15      6      1      3     25
14537  1      000031 000634 2.500e-01      6      4      0      0      3     12      3      6      4      3      5      1     15      5     16     12     11      5      1      3      5      8      3      2      7      2      8      2      7      9      6      1      1      2     27     15     20      8      2      4      0     11      4     12      5      4      2      6      6      5     14      4     12      1     11      6     13     20      3      1      8      0      6      5      1      4      4      1      5      3      1      6     14      1      2      5      5      2     10     11     16      2      2     16      2      1      1      3     10      5      5      6      4      2     11      1     32     11      9      7
15216  1      000005 000160 2.500e-01      3      1      1      2      0      0      2      1      4      3      1      1      3      0      0      1      0      1      1      1      2      0      1      2      0      0      0      1      0      1      1      0      1      2      3      2      1      3      2      0      0      2      0      1      0      1      0      9      4      1      0      2      1      4      2      6      1      3      1      3      1      2      2      2      1      0      0      0      1      7      0      3      3      0      4      0      3      0      4      5      4      2      1      0      2      2      1      7      3      1      1      0      1      0      0      1      0      6      0      1
14856  0      000012 000341 2.500e-01      6      1      0      1      1      4      4      1      4      5     11      6      3      5      3      1      0      2      3     20      2      8      2      6      0     10      5      4      1      3      0      4      2      7      2      5      7      2      0     11      0      3      0      1      1      3      4      3      5      2      0      2      6      0      2      2      5      9      5      0      5      0     10      0      2      1      4      5      0     11      1      3      2      0      3      0      3      0      6      0      3      2      0      2      4      2      3      1      6      9      0      4      1      3      2      6     11      7      2      2
15174  14856  000003 000036 2.500e-01      0      0      0      0      0      0      0      0      2      0      1      2      1      1      0      0      0      1      0      0      0      1      0      0      1      0      0      1      0      0      0      0      0      0      0      1      0      0      1      2      0      0      0      1      0      0      0      0      0      0      0      0      0      0      0      2      1      0      0      0      0      0      2      0      0      1      0      0      0      1      1      1      0      0      1      0      3      0      0      0      0      1      0      0      0      0      0      1      0      1      0      1      0      1      0      1      0      0      0      1
15198  14856  000009 000258 2.500e-01      2      5      0      2      1      0      4      9      3      1      7      1      1      1      5      5      1      0      6      0      4      4      1      3      1      1      2      7      7      2      0      3      4      1      4      1      6      0      2      2      1      2      3      1      4      0      5      0      1      4      2      1      4     10      1      6      5      1      4      1      0      2      0      4      7      1      7      1      1      0      5      1      0      0      0      4      1      7      3      3      0      5      1      3      1      3      1      3      3      1      0      1      7      0      0      2      3      4      1      7
14139  0      000010 000239 2.500e-01      0      2      1      3      4      1      0      4      3      2      6      1      4      1      3      5      0      1      0      1      0      4      2      4      4      8      2      1      0      1      2      3      0      6      0      2      4      4      4      8      1      3      1      4      4      7      1      0      7      1      6      1      6      4      1      5      0      1      0      0      1      2      4      3      4      1      0      2      4      0      0      1      1      2      2      2      0      7      1      4      1      3      1      1      5      2      1      4      2      3      1      5      0      4      5      0      2      1      0      3
15199  14139  000004 000071 2.500e-01      3      1      1      0      0      0      0      1      2      1      2      0      1      1      1      2      0      1      1      2      0      0      0      0      1      3      0      0      1      0      2      2      0      0      0      0      0      0      3      0      0      2      2      0      0      1      0      0      0      0      0      4      3      0      0      0      1      0      0      2      1      0      2      0      0      0      0      0      1      1      1      0      0      1      0      0      1      1      1      3      0      2      0      0      1      1      0      0      0      0      1      0      1      0      1      0      0      4      0      0
15217  14139  000006 000010 2.500e-01      0      0      0      0      0      0      0      0      0      0      0      0      0      0      0      0      0      0      0      0      0      0      1      0      0      0      1      0      0      0      0      1      0      0      0      0      0      0      0      0      0      0      0      0      0      0      0      0      0      0      0      0      0      1      0      0      0      0      0      0      0      1      0      0      0      0      1      0      0      1      0      0      0      0      1      1      0      0      0      0      0      0      0      0      0      0      0      0      0      1      0      0      0      0      0      0      0      0      0      0
15113  0      000015 000126 2.500e-01      0      3      0      1      3      5      0      0      1      0      0      1      2      3      0      1      2      0      1      0      0      1      1      2      3      2      1      0      0      0      2      2      0      4      0      1      0      0      0      0      2      0      0      0      0      1      1      0      1      4      0      4      1      0      0      1      7      1      1      2      1      5      1      1      3      0      0      2      1      5      0      0      2      1      0      0      1      3      6      0      0      0      1      2      0      3      1      1      1      3      0      3      2      1      2      1      2      0      1      2
15117  15113  000015 000303 2.500e-01      6      1      3      1      0      5      2      3      3     17      3      1      3      0      1      4      4      0      6      1      3      1      7      0      7      6      2      2      3      5      1      1      4     12      0      0      1      4      2      5      2      1      1      1      1      3      1      5      0      2      4      6      6      0      1      1     10      2      3      1      6      7      7      5      3      1     12      0      0      5      2      6      0      7      3      4      0      4      1      3      7      3      3      1      4      3      4      3      3      0      2      0      1      2      3      4      1      1      1      0
