SCORE -2.44839045077927e+05
ITER 37000
ETA        1.50000000000000e+00 1.50000000000000e+00 1.50000000000000e+00
GAMMA      5.00000000000000e-01 5.00000000000000e-01
GEM_MEAN 5.00000000000000e-01
GEM_SCALE 5.00000000000000e-01
SCALING_SHAPE 5.00000000000000e-01
SCALING_SCALE 5.00000000000000e-01
ID     PARENT NDOCS  NWORDS  SCALE     WD_CNT
0      -1     000100 041894 2.500e-01    308    306    108    233    268    325    117    974    417    519    553    492    383    807    557    500    549    136    312    424    414    580    181    496    383    362    539    280    390    400    394    451    270    240    297    526    260    448    765    683    493    369    679    258    122    417    503    250    359    504    463    398    347    304    442    434    555    380    355    310    196    379    616    507    558    107    904    293    352    196    401    794    256    233    263     84    851    586    661    940    363    343    461    660    298    150    163    189    341    338   1109    369    304    191    341    180    654    434    426    814
1      0      000075 004083 2.500e-01     75     27     11     11     38     62     18     91     50     44     15     69     38     14     86     66     25     33     68     83     27     91     32     82     25     14      3     22     19     32     30     36     35     34     86     21     37     78     24     51     14     15      9     26     49     28     21     33     22    117     12     25      7     24     33     40    102     33     35     44     53     31     14      0     37     15     83      3     41     16      3     44     23     33     39     36     44     56     42     75     60     31     41     50     85     44     44     35     54     50    128      4     29     19     15     54     53     68     50     89
13     1      000053 001647 2.500e-01     15      0     51      2     17      7      7     11     14      8      7      1      4     13      4     10      3     15     23      4      6      9     17     27     29     14     12     16     28      7     18     11      2     20     12     17      6     12     13     60      3     15      4     22      5      8     23      7      2      9     11      6      9     16     11     18     50     18      4     31     43      4     22     16     45     31     38     13     40     16      3     21     11      3     54      4      2     39     14     25     24     21     30      6     47      0      7     13      8     25     39     18      8     39      8     22     14     11     15     24
64309  1      000012 000444 2.500e-01      2      8      2      1      1      3      5     13      1      6     12      2      3      0      1      8      8      4      6      0      3     10      1      1      3      1      4      7      4      2      7      7      5      5      0      0      3      3      4      4      2      5      3      1      1      2     13      0      9      6      6      2     10      9      6      4      7      2      4      3      3      4      0      6     24      1     10      8      4      2      0      2      1      3      0      4     11      6      4      2      5      5      7      6      1      6      0      4      3      8      2      7     10      0      3      3     11      1      4      8
64501  1      000006 000203 2.500e-01      0      1      2      3      2      1      2      3      1      2      1      3      3      2      1      1      3      2      4      5      1      1      1      0      2      2      5      3      3      1      0      0      3      1      1      9      0      3      0      1      2      2      0      1      1      0      6      0      1      1      1      1      0     10      0      1      1      1      2      7      0      1      1      1      4      1      0      3      3      1      1      2      1      2      2      0      1      4      3      2      8      1      2      3      1      3      0      2      5      1      3      4      0      3      0      1      9      2      4      1
64507  1      000004 000033 2.500e-01      0      0      1      0      0      0      0      0      0      0      0      0      4      0      0      1      0      1      1      0      0      1      0      0      0      0      0      0      0      2      1      0      0      1      1      1      0      1      0      0      0      0      1      0      0      0      0      0      0      0      0      2      0      2      0      0      1      0      0      0      0      0      1      0      0      0      0      1      0      0      0      0      0      0      0      0      0      0      0      0      1      0      2      0      0      2      1      1      0      0      0      0      0      0      0      0      0      2      0      0
64366  0      000010 000227 2.500e-01      1      3      4      1      6      0      2      4      1      0      1      6      6      5      0      4      2      4      2      1      2      1     11      0      0      2      1      4      5      1      3      3      1      2      3      3      1      4      2      1     11      0      1      1      4      0      2      0      1      3      0      2      0      0      5      3      3      0      0      2      2      1      2      1      0      3      8      0      2      0      3      1      4      4      1      0      5      4      1      1      0      0      2      1      3      4      0      5      1      1      3      0      1      9      0      7      1      3      2      0
64456  64366  000009 000278 2.500e-01      4      2      2      0      5      2      2      1      0      3      7      0      0      3      0      6      2      1      9      2      4      3      5      2      3      3      3      2      0      5      3      1      3      2      0      1      0      6      0     14      6      7      5      3      8      0      0      1      5      2      1      0      6      2      1      4      1      4      5      1      1      6      2      3      3      4      6      1      4      3      1      4      2      0      2      0      7      0      3      6      2      1      3      2      0      1      2      6      6      1      6      4      2      1      2      1      0      5      2      0
64504  64366  000001 000173 2.500e-01      0      2      3      2      2      1      0      3      4      5      1      1      1      2      3      2      0      2      1      2      2      0      0      0      1      0      1      3      2      3      1      3      1      0      3      0      0      1      5      1      3      1      2      1      0      1      2      0      0      1      1      3      0      2      1      3      3      2      0      1      0      4      6      2      1      0      4      4      0      1      6      0      1      0      5      0      3      5      2      1      3      0      3      2      3      0      0      1      1      1      5      1      5      0      5      2      1      1      1      2
64147  0      000014 000340 2.500e-01      4      4      5      0     12      1      2      7      1      0      3      4      1      5      2      8      1      3      2      5      2      1      0      4      2      8      8      2     13      1      3      3      1      4      1      2      1      0      6      5      5      5      0      0      1      8      3      2      0      3      6      2      3      5      7      4      2      2     11      1      3      9      0      4      8      0      0      5      1      4      6      6      2      4      8      3      4      2      1      0      2      2      2      6      1      8      7      6      3      5      6      0      1      6      2      5      1      0      0      0
64455  64147  000005 000218 2.500e-01      1      1      0      1      1      0      6      1      1      3      0      0      8     10      8      0      3      1      1      6      0      0      0      3      0      3      6      0      2      4      0      3      0      0      0      1      3     12      1      0      4      7      1      6      1      2      2      2      1      0      1      1      0      2      3      2      6      2      0      0      7      2      2      1      5      1      1      1      0      0      1      3      1      1      2      3      1      7      0      6      0      0      2      2      2      7      4      0      0      4      0      1      1      3      5      0      1      2      5      1
64340  64147  000009 000338 2.500e-01      4      0      4      4      0      3      3      1     19      2      4      4      1      3      1      1      1      1      2     13      1      4      1      5      2     13      5      2      0      0      0      6      1     10      1      0      6      1      6      0      3      1      8      5      3     13      4      5      0      0      2      1      4      0      3      2      0      1      0      4      0      3     10      0      2      1      5      1      1      0      3      7      0      0      3      3      1      4      2      7      0      2      3      5     13      3      3      2      1     11      0      9      1      7      0      6      4     16      4      1
64499  0      000001 000122 2.500e-01      1      1      0      0      3      1      1      1      1      1      0      1      2      2      0      1      1      0      1      2      0      0      2      4      0      2      3      4      0      1      3      0      0      0      0      6      0      4      0      2      0      0      1      1      0      2      1      1      0      3      1      3      1      1      0      2      2      0      0      0      1      2      0      1      1      1      0      3      2      2      1      0      1      2      0      0      1      0      1      1      1      2      2      1      1      1      0      4      2      3      1      1      0      2      0      0      1      5      0      5
64503  64499  000001 000000 2.500e-01      0      0      0      0      0      0      0      0      0      0      0      0      0      0      0      0      0      0      0      0      0      0      0      0      0      0      0      0      0      0      0      0      0      0      0      0      0      0      0      0      0      0      0      0      0      0      0      0      0      0      0      0      0      0      0      0      0      0      0      0      0      0      0      0      0      0      0      0      0      0      0      0      0      0      0      0      0      0      0      0      0      0      0      0      0      0      0      0      0      0      0      0      0      0      0      0      0      0      0      0
