SCORE -2.44498239949607e+05
ITER 19000
ETA        1.50000000000000e+00 1.50000000000000e+00 1.50000000000000e+00
GAMMA      5.00000000000000e-01 5.00000000000000e-01
GEM_MEAN 5.00000000000000e-01
GEM_SCALE 5.00000000000000e-01
SCALING_SHAPE 5.00000000000000e-01
SCALING_SCALE 5.00000000000000e-01
ID     PARENT NDOCS  NWORDS  SCALE     WD_CNT
0      -1     000100 042697 2.500e-01    287    320    134    245    288    336    124   1017    440    520    581    493    407    811    543    497    552    133    292    427    418    588    193    503    355    382    557    267    381    378    397    458    276    231    262    542    259    486    772    679    514    377    679    271    132    441    537    241    368    502    474    406    356    335    450    450    547    375    346    312    202    375    633    507    598    111    940    323    362    190    409    793    236    245    283     95    869    598    674    959    404    341    464    681    329    183    170    196    364    347   1094    378    317    207    357    177    651    431    446    814
1      0      000078 003870 2.500e-01     77     20     17      0     41     51     19     52     40     39      3     65     25      6     86     82     16     36     88     52     23     83     32     95     36      3      3     28     36     36     25     44     32     50    110     14     31     67     14     57     11     26      9     22     51     14     17     38     14    116      9     11      8     20     35     54    102     47     34     70     52     33     10      7     18     22     57      2     20     21      5     58     29     20     35     19     33     70     33     70     42     43     55     36     72     31     14     38     42     34    140      6     27     23     12     56     51     80     49     63
13     1      000039 001369 2.500e-01     30      1     33      2     14      1     16     20      5      5      7      5      7     23      8     12      6     21     28      4     10     12      8     16     16     12      4     12     28      8     17      6      6     10      6     10      6     11     21     46      1      5      5     22      2      8     11      0      4     10      1     12      4      4     11      2     50     10      7     15     31     11     14     14     50     22     34      1     42     14      3     12     12      5     35     15     14     20     12     20     10      4     31      7     45      6     21      9      3     25     15     17      2     24      5     13      5     11      1     37
32245  1      000039 000794 2.500e-01      4      8      1      4      6      2      2     11     16      3      0      9      2      6     10      5     10      9      4     45      8     10      3      1     20      6      2     19      1     10     12      4      0      7      4      3     17      0      7     19      7     16      8      3      6      4      4     17      3      5     11      1      9      5      7      4      8      7      6      2     12      6      9     10      0      6      8      1     14      4      1      9     17      9     21      6      7      8      7      9      4      6      4      9      8      1     10     11      2     22     33      1      8      6      3     28     13      9      5      4
32785  0      000010 000118 2.500e-01      3      1      1      0      0      0      0      1      0      3      1      0      1      1      3      0      0      1      0      1      0      0      1      1      7      1      0      2      0      2      0      3      1      3      3      2      1      0      1      1      4      1      3      0      0      1      3      1      5      0      0      3      0      1      0      1      3      3      0      0      4      6      2      1      0      0      0      0      0      1      1      3      1      3      2      0      2      2      0      0      3      0      1      1      0      0      0      0      1      1      4      0      1      0      0      1      0      0      1      1
32926  32785  000010 000368 2.500e-01      5      1      4      3      0      7      1      2      1      8      1      1      4      5      5      2      9      0      5      2      0      1      2      1     11      4     10      4     10      2      3      3      2      6      3      6      3      1      6      7      4      2      4      0      2      6      3      1      1      1      8      1      1      3      4      1      9      2     15      2      5      2      2      1      8      0     15      3      3      4      8      0      2      1      0      1      3      4      4      1      0      5      1      1      0      2      7      4      3     10     11      0      5      8      1      0      1      4      5     12
32964  0      000012 000333 2.500e-01      6      1      1      2      2      5      0      1      3      1      3      5      3      4      5      7      3      2      6      5      0      4      1      0      4      8      6      3      7     13      1      1      2      9      6      3      0      1      5      4      3      0      4      2      1      2      4      1      5      4      1      3      0      8      1      0     12      0      2      2      1      3      3      1      9      0      3      0      5      2      1      0      2      1      0      0      2      7      3      2      2      5      2      4      1      5      5      1      6      4      1      9      0      6      3      3     17     10      0      6
33015  32964  000003 000125 2.500e-01      1      2      1      0      0      1      1      2      0      5      2      4      2      2      0      0      1      0      3      0      0      0      8      3      1      0      0      2      1      5      2      0      3      1      3      0      0      2      0      1      0      0      2      0      1      2      0      1      0      2      0      6      2      0      4      1      0      0      2      0      0      2      1      0      1      2      2      0      1      0      0      2      0      0      3      0      0      2      1      3      1      0      1      1      0      0      1      3      2      1      1      0      1      1      0      1      2      2      2      3
33052  32964  000008 000324 2.500e-01      2      1      1      2      4      3      2      4      5      9      6      1      3      8      3      3      1      1      6     11      3      3      2      4      0      8      8      8      2      5      6      5      0      2      8      7      0      5      0      8      2      0      0      5      0      3      1      1      0      9      1      3      7      1      0      4      2      1      4      1      2      8      2      1      4      2      0      6      3      5      1      7      4      1      0      1      1      2      0      2      3      4      1      4      0      1      3      6      2      4      2      7      1      5      0      2     10      3      4      5
33046  32964  000001 000002 2.500e-01      0      0      0      0      0      0      0      0      0      0      0      0      0      0      0      0      0      0      0      0      0      0      1      0      0      0      0      0      0      0      0      0      0      0      0      0      0      0      0      0      0      0      0      0      0      0      0      0      0      0      0      0      0      0      0      0      0      0      0      0      0      0      0      0      0      0      0      0      0      0      0      0      0      0      0      0      0      0      0      0      0      0      0      0      0      0      0      0      0      0      1      0      0      0      0      0      0      0      0      0
