SCORE -2.43269462902875e+05
ITER 11000
ETA        1.50000000000000e+00 1.50000000000000e+00 1.50000000000000e+00
GAMMA      5.00000000000000e-01 5.00000000000000e-01
GEM_MEAN 5.00000000000000e-01
GEM_SCALE 5.00000000000000e-01
SCALING_SHAPE 5.00000000000000e-01
SCALING_SCALE 5.00000000000000e-01
ID     PARENT NDOCS  NWORDS  SCALE     WD_CNT
0      -1     000100 042820 2.500e-01    288    306    136    229    296    341    121   1009    440    531    542    468    383    821    550    528    540    144    339    456    406    586    196    496    379    383    549    285    402    414    401    456    275    233    293    523    270    482    767    719    498    375    680    287    129    438    533    241    364    499    444    413    350    323    465    457    542    356    366    322    217    391    610    519    599    114    923    316    365    204    400    804    243    244    306     76    857    620    668    932    387    325    469    673    326    169    162    197    362    382   1096    378    319    209    348    182    679    442    438    804
1      0      000055 002990 2.500e-01     54     18      8      9     21     47     11     46     28     29     16     71     47     14     76     34     28     14     52     63     15     79     10     56      7      5      8     18      6     23      8     47     27     23     76     25     24     53     18     31     18     46      7      5     43     20     23     32     13     91     26     19     17     23      5     37     80     18     33     19     15     36      2      4     17     17     54      1     20     13      4     40     17     27      5     32     13     56      6     31     37     51     45     33     56     31     30     31     39     33    110      2     18     11      7     27     43     73     41     42
13     1      000047 002208 2.500e-01     41      0     36      3     31      6     19     39     17     19      9     23      7      3     10     26      1     37     21     17     19     26     26     39     42      8     18     19     37     11     29     12     10     30     21     19     10     20     10     58      2      1      0     19     11      2     14      7      9     40      8      5      1     15     25      9     74     44      0     46     64      3     36      5     52     29     52      5     49     13      6     27     22      4     52      7     30     20     35     66     36     11     28     17     58      8     16     14     11     11     60     13     13     31     11     50      9      3      8     62
18557  1      000008 000202 2.500e-01      0      0      0      3      0      2      0      0      2      0      1      4      1      0      2      0      2      1      6      1      5      1      7      5      6      7      3      2      0      1      0      0      0      2      1      5      3      3      8      1      3      1      0      3      1     12      1      1      1      0      1      0      4      1      4      3      5      4      2      0      3      0      3      1      3      1      2      0      3      0      3      0      4      1      3      5      5      1      0      0      1      1      1      0      6      0      1      0      0      4      4      0      1      1      1      0      1      2      1      7
18267  0      000026 000464 2.500e-01     22      4      0      3      2      1      3      2      9      2     17      2      2      3      6      1      2      2      0      3      4      2      2     14      4      7      1      1      2      1      1      6      1      4      2      4      1      3      9      0      0      0      8      5      3      3      2     12      4      6      5      1      0      4      5      6      4     14      3      6      0      7      2      0      2      1      0      9      0      6      0      5     15      2      7      6     11      0      0     10      0      9      1      9      3      6      3     15      3      3     20      3      6      8      7     16      2     13      4      4
18344  18267  000020 000270 2.500e-01      0      2      5      3      3      6      4      7      2      3      5      0      4      3      2      3      1      0      0      0      3      1      1      0      2      7      4      1      2      4      8      1      0     14      0      0      0      2      1      6      4      2      6      1      2      0      0      0      3      1      3      2      4      6      0      3      0      0      8      2      0      1      5      6      2      1      0      2      1      0      0      1      0      2      1      1     10      3      3      5      5      5      6      1      2      3      2      0      1      2      3      3      0      4      0      5      4      8     13      2
18609  18267  000006 000193 2.500e-01      3      4      3      1      1      2      3      2      1      0      0     10      0      3      1      1      2      2      4      2      3      3      7      1      2      2      0      0      4      0      1      0      0      7      2      0      0      5      1      2      9      1      1      3      2      1      2      1      3      1      3      2      4      1      0      0      1      2      1      3      2      1      6      1      2      1      3      2      0      0      0      4      0      2      2      1      1      1      3      1      0      2      1      1      0      1      4      6      5      3      0      0      1      1      3      1      1      4      0      0
18099  0      000016 000392 2.500e-01      4     14      4      3      0      1      3      3      5      3      5      2      1     17     11     13     16      2      5      5      5      1      0      1      0      4      2      2      6      0     11      1      0      2      5      3      5      2     11      1      9      0      4      1      1      4      3      5      1      4      0      1      3      1      1      1     20      5      0      6      2      1     11      0      2      1      2      0      3      3      7      0      2      2      2      2      0      0     15     10      2      0      6     10      1      5      6      3      1      0      3     15      0      3      2      0      6      3      7      5
18505  18099  000015 000404 2.500e-01      3      7      1      4      1      0      1      1      6      5      9      2      7      1      4      1      6      1      4      0      2      2      2     11      8      1      5     16      7      4      3      1      7      4      5      6      4      1      1      4      2      1      8      1      2      1      1      0      2      7     15      2      4      3      7      0      6      2      2      0      5      5      1      5      9      0     23      1      8      2      8      1      0      0      1      6      2     12      3     11      1      4      3      0      0      4      7      0      3      6      6      3      4     10      1      0      4      2      1     18
18614  18099  000001 000017 2.500e-01      0      0      0      0      0      0      0      0      0      0      0      0      0      0      0      0      0      0      0      0      0      0      0      0      0      0      0      0      0      1      1      0      0      0      0      0      0      1      0      0      1      0      0      0      0      0      1      0      0      0      0      0      0      0      0      0      1      0      1      0      0      0      0      0      0      0      0      0      0      0      0      1      0      1      0      0      0      0      0      0      0      0      0      0      2      0      0      1      0      1      0      0      0      2      1      0      0      0      0      1
18612  0      000003 000001 2.500e-01      0      0      0      0      0      0      0      0      0      0      0      0      0      0      0      0      0      0      0      0      0      0      0      0      0      0      0      0      0      0      0      0      0      0      0      0      0      0      0      0      0      0      0      0      0      0      0      0      0      0      0      0      0      0      0      0      0      0      0      0      0      0      0      0      0      0      0      0      1      0      0      0      0      0      0      0      0      0      0      0      0      0      0      0      0      0      0      0      0      0      0      0      0      0      0      0      0      0      0      0
18613  18612  000002 000039 2.500e-01      0      0      0      0      0      0      0      1      0      1      0      1      2      1      1      1      0      0      1      0      0      0      0      1      0      0      0      1      0      0      0      0      2      0      0      2      0      1      0      0      0      0      0      0      1      0      0      2      0      0      0      1      0      0      0      1      0      0      0      0      1      1      0      1      0      0      0      0      0      0      1      1      0      0      0      1      2      0      1      0      0      0      0      0      1      2      0      1      0      3      0      1      0      0      0      0      1      0      0      0
18615  18612  000001 000000 2.500e-01      0      0      0      0      0      0      0      0      0      0      0      0      0      0      0      0      0      0      0      0      0      0      0      0      0      0      0      0      0      0      0      0      0      0      0      0      0      0      0      0      0      0      0      0      0      0      0      0      0      0      0      0      0      0      0      0      0      0      0      0      0      0      0      0      0      0      0      0      0      0      0      0      0      0      0      0      0      0      0      0      0      0      0      0      0      0      0      0      0      0      0      0      0      0      0      0      0      0      0      0
