SCORE -2.42983983025450e+05
ITER 50000
ETA        1.50000000000000e+00 1.50000000000000e+00 1.50000000000000e+00
GAMMA      5.00000000000000e-01 5.00000000000000e-01
GEM_MEAN 5.00000000000000e-01
GEM_SCALE 5.00000000000000e-01
SCALING_SHAPE 5.00000000000000e-01
SCALING_SCALE 5.00000000000000e-01
ID     PARENT NDOCS  NWORDS  SCALE     WD_CNT
0      -1     000100 042146 2.500e-01    295    317    128    226    296    304    118    993    423    524    572    482    366    784    532    515    545    136    310    430    410    591    212    492    377    372    540    279    391    366    403    453    257    246    289    520    263    450    768    687    511    362    687    269    124    419    514    241    339    506    448    397    356    309    451    436    560    378    374    307    208    386    617    502    604    116    900    309    339    189    396    779    252    250    290     86    863    612    650    897    379    324    456    665    341    168    153    201    354    368   1114    365    318    210    352    166    639    428    435    815
1      0      000050 004000 2.500e-01     81      6     24     10     21     64     16     90     50     29     12     71     40     29     84     47     19     22     74     56     20     79     19     88     22     10      2     28     25     54     17     51     27     43     94     37     27     58     42     60     13     44      2     16     40     37     24     35     30    130     33     32     15     20     34     44    101     52     15     48     47     44     11      3     10     16     62      2     39     17      7     63     14     18     29     24     35     46     36     89     62     23     52     49     89     37     36     39     40     53    114     12     29      2     20     46     63     66     56     87
13     1      000047 001739 2.500e-01      6      8     30      2     30      2     20     12     15     20      4     14     12     22     30     20     12     33     17     28     13     13     11     14     24     22     14     12     19      1     29      4     19     13      7      5     18     28      4     46      2      6      5     28     11      2      8     13      2      4      0      0      1     21     15     13     59      9     15     27     40      4     27     14     62     21     59      3     45     12      4     21     19      4     45     13     19     31     31     46     17     37     26      8     14      3     11      8      0     12     42      7      9     40      1     38      2     15      4     31
88024  1      000003 000002 2.500e-01      0      0      0      0      0      0      0      0      0      0      0      0      0      0      0      1      0      0      0      0      0      0      0      0      0      0      0      0      1      0      0      0      0      0      0      0      0      0      0      0      0      0      0      0      0      0      0      0      0      0      0      0      0      0      0      0      0      0      0      0      0      0      0      0      0      0      0      0      0      0      0      0      0      0      0      0      0      0      0      0      0      0      0      0      0      0      0      0      0      0      0      0      0      0      0      0      0      0      0      0
87117  0      000014 000496 2.500e-01      2     10      1      8      1     10      1      0      2      9      7      2     14     16      0      2      7      5      4      7      2      5      1     14      4      2      3      8     13     13      3      1      8      4      2     14      3      3      0      1      3      4      2      0      4      3      8      3      3      3      2      5      8      7      0      0      2      2      5      1      1      6      8      2      5      2     19      2     10      4      7      6      0      0      4      5      3     15      2     18      0      5      8      4      2      0      3      0      6      0      9      2      3     13      1      7     20     16      1      0
87673  87117  000012 000410 2.500e-01      6      5      4      2      0      5      0      6     10      0      5      0      3      0      6     18      0      0      4      5      2      1      3      8     11      8      4      3      5      7      3      0      5      7      4      2      1      5      1      9      3      2      1      4      3      7      6      1      6      1      3      4      4      5      1      6      5      0      4     12      5      1      8      1      0      3      5      3      2      2      3     10      2      5      3      4      2      0      7      1      2     10      6     10      1      5      6      6      0      0      2      5      0      3      2     11     13      8      3      4
88025  87117  000001 000000 2.500e-01      0      0      0      0      0      0      0      0      0      0      0      0      0      0      0      0      0      0      0      0      0      0      0      0      0      0      0      0      0      0      0      0      0      0      0      0      0      0      0      0      0      0      0      0      0      0      0      0      0      0      0      0      0      0      0      0      0      0      0      0      0      0      0      0      0      0      0      0      0      0      0      0      0      0      0      0      0      0      0      0      0      0      0      0      0      0      0      0      0      0      0      0      0      0      0      0      0      0      0      0
88026  87117  000001 000000 2.500e-01      0      0      0      0      0      0      0      0      0      0      0      0      0      0      0      0      0      0      0      0      0      0      0      0      0      0      0      0      0      0      0      0      0      0      0      0      0      0      0      0      0      0      0      0      0      0      0      0      0      0      0      0      0      0      0      0      0      0      0      0      0      0      0      0      0      0      0      0      0      0      0      0      0      0      0      0      0      0      0      0      0      0      0      0      0      0      0      0      0      0      0      0      0      0      0      0      0      0      0      0
87940  0      000016 000506 2.500e-01      7      5      1      8      2      9      2      5      7      1      3      1      8      0      7      2      5      5     11      6     10      1      0      2      8      5      2      6      8     15      3      8      2      2      2      2      3     13      2      9      4      1     12      1      6      8      9      2      9      1      5      3      1      9      2      9      1      1      1      5      2      4      1     12      2      1      5     11      5      0      7      2      8      4      1      4      2      1      5     12      5      2     10      4      7      7     13      3     18      8     12     19      1      2      1      4      3      1      7      2
87978  87940  000007 000048 2.500e-01      1      0      0      0      0      0      1      0      1      0      0      0      0      4      0      0      2      1      0      0      0      0      0      0      1      0      0      1      0      0      0      0      2      0      0      3      0      0      1      0      0      1      1      0      3      1      0      2      1      0      0      0      1      1      1      0      1      0      0      1      0      0      0      0      0      1      0      0      3      1      0      1      0      0      0      0      0      0      0      0      0      0      0      0      0      0      0      1      1      0      2      1      0      0      0      3      1      0      0      1
88023  87940  000009 000039 2.500e-01      0      1      0      0      0      1      0      0      0      1      0      0      0      0      1      0      1      1      0      0      0      1      3      1      0      0      0      0      1      0      0      0      1      0      0      0      0      2      0      1      0      0      0      1      1      0      0      2      0      0      4      0      1      0      0      0      1      0      0      0      0      0      0      0      0      0      0      0      0      1      0      0      0      0      0      0      0      1      0      0      1      0      2      1      0      0      0      0      1      0      0      0      0      0      0      0      3      2      0      1
87753  0      000003 000035 2.500e-01      0      0      2      0      0      0      0      1      1      1      0      0      1      1      0      0      0      0      3      1      0      3      0      0      0      0      0      0      0      0      0      2      0      0      0      1      1      0      1      0      0      0      1      1      0      0      0      0      0      0      0      0      0      0      0      0      1      0      0      0      0      0      0      0      1      1      2      1      0      0      0      0      1      0      0      0      0      0      0      0      0      0      0      0      0      1      1      0      0      0      1      1      0      0      1      0      0      2      0      0
87996  87753  000003 000015 2.500e-01      0      0      0      0      0      0      0      0      0      0      0      0      1      0      1      0      0      0      0      0      0      0      0      0      0      0      1      2      0      0      0      0      0      0      1      1      0      0      0      1      0      0      0      0      0      0      1      0      0      0      0      0      0      0      1      0      0      0      0      0      0      0      0      1      0      0      0      0      0      0      0      1      1      0      0      0      0      0      1      1      0      0      0      0      0      0      0      0      0      0      0      0      0      0      0      0      0      0      0      0
87857  0      000017 000201 2.500e-01     11      0      0      2      2      7      5      3      1      1      0      1      4      4      0      0      5      0      0      9      0      2      2      2      1      5      1      0      2      0      1      0      0      0      1      2      1      0      4      2      0      0      2      2      1      3      1      2      1      4      5      0      0      3      4      7      2      1      1      1      0      0      0      2      1      3      2      4      5      9      0      0      6      4      0      1      3      1      0      1      1      2      0      1      0      3      1      5      4      1      4      2      1      1      1      0      0      7      3      1
87925  87857  000017 000363 2.500e-01      6      3      3      0      3      4      2      0      0      7      1     12      5      6      2      3      2      0      9      5      5      5      0      3      2      0     23      6      1      3      4      5      1      4      5      0      0     14      3      6     10      7      1      3      2      1      9      0      9      0      5      5      0      2      3      2      0      2      1      2      6      1      4      5      3      1      5      1      2      6      5      1      0      0      7      0      4      6      2      1      2      5      0      2      1      5      7      5      1      6      2      4      1      9      2      6      6      5      4      3
