SCORE -2.46085218521855e+05
ITER 40000
ETA        1.50000000000000e+00 1.50000000000000e+00 1.50000000000000e+00
GAMMA      5.00000000000000e-01 5.00000000000000e-01
GEM_MEAN 5.00000000000000e-01
GEM_SCALE 5.00000000000000e-01
SCALING_SHAPE 5.00000000000000e-01
SCALING_SCALE 5.00000000000000e-01
ID     PARENT NDOCS  NWORDS  SCALE     WD_CNT
0      -1     000100 041818 2.500e-01    288    314    123    224    299    328    101    984    409    504    573    474    369    795    526    488    543    130    332    459    412    580    192    469    372    380    540    287    391    398    383    446    260    245    300    532    263    477    772    704    500    341    677    272    120    426    520    227    350    502    455    389    344    298    410    435    525    364    356    279    198    381    594    497    605    114    906    307    346    191    372    781    250    220    265     76    830    622    665    898    373    306    450    659    332    173    161    202    363    384   1119    387    304    205    339    158    654    442    418    815
1      0      000043 003815 2.500e-01     66     16     17      7     15     53     17     75     61     43      4     65     52     41     91     66     20     29     71     53     15     87     22     81     16      9      2     26     28     40     21     48     39     42     70     29     30     37     22     45     21     43     11     11     53     32     22     38     24    104     18     19      9     26     43     38     95     51     25     36     47     40     26      1      7     21     62      2     29      6      1     37     13     25     42     32     49     52     24     69     52     41     49     53     68     41     32     39     34     32    128      1     21     26     14     54     52     81     51     71
13     1      000033 001501 2.500e-01     24      2     34      1     25      7     16     21      9     12      6     14      4      0     10     14      8     22     11     10      5      7      8     23     32      8      4      5     26      6     19      4      2     13     19      2     10     34     13     60      0      0      5     18      2      2      6     10      1     23      7      8      1     14      6      8     59     12      1     44     38      4     18      9     42      8     30      1     45     20      3     24     15      7     40      9      5     14     12     54     22     32     24      0     35      4     17      7      3     13     21     13      8     28      3     40     12      0      6     38
69568  1      000010 000254 2.500e-01      3      2      0      8      0      3      3      1      5      1      5      0      1      0      5      1      1      0      0      6      0      0      2      9      3      8      4      1      1      1      2      7      3      1      1      8      1      4      1      0      0      5      1      0      0      5      3      2      9      3      2      1      4      6      6      3      4      0      0      3      3      1      4      2      0      1      4      6      0      3      1      3      1      8      2      2      6      1      2      4      3      0      1      7      4      3      5      2      2      1      1      1      3      2      0      0      1      1      2      2
68868  0      000017 000135 2.500e-01      2      0      1      1      2      0      4      1      4      2      0      2      3      0      1      4      1      1      3      1      1      0      0      2      7      0      1      3      1      0      3      0      0      0      0      3      0      3      1      0      0      2      3      2      1      0      0      1      0      0      0      1      1      1      0      2      1      1      1      2      0      0      3      2      1      2      2      0      2      2      0      4      1      0      3      1      1      2      0      0      3      0      1      0      0      3      4      0      1      1      3      0      0      3      5      2      2      0      2      2
69438  68868  000012 000315 2.500e-01      1      3      0      2      0      2      4      3      6      5      3      0      0      3      0      7      0      5      0      2      7      1      9      2      5      0      8      0      2      1      1      9      1      1      2      3      2      2      5      1      2      1      3      2      1      3      6      9      1      1     10      1      3      6      4      6      2      8      8      7      1      5      2      2      0      3      2      2      3      0      3      5      2      1      4      0      6      6      3      1      1      0     15      2      4      1      2      0      0      8      4      2      0      1      3     15      0      6      7      1
69593  68868  000005 000169 2.500e-01      1      5      1      2      3      1      2      1      1      0      0      2      2      5      4      5      4      0      0      1      3      1      2      2      4      1      5      7      1      2      3      0      1      1      0      0      0      1      1      2      1      3      0      2      2      2      7      0      3      1      1      4      1      2      2      2      0      1      1      6      1      2      1      1      6      1      5      2      0      0      2      1      2      2      1      1      1      1      1      2      3      0      2      2      0      0      3      2      1      0      0      0      0      0      0      0      0      0      4      1
69486  0      000017 000425 2.500e-01     10      5      2      2      2      2      1      0      2      8      2      1      7      3      8     13      4     12      2      2      8     11      0      2      4      2      4      8      2      1     13      0      2      4      3      3      0      1      3      1      2      4      5      3      9      2      3      1      0      5      2     10      9      1      7      5      3      1      3     14      3      2      3      6      3      2     24      3      4      3     18     20      2      5      4      2      8      1      1     16      0      2      3      4      3      0      2      1      3      0      2      2      2      1      0      5      1      4      8      3
69487  69486  000015 000398 2.500e-01      7      3      8      3      3      1      9      5      1      1      3      3      1      5      0      1      6      0      0      7      1      0      6     22      2      4      5      2      1      1      4      2      3      7      1      3      2      1      5      1      2      9      1      6      2      0      2      1      1      1      5      2      1      0     13     10     16      1      6      5      8      4     18     12      5      5     15      1      2      4      2      3     11      3      4      2      5      2      1      5      1      2      2      1      1      0      1      4      1      2      7      4      0      3      4      1     11      9      2      6
69639  69486  000002 000045 2.500e-01      0      0      0      2      0      1      0      0      0      2      0      0      0      1      0      0      0      0      0      0      1      1      1      1      2      0      0      0      1      2      1      0      0      0      0      0      1      1      0      1      0      0      0      0      1      0      0      0      0      2      0      2      0      0      2      0      0      1      3      0      0      0      1      0      1      0      0      0      0      0      0      0      1      0      0      0      0      1      0      0      0      0      0      0      1      0      1      1      0      2      0      1      2      1      1      0      1      0      0      0
69610  0      000019 000237 2.500e-01      6      1      2      3      0      5      1      0      0      3      3      1      5      1      6      2      1      1      1      3      1      2      1      1      2      3      4      1      0      1      2      0      0      0      2      2      0      3      1      1      9      4      1      2      1      1      0      2      3      2      0      1      2      2      5      0      1      3      4      3      7      1      0      0      2      1      2      5      2      7     11      2      0      3      9      2      1      3      6      4      1      4      1      8      4      0      1      2      1      1      2      0      6      2      3      3      0      1     10      1
69621  69610  000014 000382 2.500e-01      5      0      3      0      2      1      4      8      1      5      2      9      2      7      6      7      6      1      2      0      6      8      1      8      1      0     11      3      1      1      8      5      2      2      4      0      2      5      0      3      4      4      4      3      1      5      4      6      1      4      0      1      4      9     11      2      7      0      1      4      2      0      2      5      3      2      2      6     11      3     13      4      1      7      0      2     10      5      5      3      6     10      2      0      2      3      1      7     10      0      8      1      4      6      2      2      6      5      1      3
69637  69610  000004 000184 2.500e-01      0      0      1      0      2      0      0      7      3      3      1      5      6      1      3      0      4      1      1      0      1      3      4      0      0      6      1      0      2      1      2      1      1      1      2      1      1      3      2      1      0      7      1      1      0      0      2      0      0      1      1      7      1      1      0      4      4      2      4      1      0      5      1      1      2      2      3      1      0      2      1      0      1      3      1      3      3      2      4      1      3      3      4      6      1      1      1      1      4      0      6      0      2      0      6      0      1      0      0      1
69640  69610  000001 000000 2.500e-01      0      0      0      0      0      0      0      0      0      0      0      0      0      0      0      0      0      0      0      0      0      0      0      0      0      0      0      0      0      0      0      0      0      0      0      0      0      0      0      0      0      0      0      0      0      0      0      0      0      0      0      0      0      0      0      0      0      0      0      0      0      0      0      0      0      0      0      0      0      0      0      0      0      0      0      0      0      0      0      0      0      0      0      0      0      0      0      0      0      0      0      0      0      0      0      0      0      0      0      0
69629  0      000004 000055 2.500e-01      0      0      0      0      0      0      0      0      3      0      1      1      1      1      0      0      0      0      0      0      1      0      0      0      0      0      0      0      0      0      0      2      2      1      0      0      2      0      0      0      3      0      0      1      0      1      0      1      2      0      0      0      1      1      0      0      4      0      0      0      0      0      2      1      2      1      1      0      1      0      0      0      0      1      2      0      3      0      1      0      0      1      1      0      0      0      0      0      0      0      0      0      1      2      1      0      2      1      1      1
69630  69629  000004 000267 2.500e-01      2      4      1      3      2      2      3      4      5      4      1      6      1      3      3      0      0      1      9      3      0      0      3      2      0      3      1      2      9      4      1      0      6      1      1      1      3      1      0      2      2      4      2      2      2      2      5      3      5      0      4      0      6     10      3      2     12      0      3      0      1      1      1      3      9      2      1      0      5      0      2      0      3      0      2      5      3      1      9      9      1      7      5      2      0      0      0      0      2      4      1      6      9      0      0      1      7      0      1      0
