SCORE -2.45317160730853e+05
ITER 4000
ETA        1.50000000000000e+00 1.50000000000000e+00 1.50000000000000e+00
GAMMA      5.00000000000000e-01 5.00000000000000e-01
GEM_MEAN 5.00000000000000e-01
GEM_SCALE 5.00000000000000e-01
SCALING_SHAPE 5.00000000000000e-01
SCALING_SCALE 5.00000000000000e-01
ID     PARENT NDOCS  NWORDS  SCALE     WD_CNT
0      -1     000100 041504 2.500e-01    291    303    118    203    288    308    109    974    414    515    555    483    371    782    537    507    536    137    318    456    411    574    197    485    353    390    534    266    369    376    372    432    259    242    274    506    267    452    748    673    511    379    681    259    127    404    513    257    343    492    442    389    354    313    422    458    542    356    334    298    204    381    592    509    598     94    892    300    333    191    399    779    239    232    280     77    835    608    647    887    377    327    453    674    320    155    150    201    362    375   1098    363    295    213    322    166    677    437    419    784
1      0      000090 004882 2.500e-01     88     28     33     14     42     64     26     98     61     46     15     76     41     43     79     78     44     37     84     73     34    100     29    108     35      2     13     44     37     49     35     45     35     55     94     26     32     85     34     74     21     29      1     17     50     22     25     37     29    133     34     24     17     32     39     27    138     64     28     53     69     46     36      6     34     43     97      9     50     16      8     68     22     23     40     25     39     67     32    122     62     55     56     34     73     48     55     38     53     39    153     10     48     32     28     72     58     94     57    109
13     1      000044 001524 2.500e-01     17      0     27      8     13      7     17     12      6     14     15     12     17     16     17     11      2     18     12      3      7      3     11      8     33     19     19     10     16      4     26     17     11      8      7     17      7      2     20     54      0      4     10     33      3     16     15      1     10      7      7     10      1     18     15     17     44      5      7     37     17      8     29     17     39     18     37     10     42     12      4     13     20     16     39     15     16     21     29     21     15     13     34     11     51      3     11      6      3     19     18     21      5     14     11     16      3      0     12     32
6340   1      000028 000650 2.500e-01      1      4      5     23      3     13      0      6      3      9      1      0      5      7      9      1     12      1      4      1      0      3      6      2      3      4      9     18     28      4      8     18      1      3      8     24      5      8     15      5      6      4      1      4      4      7     15      0      7      2     13      9      7      6     19      4      3      3     32      2      6      1      8      2      3      4     17      7     13      5      6     11      4      0      8      6     13      7      6      5      1      3     10     11      1      7      2      7      1      5      2      6      4      9      4      0      4      4      0      9
6628   1      000007 000210 2.500e-01      0      2      2      1      3      0      0      2      4      0      7      0      9      0      0      2      0      1      1      1      0      4      3      8      1      0      1      2      1      0      1      2      0      0      1      0      0     12      2      1      2      5      8      4      4      6      2      1      3      0      0      0      0      0      1      0      0      4      0      2      1      0      0      1      1      1      0      2      2      3      1      2      3      3      1      3      5      0      2      7      3      2      3      1      4      3      3      0      1      1      3     12      2      2      0      7      3      3      2      1
6656   1      000006 000218 2.500e-01      5      3      0      0      1      4      1      7      4      2      0      1      1      3      1      2      0      3      0      0      0      3      0      6      6      0      2      0      2      4      3      0      1      7      0      2      1      4      2      1      0      1      1      0      1      2      2      2      2      0      1      2      3      1      8      0      0      0      4      3      1      1      6      2      2      0      0      0      2      4      1      5      4      2      4      4      7      4      0      4      1      1      0      0      3      3      1      6      1      2      2      0      1      7      0     10      0      4      5      3
6755   1      000003 000140 2.500e-01      1      5      3      1      3      2      1      1      2      0      1      3      1      2     10      0      1      0      2      0      1      1      1      1      1      2      3      0      4      3      1      1      2      0      6      1      0      1      0      0      1      0      2      1      0      2      0      0      1      0      1      8      3      1      3      3      1      2      3      3      0      2      1      2      1      0      4      1      0      1      0      0      3      1      0      2      4      0      3      0      0      1      0      3      1      0      1      0      0      0      0      0      0      1      0      3      0      2      0      0
6752   1      000001 000051 2.500e-01      1      1      0      0      1      1      1      0      0      2      0      2      3      0      0      1      0      0      0      0      0      0      0      0      0      0      1      0      1      0      0      0      1      0      0      0      0      0      1      0      0      0      0      4      1      0      0      0      0      0      0      0      0      0      0      0      0      3      1      2      0      0      1      0      2      0      2      0      0      0      0      1      1      0      1      3      0      0      2      0      1      0      0      0      1      0      0      3      0      0      3      0      0      0      1      0      1      0      0      0
6764   1      000001 000199 2.500e-01      8      1      1      1      0      1      1      5      1      2      5      1      2      6      3      1      2      2      1      1      2      2      2      0      2      0      1      1      3      6      3      3      1      0      2      1      2      6      0      3      4      1      1      1      3      5      1      2      2      2      4      2      0      3      4      3      1      2      1      1      5      4      1      0      2      1      2      2      0      2      4      3      1      2      3      0      3      2      2      1      1      1      1      4      1      0      0      1      1      1      5      1      4      2      1      1      1      1      0      4
6579   0      000006 000082 2.500e-01      0      1      0      1      0      0      4      1      0      0      0      0      0      1      1      1      0      0      2      0      1      0      1      5      5      1      2      0      0      1      2      0      4      0      7      2      0      0      0      2      0      2      1      0      0      0      3      0      0      0      0      0      0      0      0      0      0      2      2      0      0      0      0      0      0      1      4      0      2      0      0      0      3      0      0      0      1      1      1      1      0      0      1      0      0      2      0      0      0      1      1      1      1      0      0      4      0      0      2      0
6587   6579   000006 000381 2.500e-01      1      7      1      4      0      5      1      3     15      2      3      1      4      0      4      1      1      4      7      9      3     10      0      1      5      3      3      3      3      8      8      2      5      3      5      5      3      1      4      7      0      2      8      2      2     15      3      1      2      9      3      0      0      1      0      4      4      1      3      0      6      3      1      3      3      1      3      5      6      5      5      2      0      5      3      2      7      0      5     11      7      0      0      6      0      7      6      4      2      4     16      4      2      0     14      1      1      4     10      2
6762   0      000004 000019 2.500e-01      0      0      0      0      1      0      0      0      0      0      0      0      0      0      0      1      0      0      0      0      1      0      1      0      0      0      0      1      0      0      0      0      0      0      0      2      0      1      0      0      0      0      0      0      0      0      0      0      0      1      0      0      1      0      0      0      0      1      0      0      0      0      0      0      0      0      0      0      0      0      0      0      1      0      0      0      0      0      1      0      1      1      1      0      0      0      0      0      1      0      0      0      0      0      0      1      1      0      0      0
6763   6762   000004 000140 2.500e-01      2      0      3      2      0      1      4      1      0      1      2      4      0      6      2      2      0      0      1      3      2      1      0      0      6      3      2      0      2      4      4      4      2      1      1      1      0      1      0      2      1      0      0      0      0      2      1      0      1      3      0      2      1      2      1      1      0      2      1      3      0      0      1      0      3      2      1      0      0      2      1      0      2      1      0      0      1      3      4      7      0      4      1      0      0      1      2      2      0      1      1      0      0      0      0      0      1      1      6      1
