SCORE -2.47407051069528e+05
ITER 22000
ETA        1.50000000000000e+00 1.50000000000000e+00 1.50000000000000e+00
GAMMA      5.00000000000000e-01 5.00000000000000e-01
GEM_MEAN 5.00000000000000e-01
GEM_SCALE 5.00000000000000e-01
SCALING_SHAPE 5.00000000000000e-01
SCALING_SCALE 5.00000000000000e-01
ID     PARENT NDOCS  NWORDS  SCALE     WD_CNT
0      -1     000100 040443 2.500e-01    294    293    110    209    278    304    105    965    416    512    546    468    347    789    529    481    529    134    304    433    389    563    196    470    377    373    532    260    371    381    368    424    247    247    253    508    239    441    727    672    502    355    667    259    116    411    485    227    329    506    430    379    325    273    405    426    529    354    349    272    194    343    572    495    562     87    890    273    330    180    383    760    249    217    275     74    837    568    636    902    349    298    413    661    301    171    152    183    329    348   1088    361    284    221    328    172    649    418    400    807
1      0      000044 003918 2.500e-01     63     24     13      9     43     65     22     49     32     23      8     92     44     33    102     63     30      8     94     57     31     64     12     83     14     15     11     17      7     41     32     51     30     42     74     29     38     64     43     33     12     35      2      9     46      4     39     29     30     99     19     24     12     36     12     19     84     41     34     52     44     31     29      2     27     24     55      6     49     16      3     57     16     27      6     28     56     86     36     64     74     56     70     13     98     27     41     40     46     43    122      6     20     14      4     70     56     83     57     73
13     1      000037 001942 2.500e-01     26      0     42      6     14     13     16     53     24     26      6      1      5     14      0     27      6     45      3     13      7     29     23     20     35      2      9     21     39      4     24     11     19     10     31     14      8     19      8     69      5     13      9     31     10     14      8     11      4     16     13     11      4      9     35     31     62     16      4     35     40     20     22     19     49     25     53      7     38     14      8     26     16     13     67     16      8      6     25     46     14     12     26     39     28      6      8     10      3     10     28     17     22     21     25     11     12      2     18     29
37483  1      000007 000170 2.500e-01      7      0      2      2      1      1      1      4      0      0      3      0      2      1      4      0      0      2      0      0      2      3      0      1      3      1      0      0      1      3      2      3      4      1      1      0      3      4      0      0      5      0      0      1      3      3      7      1      2      0      2      0      2      4      2      2      3      2      1      0      3      2      1      2      5      1      1      3      1      2      7      2      0      2      0      1      3      5      1      4      0      1      0      0      0      2      0      1      2      0      3      3      2      3      1      0      0      0      4      0
37162  0      000005 000151 2.500e-01      1      2      1      0      0      0      1      0      1      2      1      1      1      1      0      4      0      0      0      2      2      0      0      1      3      1      1      0      3      0      0      0      3      1      2      0      0      1      5      4      0      1      2      2      6      2      1      0      2      1      1      1      0      3      6      5      0      0      0      1      1      6      5      3      0      3      6      2      2      0      2      1      0      0      1      2      0      0      3      1      1      1      3      3      3      1      0      0      1      1      0      9      1      0      0      4      2      2      1      1
37432  37162  000004 000222 2.500e-01      0      0      0      2      2      2      1      0      1      0      0      1      7      4      0      3      2      0      0      0      2      0      0      7      3      7      1      8      5      4      2      0      4      0      2      2      1      0      0      0      0      1      2      0      1      5      9      2      2      6      1      4      3      6      0      5      1      2      1      5      1      0      2      0      4      0      2      7      1      5      1      2      3      2      0      0      3      3      2      0      6      4      2      1      0      1      3      3      5      5      3      1      0      2      0      3      7      1      5      3
37494  37162  000001 000000 2.500e-01      0      0      0      0      0      0      0      0      0      0      0      0      0      0      0      0      0      0      0      0      0      0      0      0      0      0      0      0      0      0      0      0      0      0      0      0      0      0      0      0      0      0      0      0      0      0      0      0      0      0      0      0      0      0      0      0      0      0      0      0      0      0      0      0      0      0      0      0      0      0      0      0      0      0      0      0      0      0      0      0      0      0      0      0      0      0      0      0      0      0      0      0      0      0      0      0      0      0      0      0
36895  0      000019 000202 2.500e-01      1      7      1      3      1      0      4      3      0     10      6      1      4      2      0      1      1      0      2      3      1      2      0      2      0      0      1      2      4      1      0      1      1      2      1      0      2      2      0      5      1      2      1      3      0      2      5      1      6      0      7      0      3     13      1      2      5      2      2      0      2      2      2      1      1      2      1      6      0      6      1      0      1      0      0      2      0      3      1      1      2      1      2      3      1      2      2      1      4      2      2      1      1      2      2      1      1      0      4      3
37188  36895  000015 000585 2.500e-01      4      6      2      5      2      2      0     11      6      4      8      4      4      0      3      7     10      0     12      3      1      6     10     16      0      8      2      9     10      7      6     16      6      0      3      4      2     11     11      5      8      6      9      0      6      8      9      7      7      7      3     10      9      8      9      1     11      0      5      5      2     10      1      1     14      4     18      3     15      0      0      3      2      5      7      2      4     18     10     13      5      3     12      2      0      0      3      9     16      2      6      2     12      0      0      2      7     14      2      2
37471  36895  000004 000221 2.500e-01      3      4      3      2      0      0      4      2      0      1      6      0      0      2      3      1      1      1      2      0      0      2      1      1      3      2      7      2      1      0      6      3      1      1      4      6      7      1      0      7      0      4      4      2      0      3      1      1      3      1      1      0      0      2      0      5     10      2      0      3      7      1      1      2      3      0      1      2      3      0      2      1      0      5      5      3      3      1      0      1      3      6      1      1      1      2      5      0      1      1     11      1      2      0      0      0      0      3      5      5
37411  0      000012 000287 2.500e-01      6      2      1      3      5      3      2      5      5      3      0      0      4      5      2      1      2      2      0      3      1      4      2      0      0      6      3      1      3      3      0      1      0      0      1      2      3      5      5      3      3      2      5      2      1      3      2      8      5      5      0      2      8      0      5      3      0      6      1      9      1      3      9      2      1      3      1      5      0      8      3      7      2      0      1      0      5      4      2      7      2      4      0      6      3      4      1      3      6      0      1      1      1      3      3      4      1      7      2      4
37423  37411  000012 000299 2.500e-01      1      0      3      2      2      4      0      3      3      1      4      2     20      0      5      1      1      2      1      6      5      8      0      1      0      2      3      3      1      4      2      0      2      3      5      3      4      4      6      6      1      2      2      7      0      0      4      5      0      3      0      1      9      5     14      5      8      7      2      5      1      4      2      2      7      2      2     10      0      0      2      2      7      1      0      1      1      0      7      0      4      0      5      1      1      0      1      2      4      3      7      4      5      1      2      0      2      3      0      0
37242  0      000014 000276 2.500e-01      0      2      5      1      0      4      1      0      1      5      1      4      4      0      1      8      0      2      2      8      7      3      1      1      1      0      1      2      2      3      2      0      3      6      0      2      4      5      3      5      4      2      1      2      0      7      0      1      2      0      3      7      4      4      7      0      3      0      1      8      2      7      2      1      4      6      5      0      0      0      3      2      0      6      6      4      3      0      0      8      1      6      1      4      4      6      9      2      0      3      1      4      5      1      3      2      4      0      3      2
37243  37242  000005 000203 2.500e-01      1      1      0      4      0      3      1      0      0      0      5      3      3      1      6      4      0      0      0      2      0      5      1      2      2      2      0      1      2      0      5      2      0      0      3      3      1      2      3      2      0      0      0      2      2      3      1      4      2      0      6      1      1      0      1      4      2      1      0      3      2      0      1      3      2      6      4      1      1      1      0      6      4      0      0      3      3      4      3      6      1      1      4      3      3      1      0      8      0      3      6      1      2      1      6      3      0      4      3      0
37477  37242  000006 000362 2.500e-01      3      6      0      2      2      2      1      2      5      5      6      0      2      3      5      2     10      0      1      2      5      5      2      7      6      1      9     10      7      3      1      4      0      1     11      7      3      1      2      4      0      0      5      1      1      6      3      0      0      4      5      2      2      5      9      0      6      3     10      1      6      3      5      1      1      1     11      3      8      3      6      8      0      1      5      0      0      8      1      8      0      6      6      5      4      1      2      1      0      8     13      0      4      6      1      1      2      4      3      5
37490  37242  000003 000212 2.500e-01      3      5      0      2      1      2      2      4      4      0      2      1      0      1      2      4      2      0      4      3      1      3      1      4      0      1      6      2      0      3      2      5      0      3      3      3      0      2      1      2      0      0      4      1      1      6      2      2      3      0      3      2      1      2      3      2      4      3      2      1      3      6      8      0      1      0      0      3      1      3      0      4      1      0      1      1      1      1      1      0      0      1      1      1      3      4      1      3      3      8      3      3      0      3      1      5      3      7      1      0
37479  0      000003 000048 2.500e-01      0      0      2      0      1      0      1      0      3      0      0      0      3      0      0      0      0      1      1      0      2      1      0      0      1      1      0      1      0      0      2      0      0      1      1      0      0      1      0      1      0      0      0      0      0      0      0      0      1      0      1      0      0      1      1      0      1      0      2      0      0      0      0      1      0      0      0      0      0      0      5      2      0      0      0      0      0      2      0      1      1      0      1      0      0      0      1      0      0      0      1      0      0      0      0      0      0      0      1      1
37480  37479  000001 000020 2.500e-01      0      0      1      0      0      0      0      0      0      0      0      0      2      0      0      0      0      0      0      0      0      0      0      0      0      0      1      0      0      0      0      0      0      0      3      0      0      0      0      0      0      1      0      0      0      0      0      0      0      0      0      0      0      1      0      0      0      0      0      0      0      0      0      0      2      0      0      0      0      0      0      0      0      0      0      0      0      0      0      1      2      0      0      0      0      0      1      0      0      1      0      1      0      1      0      1      0      0      1      0
37492  37479  000002 000074 2.500e-01      1      2      0      1      0      0      1      0      0      0      0      1      0      1      0      0      0      2      1      0      1      0      1      0      0      0      1      1      5      0      2      1      0      0      0      1      1      0      1      0      0      1      1      1      0      1      1      1      1      1      0      1      0      0      0      1      0      1      0      0      0      1      2      0      0      0      1      2      0      3      2      0      1      1      4      0      1      2      0      1      3      0      2      0      0      0      1      2      0      0      2      0      0      0      2      1      2      0      1      1
37485  0      000003 000150 2.500e-01      0      0      2      0      3      1      2      2      8      1      2      0      1      6      1      0      2      2      5      2      2      0      0      5      1      1      1      3      2      0      1      1      2      0      4      2      0      2      7      1      0      1      0      0      1      2      0      0      0      0      2      0      3      3      2      5      2      1      2      0      0      3      3      0      0      0      5      1      0      0      1      1      0      5      1      0      1      1      4      1      1      2      4      1      4      1      0      0      3      1      0      1      0      0      1      1      1      0      0      3
37486  37485  000003 000215 2.500e-01      1      1      5      5      0      0      0      7      1      0      0      4      1      3      0      1      2      2      0     10      3      3      1      3      1      1      1      2      3      2      6      1      0      1      3      1      1      8      4      3      5      1      0      2      1      1      3      1      1      0      8      1      1      2      0      1      2      4      0      4      0      4      9      7      5      1      3      2      1      0      0      0      1      0      0      0      2      1      2      1      0      6      7      0      1      0      0      0      2      9      5      2      1      1      2      0      1      2      2      6
