SCORE -2.42025603541669e+05
ITER 31000
ETA        1.50000000000000e+00 1.50000000000000e+00 1.50000000000000e+00
GAMMA      5.00000000000000e-01 5.00000000000000e-01
GEM_MEAN 5.00000000000000e-01
GEM_SCALE 5.00000000000000e-01
SCALING_SHAPE 5.00000000000000e-01
SCALING_SCALE 5.00000000000000e-01
ID     PARENT NDOCS  NWORDS  SCALE     WD_CNT
0      -1     000100 043306 2.500e-01    320    310    146    232    280    332    132   1024    425    544    546    528    405    824    554    524    551    139    323    475    425    591    206    521    385    393    572    285    404    390    412    457    271    267    297    536    263    475    787    697    501    380    675    275    141    426    550    245    370    503    478    407    359    322    454    444    545    373    358    326    204    383    634    516    602    111    934    324    375    205    409    809    266    245    299     66    863    614    640    927    381    343    450    691    330    182    187    202    365    379   1122    377    319    210    351    187    687    464    437    836
1      0      000065 002918 2.500e-01     57     20      4      1     38     66     11     61     50      9      2     47     36     11     88     31     23     22     48     42     16     72     31     66     16      5      3     28     22     32      6     35     20     22     59     28     32     34     21     35     16     25      7     16     45     21     12     14     17    103      6     22     11     18     41     39     70     35     25     15     30     31      4      2     13     14     20      3     27      0      5     44     11     14      4     16     32     39     33     44     50     35     30     21     61     31     31     25     33     34    108      6     29     10     13     39     39     51     55     23
13     1      000050 002406 2.500e-01     33      5     36     11     16      3     16     21     20     25     15      4      2     16     15     45      3     33     50     25      6     28      3     33     34     13     10     12     22     12     38     22     19     22     40     17     18     47      9     70      7      9     10     26      1     18      9     25      2     31      9      3      0     19      6     21     99     21     10     50     62     10     23      5     65     28     79      5     40     19      4     23     19     19     70     29     21     38     32     62     30     24     56     18     57      4     10     15     10     18     50     16     10     37      5     39      8     18      6     77
52919  1      000009 000246 2.500e-01      2      1      0      5      1      1      0      0      5      3      4      0      0      3      2      0      1      2      0      1      1      1      2      2      3      3      0      6      0      3      2      5      0      2      3      0      4      3      2      3      1      0      2      0      2      5      0     13      0      7      4      3      1      4      0      0      1      0     11      5      2      4     10      4      0      5      0      3      1      8      4      0      5      1      3      2      8      1      1     14      1      0      0      0      1      0      0     14      1      0      4      0      0      1      3      7      0      2      1      0
53121  1      000005 000200 2.500e-01      0      0      0      1      1      2      1      0      3      5      1      1      3      1      0      0      5      0      6      2      1      1      2      0      1      2      5      6      4      1      1      1      2      1      0      3      0      2      3      2      1      0      0      1      2      6      2      0      1      0      2      2      1      3      5      3      4      1      6      0      8      1      1      1      3      0      3      1      5      3      5      3      0      0      0      0      1      3      1      9      0      1      3      7      1      3      3      0      0      5      2      2      1      4      5      1      0      3      1      0
53123  1      000001 000000 2.500e-01      0      0      0      0      0      0      0      0      0      0      0      0      0      0      0      0      0      0      0      0      0      0      0      0      0      0      0      0      0      0      0      0      0      0      0      0      0      0      0      0      0      0      0      0      0      0      0      0      0      0      0      0      0      0      0      0      0      0      0      0      0      0      0      0      0      0      0      0      0      0      0      0      0      0      0      0      0      0      0      0      0      0      0      0      0      0      0      0      0      0      0      0      0      0      0      0      0      0      0      0
53017  0      000035 000454 2.500e-01      2     12      1      5     13      1      0      1      6      4     23      1      5      8      2      4     11      6      4      0      8      0      2      2     10      2      0      2     11      5      1      0      5      2      1      1      0      5      3     15      5      1     10      7      2      1      2      2      1      5      4      2      4      9      2      3     10     14      0      6      1     11      2      2      3      0      7      0      2      1      0      0      2      3      3     12      4      5     20      6      0      3      5      1      3      7      0      7      7      3     16     16      1      5      0      6      1      7      0      8
53040  53017  000035 000470 2.500e-01      1      7      6      3      6      1      5      3      1      3     13      2      3      3      2      4      4      1      1      2      5      8      5      0      1      6      0      6      3     16      3      4      5      3      5      2      0      7      1      0     15     12     10      0      2      4      5      2      9      0      2      7     11      2      4      7      4      1      6      2      2      6      2     12      2      7     16      0      0      5      2      5      0      3      0     12      2     13      7      4      7      2     16      6      2      2      0      5      9      9      0      1      2     13      4      2     15      5     13      1
