SCORE -2.43334508845951e+05
ITER 2000
ETA        1.50000000000000e+00 1.50000000000000e+00 1.50000000000000e+00
GAMMA      5.00000000000000e-01 5.00000000000000e-01
GEM_MEAN 5.00000000000000e-01
GEM_SCALE 5.00000000000000e-01
SCALING_SHAPE 5.00000000000000e-01
SCALING_SCALE 5.00000000000000e-01
ID     PARENT NDOCS  NWORDS  SCALE     WD_CNT
0      -1     000100 040157 2.500e-01    281    292    114    218    276    291    119    917    404    505    558    444    362    780    527    481    524    126    300    431    380    546    197    478    355    367    528    260    389    372    370    429    247    229    274    507    238    436    719    638    480    356    650    256    127    411    499    239    339    466    433    384    337    310    415    406    479    351    364    302    188    353    571    482    570    101    893    316    338    199    398    755    235    221    282     81    833    582    610    842    341    299    449    624    290    174    145    197    334    350   1061    363    293    196    337    172    621    397    421    730
1      0      000075 005822 2.500e-01     95     31     21     10     55     86     24    162     43     30     25     67     65     57     93    101     36     26     81    106     50    137     29    103     24     27     26     45     12     71     38     80     42     56     91     47     50    104     72     84     41     51     33     27     53     48     48     57     41    162     47     19     12     31     64     79    128     51     17     45     44     47     37     13     47     28    134      2     54      2     12     66     43     29     29     27     75     99     41    143     98     65     66     96     88     44     23     59     59     47    189      7     41     23     19     73     98    106     76    117
13     1      000052 002353 2.500e-01     24      8     41     20     14     11     11      2     40     49     11     48     10     19     31     11     23     38     27      1     17      7     19     30     48     16     20     16     48      0     34      6     17     15     22      7     18     15     17     58      5     11      7     32      7      8     19      2      5     14      7     31     21     18     15      9     79     30     25     53     57     21     41     21     56     24     17     14     45     30      6     53      7     18     59     18     16     22     61     47     12     23     39      4     58      4     38      3      7     32     27     29      9     36     20     26      4     17      9     56
3412   1      000020 000355 2.500e-01      8      2      3      1      0      0      1      3      7      2      0      1      1      1      5      0      8      3      0      3      0      0      4      1      8      4      9      3      5      2     12      1      1      1      9      5      4      6      1      3      1      0      9      1      2      9      0      1      2      3      0      0      5      7      8     13     10      0      6      2     10      4     11      6      4      5      0      1      3      4      0      2      5      8      1      1      0      0      1      6     12      8      1      1      6      0      7      0      8      2      2      1      0      0      4      2      5      7      1      9
3498   1      000001 000000 2.500e-01      0      0      0      0      0      0      0      0      0      0      0      0      0      0      0      0      0      0      0      0      0      0      0      0      0      0      0      0      0      0      0      0      0      0      0      0      0      0      0      0      0      0      0      0      0      0      0      0      0      0      0      0      0      0      0      0      0      0      0      0      0      0      0      0      0      0      0      0      0      0      0      0      0      0      0      0      0      0      0      0      0      0      0      0      0      0      0      0      0      0      0      0      0      0      0      0      0      0      0      0
3499   1      000002 000016 2.500e-01      0      0      0      0      1      0      0      0      0      0      0      0      1      0      0      0      0      0      0      0      0      1      0      1      0      0      0      0      1      2      0      0      1      0      0      0      0      0      0      0      0      1      1      1      0      0      0      0      0      0      0      0      0      0      0      0      1      0      0      0      0      0      0      0      0      0      0      0      0      0      0      0      1      0      0      0      0      0      0      0      0      0      0      1      0      0      0      0      0      0      1      0      0      0      0      0      1      0      0      0
3133   0      000020 000493 2.500e-01      1     10      8      0      2     14      1      7      4      1      7     12      2      2      2      2      4      0     12      2     10      1      0      1      7      7      4      6      5      1      4      3      5     11      0      9      1      6      7     16      8      8      6      4      2      2     10      0      0      2      6     12      2      4      0      6      5      5      0      2      5     14     14      8      4      1      9      0      4      0      0      1      2      0      7      2      0      0      6     10      3      6      3     13      3      2      6      6      4      0      6      2      5     20      0      2     10     13      0     21
3427   3133   000020 000570 2.500e-01      5     11      4      7      5      1      8     12      9      6      2     10      6      6      1      8      2      3     10      3      4      7      2      9      7      2      2     14      6     10      3      5      5      6      4      6      4      4      5     18      8      0      6      0      1      2      0      2     11      1     12      0      8      5      4      1     30      5      3      0      0      7      2      6      6      3      6      0      5      2     10      4      4      4      0      7      6     10     14     13      0      5      1      0      7      5      8      3      7     14     16     16      9      3      0      5      4      6      3      8
3486   0      000005 000114 2.500e-01      1      1      0      2      2      3      1      1      0      0      1      0      2      1      3      5      1      5      1      0      1      0      0      1      0      1      1      0      0      0      2      0      1      1      0      4      0      1      4      3      1      0      0      2      2      0      3      0      0      0      0      0      0      1      2      1      1      3      0      0      3      0      0      0      1      1      0      3      1      1      2      1      6      4      0      1      0      0      0      3      1      0      0      5      3      0      0      0      2      2      0      0      1      0      1      0      0      0      3      3
3487   3486   000005 000120 2.500e-01      0      0      2      0      0      0      0      6      3      0      0      1      5      0      1      0      0      2      1      1      0      2      0      0      1      0      0      1      0      1      0      0      3      0      5      2      2      1      1      2      2      0      2      2      1      1      1      0      2      1      0      0      2      1      4      2      0      0      1      0      2      0      0      6      0      2      0      0      0      3      1      2      0      1      1      0      1      0      1      2      2      2      1      0      0      0      4      0      4      1      0      0      4      2      0      1      7      4      0      1
