SCORE -2.41499799245922e+05
ITER 36000
ETA        1.50000000000000e+00 1.50000000000000e+00 1.50000000000000e+00
GAMMA      5.00000000000000e-01 5.00000000000000e-01
GEM_MEAN 5.00000000000000e-01
GEM_SCALE 5.00000000000000e-01
SCALING_SHAPE 5.00000000000000e-01
SCALING_SCALE 5.00000000000000e-01
ID     PARENT NDOCS  NWORDS  SCALE     WD_CNT
0      -1     000100 042914 2.500e-01    306    304    137    234    281    320    120    998    428    525    560    494    399    815    528    526    546    136    320    475    427    583    205    508    374    390    547    283    398    389    385    451    276    259    289    517    256    491    752    737    496    370    687    277    138    430    533    250    366    516    454    419    344    316    441    449    566    390    374    300    196    401    624    501    607    124    937    319    341    194    406    804    257    232    304     85    867    627    637    929    379    338    464    668    329    181    160    208    357    370   1112    375    321    225    328    200    676    456    450    840
1      0      000066 003722 2.500e-01     59     23     25      9     46     63      6     89     46     42      9     62     32     10    107     44     20     28     63     54     14     85     22     83     27      4     16     25     20     49     42     49     20     31     61     37     36     56     27     48     24     35      4     22     44     24     25     36     20     93     25     14     18     34     23     27     93     37     22     52     43     29     22      3     19     20     50      6     41      8      2     37     15     26     35     20     30     47     24     83     55     41     47     49     57     36     39     38     35     41    127     13     26      8     22     47     32     71     48     69
13     1      000048 001665 2.500e-01     35      3     26      3     15      7     23     13     19      4      8     23      6     10      1     28      7     28     23     12     11     13     13     11     31     11      6     20     25      6     15     13     11     16     25      3     13     15     18     33      0      6      8     12      5      6     17      0      3     25      5      9      5      8     18     20     47     15      8     32     49      6     17      8     47     12     46      2     42     18      4     27     20     13     31     20     15     29     29     29     19     21     34      0     57      1     12      7      9     17     33     10      9     30      6     29     18      5      5     27
62276  1      000018 000126 2.500e-01      0      1      1      1      0      0      4      2      2      0      1      1      0      2      1      3      2      1      2      1      0      2      2      0      0      5      1      0      0      0      1      1      1      0      2      0      0      4      0      0      2      3      0      7      0      1      0      1      0      1      0      0      0      0      4      6      4      0      2      2      5      0      0      2      1      2      0      0      0      2      2      0      0      2      1      0      2      2      1      2      1      0      0      1      0      1      2      1      5      1      1      2      0      0      3      1      3      0      0      3
61990  0      000015 000163 2.500e-01      4      0      3      3      2      0      3      0      0      3      0      0      1      4      2      0      1      0      2      0      3      2      0      4      0      1      0      0      8      2      1      1      0      1      3      0      2      0      0      0      7      8      2      1      0      0      0      2      3      0      0      0      1      5      2      1      0      0      2      0      2      0      0      7      2      0      1      6      4      4      3      0      0      1      3      1      1      1      4      1      5      0      1      2      2      1      1      4      1      2      0      5      2      1      2      0      0      2      0      1
61996  61990  000009 000481 2.500e-01      3     17      0      2      3      4      6      2      8      8     12      1      6     15      1      4      8      3     12      0      2      0      5      9      4      5      0      9      3      1      1      2      6      1     10     14      3      0      3      3      6      0      1      2      3     10      2      3      1      4     11      0     14      8      4      8     11      2      0     10      0     10      1     10      6      1     10      1      4      1      4      2      5      7      1      4      5      0     25      3      1      0      3     18      5      4      2      1     11      2      5      6      1      6      4      2      9      1      3      1
62302  61990  000006 000066 2.500e-01      0      1      0      0      0      0      2      0      3      0      1      0      1      0      3      1      0      1      2      0      3      0      0      0      2      0      0      2      0      1      1      0      0      0      1      0      0      0      2      1      0      0      1      2      2      0      0      0      0      0      0      0      0      1      0      1      0      0      0      3      2      0      0      2      0      2      0      1      0      0      0      2      0      2      0      0      3      1      1      0      1      0      0      0      1      0      2      0      0      0      0      3      0      0      1      0      3      0      1      0
61111  0      000019 000340 2.500e-01      0      0      1      1      3      2      0      0      3      8      8      2      1      6      1      0      8      3      1      3      2      0      1      0      1      4      7      1      2      1     14      6      0      4      5      0      7      1     14      0      6      4     10      1      3      7      2      8      7      0      2      0      1      3      0      3      7      0      3      5      4      0     11      6      1      2      0      1      3      7      3      4      5      1      0      7      5      0      4     10      8      2      4      1      2      1      2      8      2      4     15      1      0      6      3      1      6      1      5      1
62220  61111  000019 000523 2.500e-01      8      6      0      5      5     10      1      6      1      3      5      0      8      4     19      2      6      3      7      2      0     16      3      9     11      4     13      5     10     10      3      1      8      7      9     16      0      6     10      0      5      1      1      1      0      3      1      1      0     10      8      4      4      2     20      2      5      1      5      0      8      0      1      3      5      2     15      0     15      7      5      8      1      1      4      0      3      6      9      9      0      6      7      5      2      4     11      1      5     11      9      3      3      4     12      1      3     14      1      3
