SCORE -2.42518194558047e+05
ITER 8000
ETA        1.50000000000000e+00 1.50000000000000e+00 1.50000000000000e+00
GAMMA      5.00000000000000e-01 5.00000000000000e-01
GEM_MEAN 5.00000000000000e-01
GEM_SCALE 5.00000000000000e-01
SCALING_SHAPE 5.00000000000000e-01
SCALING_SCALE 5.00000000000000e-01
ID     PARENT NDOCS  NWORDS  SCALE     WD_CNT
0      -1     000100 040770 2.500e-01    295    296    125    227    277    318    120    965    410    497    548    464    375    785    541    499    528    134    305    431    401    556    195    470    354    374    541    271    385    374    368    434    258    239    288    524    239    449    724    666    498    366    674    249    125    422    503    246    341    460    438    369    344    313    429    416    520    354    345    286    184    367    583    487    587    103    883    298    317    175    386    753    236    228    277     79    806    583    638    874    354    322    444    637    320    177    147    184    342    338   1074    343    313    197    330    181    641    422    427    785
1      0      000073 005205 2.500e-01    101     29     35     15     42     63     14    119     57     40     26     75     36     44    101     78     32     39     81     93     29     75     28     94     24     19     17     33     41     45     25     56     43     57     66     39     47     94     38     65     21     43     11     31     54     21     50     36     37    140     32     24     17     33     41     60    140     57     32     65     60     54     55     14     41     21     96     10     62     14      6     90     21     33     57     19     40     88     49    114     77     55     67     68    103     25     44     52     37     43    153     13     32     44     19     86     90     75     62    116
13     1      000048 001857 2.500e-01      3      0     18      3     25     12     25      7     21     31      3     24     18     18      3     11     14     20     26      4     22     43     13     36     49     17     14     15     16      8     32      6      2      1     40      4      7     15     28     66      8      7     13     26      2     15     17      9      2     20      9     29      8     14     13     13     42     21      3     35     44      0     15     10     41     29     55      6     30     21     13     12     23      6     33     20     44     22     28     38     19     21     29      1     23     10     19      3     13     32     39     28     10     12     14      0      0     26     12     30
12899  1      000025 000747 2.500e-01      5     13      8      2      2      7      2      1     10      2      5      2     18      5      3     11      6      0     12      4      1      9      4     13     19      1      1     19      8     24     13      8      4     14      3      6     10      6      1      9      4      0     10     11      0      3      0      2      5     12     10     13      5      3     12     11     11      3     21      7      4     13      9      8      5      0      6      8     21     12      6      7     10      6      0      9     18      6      5      6      6      3      8     10      0      1     14      6     26     23      6     14      1      8      7      0      6      8      3      4
13084  0      000017 000110 2.500e-01      1      1      0      1      1      1      0      0      3      2      0      0      1      1      0      0      0      2      0      1      1      2      0      1      1      2      0      1      0      0      0      2      0      3      1      1      3      0      4      1      0      4      0      3      0      1      1      0      1      0      0      0      2      2      8      3      1      1      0      1      0      1      0      1      1      3      2      2      1      4      2      3      0      0      0      1      1      0      3      4      1      0      0      0      0      2      0      0      0      1      3      0      0      2      0      1      2      3      0      0
13234  13084  000002 000014 2.500e-01      0      0      1      0      0      0      0      0      0      0      0      0      0      0      0      0      0      0      0      0      0      0      0      0      0      2      0      0      0      0      0      0      0      0      0      0      0      0      1      1      0      0      0      0      0      0      0      0      0      0      2      0      0      0      0      0      0      1      0      0      0      0      0      0      1      0      0      1      0      1      0      0      0      2      0      0      0      0      0      0      0      0      0      0      0      0      0      0      0      0      0      0      0      0      0      0      0      0      0      1
13136  13084  000014 000326 2.500e-01      2      7      0      0      3      2      3     10      2      4      6      3      1      3      0      5      2      2      5      4      4      2      6      3      0      0      4      1     10      0      4      4      4      0      1      4      3      0      3      1      2      1      0      2      7      7      2      3      0      5      3      3      1      5      1      1      5      2      0      8      8      2      8      6      2      2      2      2     11      0      0      0      2      4      3      4     13      3      8      4      2      2      1      9      0      6      0      7      1      0     10      9      2      5      1      2      1      7      0      1
13265  13084  000001 000000 2.500e-01      0      0      0      0      0      0      0      0      0      0      0      0      0      0      0      0      0      0      0      0      0      0      0      0      0      0      0      0      0      0      0      0      0      0      0      0      0      0      0      0      0      0      0      0      0      0      0      0      0      0      0      0      0      0      0      0      0      0      0      0      0      0      0      0      0      0      0      0      0      0      0      0      0      0      0      0      0      0      0      0      0      0      0      0      0      0      0      0      0      0      0      0      0      0      0      0      0      0      0      0
13261  0      000003 000163 2.500e-01      1      4      1      3      2      1      0      0      1      4      1      1      0      4      1      0      7      0      1      0      0      3      0      1      1      0      0      1      1      3      1      1      4      1      0      1      3      0      4      4      0      4      0      2      0      3      0      2      0      2      2      1      2      0      1      3      7      1      2      0      3      4      1      3      2      0      1      0      2      4      3      1      1      0      2      1      1      1      1      3      2      4      2      3      3      3      2      0      2      0      0      4      1      1      0      1      1      4      2      1
13262  13261  000002 000195 2.500e-01      2      0      3      0      0      0      0      0      0      2      8      4      0      0      6      0      3      0      1      2      1      3      1      3      0      2      8      2      1      1      8      2      1      1      1      2      1      6     10      2      4      0      0      0      2      3      4      1      3      2      1      2      2      3      3      3      1      0      0      0      2      0      1      7      0      1      3      5      0      2      3      6      2      2      1      1      0      2      1      3      1      1      3      5      1      1      3      1      0      6      0      0      0      3      1      1      2      0      1      2
13264  13261  000001 000196 2.500e-01      1      1      0      1      1      0      0      0      1      0      1      6      3      0      4      2      1      0      0      1      1      2      0      2      1      2      3      2      1      1      4      8      1      0      4      1      1      1      5      0      4      0      0      0      3      5      2      0      2      4      3      1      3      0      0      0      4      1      5      1      4      1      2      3      4      5      4      0      0      1      4      7      4      0      1      1      1      3      0      2      1      0      3      2      4      1      1      5      0      1      3      3      0      3      4      4      6      2      1      4
13254  0      000003 000000 2.500e-01      0      0      0      0      0      0      0      0      0      0      0      0      0      0      0      0      0      0      0      0      0      0      0      0      0      0      0      0      0      0      0      0      0      0      0      0      0      0      0      0      0      0      0      0      0      0      0      0      0      0      0      0      0      0      0      0      0      0      0      0      0      0      0      0      0      0      0      0      0      0      0      0      0      0      0      0      0      0      0      0      0      0      0      0      0      0      0      0      0      0      0      0      0      0      0      0      0      0      0      0
13263  13254  000003 000249 2.500e-01      2      0      1      4      0      1      1      6      5      7      0      1      1      2      2      0      3      3      0      4      0      3      3      0      0      5      0      0      3      2      4      1      3      1      0      4      2      2      7      7      4      1      2      1      1      1      1      1      3      2      2      2      1      3      2      7      0      3      5      1      0      4      2      1      3      0      4      4      2      4      5      4      3      2      2      2      5      0      1     18      2      0      1      7      0      1      1      7      4      2      9      1      1      3      4      2      1      3      1      0
13258  0      000004 000033 2.500e-01      1      1      0      1      0      0      0      0      0      0      3      1      1      0      0      0      0      0      1      1      1      0      0      0      0      0      0      0      0      0      1      1      0      0      0      0      0      0      0      0      0      0      4      0      0      0      0      0      2      0      1      0      0      0      0      0      0      0      1      0      0      0      0      1      0      0      0      0      1      2      0      0      0      1      1      0      0      1      0      0      0      0      0      0      0      0      0      0      0      0      0      3      1      0      0      0      0      0      1      0
13259  13258  000004 000135 2.500e-01      1      3      1      1      2      1      0      2      0      4      3      2      0      4      2      2      2      3      0      2      1      3      1      1      1      0      2      0      0      1      3      1      2      2      1      1      1      0      1      0      1      1      0      0      1      0      0      1      4      2      2      2      2      1      2      0      2      1      2      0      0      0      0      1      1      1      3      0      3      1      1      1      1      1      2      0      2      4      0      0      4      0      2      2      1      2      0      3      0      2      5      0      1      2      1      3      0      0      3      1
