SCORE -2.41726584236385e+05
ITER 10000
ETA        1.50000000000000e+00 1.50000000000000e+00 1.50000000000000e+00
GAMMA      5.00000000000000e-01 5.00000000000000e-01
GEM_MEAN 5.00000000000000e-01
GEM_SCALE 5.00000000000000e-01
SCALING_SHAPE 5.00000000000000e-01
SCALING_SCALE 5.00000000000000e-01
ID     PARENT NDOCS  NWORDS  SCALE     WD_CNT
0      -1     000100 042016 2.500e-01    301    318    128    223    285    323    120    974    415    512    565    474    375    798    551    507    536    139    306    465    410    567    211    490    368    381    560    267    402    399    400    432    257    247    276    520    253    452    756    695    506    380    676    278    133    430    529    243    346    474    445    401    362    309    446    433    532    364    360    326    204    390    589    515    586    119    916    302    343    200    401    782    254    247    287     85    847    588    624    910    350    327    447    659    307    159    164    208    357    371   1084    362    304    218    340    194    657    455    436    797
1      0      000088 004949 2.500e-01     93     22     20     11     52     77     18    111     67     41     27     80     43     15     87     79     39     22     84     65     31     92     14    102     13      1      9     37     45     52     44     67     39     60     87     55     28     80     45     75     21     38     14     13     47     24     29     34     30    136     27     12     14     42     38     67    140     58     34     43     46     33     39      7     36     16     95     12     45     16      5     76     26     30     40     24     65     92     63    109     93     49     68     69     80     49     48     41     53     39    165      3     40     24     18     71     69     68     50     87
13     1      000048 001685 2.500e-01      9      0     33      9      8      3     24     15     16     24      1     15      9     28     14     17     12     37     25      9     11     17     20     15     54     24     13     14      8      0     10      7      9      4     20      6     22     26     10     42      2      2      2     26      4      9     11      6      3     16      6     13      3     11     15      7     51     14      4     34     41      6     30     10     52     27     33      6     41     15     15     15     15      5     41     14      1     16     23     32     18     19     27      9     44      3     12      6      0     24     33     25      9     30     12     12      8     17     15     45
16111  1      000021 000304 2.500e-01      4      1      0      6      0      1      0      1      1      4      3      1      9      7      1      0      8      2      0      4      2     15      1      2      2     11      1      3      1      2      1      2      2      2      7      2      3      5      5      4      2      4     11      1      3      6      2      9      4     12      0      8      2      1      1      1      0      1      6      1      2      2      0      2      2      2      1      2      1      2      0      1      2      0      3      6      9      4      0      4      2      3      3      0      9      1      0      5      7      2      2      2      0      6      7      1      1      1      2      4
16752  1      000014 000315 2.500e-01      2      2      3      0      4      2      2      4      6      4      1      5      8      8      3      1      0      1      6      0      2      0      0      3      5      3      3      9      0      4      1      5      3      2      3      3      1      4      7      0      9      1      1      2      0      3      1      2     10      1     13      8      1      2      2      2      0      2      3      0      5      6      4      1      3      0      1      0      5      2      3      3      0      0      5      4      0      1     10      0      2      3      8      6      9      8      3      3      5      2      1     14      0      0      0      3      8      1      3      0
16895  1      000003 000225 2.500e-01      3      2      1      2      2      0      1      0      1      4      4      7      2      5      2      1      0      1      3      0      4      7      4      1      2      0      2      0      3      0      1      7      6      0      3      0      1      1      1      2      1      0      4      2      2      3      4      2      1      2      5      1      2      3      1      5      0      0      1      0      4      7      3      0      1      1      0      6      3      2      1      0      4      0      2      2      7      3      6      2      3      0      2      0      2      4      0      1      0      4      8      6      3      0      0      0      1      2      1      9
16902  1      000002 000023 2.500e-01      1      0      0      1      0      0      0      1      0      0      0      0      1      0      0      0      0      0      0      0      0      0      0      0      1      0      0      0      0      0      1      0      0      0      0      0      1      0      0      2      1      1      0      0      0      0      1      2      0      0      0      1      0      0      0      0      0      1      0      0      0      0      0      0      0      0      0      1      0      1      2      0      0      0      1      0      0      0      0      0      0      0      1      0      1      0      0      0      0      0      0      0      0      0      0      0      0      0      0      0
16521  0      000012 000109 2.500e-01      0      0      2      3      2      0      0      0      3      0      0      0      0      3      1      1      0      1      2      0      0      1      0      1      2      3      1      2      1      0      2      1      1      1      2      0      0      3      0      2      1      0      0      1      1      2      0      3      1      0      0      0      1      1      0      1      2      2      1      0      0      0      6      4      3      0      3      1      2      2      0      3      1      1      0      1      0      2      1      2      0      5      0      0      0      0      0      0      0      1      4      1      0      0      1      0      0      3      3      1
16833  16521  000010 000197 2.500e-01      1      6      6      3      0      0      0      1      1      2      1      0      7      1      1      1      2      0      3      3      2      1      0      8      3      1      1      8      1      2      2      0      5      0      7      1      2      0      2      0      0      0      1      1      2      3      0      0      0      5      4      2      1      2      3      0      1      1      3      0      7      0      5      2      1      0      5      4      8      1      0      4      0      2      0      0      0      0      4      6      0      1      2      0      2      3      3      1      2      2      3      1      3      2      3      0      4      1      1      0
16903  16521  000002 000177 2.500e-01      1      4      0      0      2      0      0      3      0      2      2      1      0      1      3      1      1      0      3      1      0      1      1      2      0      0      0      5      5      0      1      3      0      3      0      0      6      2      0      0      3      1      5      1      3      1      3      0      5      3      5      0      1      6      6      1      7      2      4      0      0      2      0      1      4      0      5      2      2      0      2      0      1      0      0      1      2      7      3      1      1      1      2      1      1      2      1      3      1      3      2      4      3      0      0      0      2      2      2      2
