SCORE -2.47249683475300e+05
ITER 33000
ETA        1.50000000000000e+00 1.50000000000000e+00 1.50000000000000e+00
GAMMA      5.00000000000000e-01 5.00000000000000e-01
GEM_MEAN 5.00000000000000e-01
GEM_SCALE 5.00000000000000e-01
SCALING_SHAPE 5.00000000000000e-01
SCALING_SCALE 5.00000000000000e-01
ID     PARENT NDOCS  NWORDS  SCALE     WD_CNT
0      -1     000100 041829 2.500e-01    311    288    125    210    288    326    100   1016    422    516    575    488    385    806    561    506    526    122    310    454    403    593    200    507    372    380    542    308    377    373    410    457    244    239    266    500    242    462    761    700    508    363    682    256    124    423    528    245    329    513    425    393    326    308    441    423    540    355    370    294    187    363    595    481    576    116    917    297    331    197    386    777    254    221    282     78    830    598    662    941    374    321    456    653    312    159    168    192    361    362   1126    347    305    216    344    169    679    432    423    824
1      0      000041 002195 2.500e-01     27     15     12     11     21     40     15     39     25     23      2     53     35     11     62     35     21     13     25     50     10     41     19     42      4      6      6      3      1     29     17     26     21     21     42     20     12     38     13      9      8     25      1     17     41      0     15     21     29     58     23      5     12     18      9     21     40     27     10     23     34     27     14      4      6      9     39      3     18      6      0     24      3     11     10     24     11     52     14     33     28     16     31     33     36     35     24     38     19     13     59      6     20      8      3     18     20     47     47     34
13     1      000041 002630 2.500e-01     54      5     37      0     21      9     20     18     33     17      9     20      7     15     17     18      8     38     54      9     20     41     12     37     38     12      5     20     40     16     19     14     23     25     59     22     30     47     25     73      3     13      2     21      4     10      9     20      5     46      0     14      8     14     38     30    114     24      4     60     57      9     26     11     53     24     43      6     61     18      8     26     25     19     58     18     39     18     22     55     46     46     43     16     68      8     13     10     11     48     74     21     17     29      7     57     13     21      8     52
55729  0      000024 000699 2.500e-01      3     14     10     17      2     11      0     12     14      3      2      0      1      2      7     21      5     10      0      8      0      4      3     16     11      0      6      5     17     16      3      0      9      7      6      2      9      3      5     10     11      9      0      3      4     21      2      3     11      6     14     10      1     13      0      4      1     25      6      7      5      8     18      8     12      2     27      4     15      4      6     12      2      7     13      0      7     10      7      6      0     11      7      1      1      1      0      2      3      8     14      7      4      3      0      1      2     16      9     11
57006  55729  000011 000274 2.500e-01      3      6      0      1      8      0      5      5      0      3      0      0      0      2      0      3      2      3     12      1      4      4      2      2      4      0      1      2      2      1      0      0      7      2      2      0      2      5      0      2      0      1      5      2      5      1      3      0      8      1     10      1      3      4      4      3      2      0      2      0      2      1      0      7     13      1      5      4      3      0      4      4      0      3      0      2      3      2      4      2      1      0      5      4      1      6      2      4      1      3      2      3      5      1      3      4      7      3      0      8
56892  55729  000013 000038 2.500e-01      0      0      1      0      0      0      1      0      1      0      0      0      0      2      1      1      0      0      0      1      0      0      0      0      2      0      0      0      2      0      0      0      0      0      1      2      0      1      1      0      0      1      0      0      0      1      0      0      0      1      0      0      0      1      0      0      2      0      0      0      0      1      1      1      0      0      0      0      0      0      1      0      3      1      0      0      0      1      0      1      0      0      0      0      1      0      0      0      0      0      0      0      1      0      0      0      0      0      2      1
56863  0      000010 000069 2.500e-01      0      3      0      0      2      0      2      0      1      0      1      1      0      1      0      0      6      0      2      0      1      0      2      1      1      1      0      1      0      3      0      0      0      0      1      2      0      0      3      1      0      3      0      0      1      2      1      0      0      0      0      0      0      0      1      0      0      1      1      2      0      0      1      1      0      0      0      0      1      0      0      0      1      1      1      1      0      1      1      0      0      2      0      5      3      1      0      0      0      0      0      1      0      0      0      0      0      0      0      0
57013  56863  000005 000219 2.500e-01      3      3      0      1      0      2      2      3      0      2      2      5      1      2      1      2      1      2      0      2      3      0      0      0      3      1      3      2      0      1      2      2      1      3      5      9      3      0      0      2      0      2      0      5      5      0      3      1      2      3      2      8     12      0      0      5      7      2      0      0      0      4      1      1      3      1      1      1      3      0      4      8      2      2      3      1      3      7      2      1      2      1      0      5      0      0      3      5      4      2      2      1      0      7      2      3      3      0      0      0
57070  56863  000005 000252 2.500e-01      1      1      1      5      1      2      4      2      1      3      0      1      6      5      0      1      5      2      1      0      4      2      1      1      4      1      0      0      4      3      1      5      4      0      5      5      6      1      4      1      1      3      1      5      1      2      3      1      0      6      2      1      0      2      3      8      1      2      5      0      3      0      3      3      7      1      5      3      5      5      0      0      1      2      2      0      4      5      3      2      5      5      4      6      4      2      1      2      4      1      1      3      2      4      1      1      5      4      1      1
56693  0      000003 000169 2.500e-01      1      5      0      0      2      2      1      2      1      4      2      1      2      0      1      0      1      0      3      4      2      1      0      1      1      0      1      0      0      2      3      3      0      4      2      3      0      3      1      4      3      0      1      0      0      5      1      2      0      2      0      1      0      1      1      1      5      1      1      1      5      1      0      3      1      0      3      2      2      0      8      4      2      1      3      3      3      0      3      6      0      0      1      3      0      0      0      1      4      0     12      2      0      0      0      1      0      1      5      0
57063  56693  000003 000196 2.500e-01      1      0      0      1      0      1      1      2      4      0      5      1      6      3      1      2      5      2      3      0      4      1      2      1      2      1      0      1      1      2      1      1      0      1      1      2      6      1      4     11      0      1      1      1      1      2      0      0      2      0      4      1      2      1      0      2      3      1      1      1      0      1      1      5      1      0      0      1      5      0      1      0      5      1      1      3      2      4      6      2      2      0      1      0      5      3      6      0      6      2      2      8      2      4      1      0      6      2      0      2
56598  0      000017 000235 2.500e-01      7      7      0      8      4      2      2      2      1      5      1      1      1      6      2      0      0      1      2      3      0      4      7      1      0      3      9      0      2      2      1      4      2      2      2      1      0      0      0      4      1      0      1      9      3      1      3      3      1      1     10      3      1      0      0      6      6      2      2      0      2      7      3      0      0      1      2      3      1      1      4      2      0      4      0      1      9      1      2      2      0      1      0      0      3      3      3      0      0      0      1      2      2      1      3      7      0      6      5      1
56711  56598  000009 000421 2.500e-01      1      3      4      1      2      1      6      1      1     11      0      7      5      4      5      2     10      1     10      6      4      2      2      3      2     11     11      1      4      5      0      4      5      7      8     12      1      8      2      2      6      2      1      0      3      6      7      0      0      7      6      4     14      8      5      3      4      1      5      2      5     13      3      8      5      4      1      8      1      1      0     10      2      5      2      3      1      6      4      2      0      1      8      4      7      4      2      5      4      2      3      4      1      5      5      9      2      3      1      8
57005  56598  000007 000236 2.500e-01      1      2      0      0      1      3      2      2      0      1      3      0      2      2      0      4      0      1      4      4      1      2      0      5      2      5      2      1      6      0      3      0      3      8      1      2      3      2      2      0      0      1      4      2      0      5      2      3      2      0      2      2      3      2      3      4      2      2      2      6      3      7      3      1      0      2      0      0      1      3      2      5      2      1      2      1      8      0      2      3      0      2      1      6      7      4      6      5      1      4      2      1      0      0      2      5      1     11      5      0
57085  56598  000001 000164 2.500e-01      0      0      2      0      1      2      0      0      2      1      0      1      1      2      1      4      5      2      1      2      2      1      1      5      0      0      1      0      6      2      1      2      1      0      2      2      0      1      2      2      0      1      7      1      0      0      1      0      3      2      5      2      1      3      2      4      3      0      2      1      2      0      3      2      3      0     11      0      0      2      2      7      1      3      0      0      1      5      1      3      0      1      1      3      1      0      0      1      2      0      3      1      1      1      1      1      2      1      2      0
57078  0      000005 000152 2.500e-01      1      2      0      1      1      1      2      1      1      1      1      3      0      2      2      5      2      3      3      0      1      0      0      0      4      0      2      0      1      0      2      3      1      0      2      3      0      0      0      0      4      0      3      1      1      0      0      0      7      2      1      0      2      1      0      2      0      0      3      4      1      1      4      3      3      2      0      0      3      1      0      1      0      0      0      0      3      1      0      4      3      0      1      0      2      2      1      2      0      2      0     10      1      0      7      3      6      1      1      1
57079  57078  000004 000142 2.500e-01      1      0      1      2      0      1      2      1      1      2      1      1      2      1      0      2      1      2      1      3      0      4      0      2      0      2      1      1      1      4      0      2      0      0      0      0      0      0      0      1      1      2      5      2      1      2      2      1      1      0      0      0      1      1      1      1      2      2      1      1      3      1      0      1      4      1      3      1      0      2      2      2      0      2      2      1      7      2      0      1      7      0      1      4      3      1      1      1      3      1      1      1      1      1      0      0      4      1      4      2
57084  57078  000001 000080 2.500e-01      0      1      0      0      1      3      0      4      2      1      0      0      0      0      2      2      0      1      1      0      3      1      0      0      0      1      0      0      2      0      0      1      1      0      0      0      3      1      3      0      0      0      0      0      1      0      0      1      0      1      1      1      1      0      4      0      1      0      1      2      0      2      0      2      1      1      2      3      0      1      1      2      0      1      0      1      0      0      1      2      1      1      0      1      1      0      1      0      2      0      0      0      0      0      2      2      0      1      0      0
