SCORE -2.41225652444124e+05
ITER 5000
ETA        1.50000000000000e+00 1.50000000000000e+00 1.50000000000000e+00
GAMMA      5.00000000000000e-01 5.00000000000000e-01
GEM_MEAN 5.00000000000000e-01
GEM_SCALE 5.00000000000000e-01
SCALING_SHAPE 5.00000000000000e-01
SCALING_SCALE 5.00000000000000e-01
ID     PARENT NDOCS  NWORDS  SCALE     WD_CNT
0      -1     000100 041976 2.500e-01    282    317    123    219    280    309    123    988    410    511    543    478    399    804    545    525    531    132    296    423    407    581    208    492    376    362    539    289    398    385    375    459    264    250    293    522    255    460    741    676    502    376    690    275    121    437    535    253    341    481    453    414    352    303    443    425    544    360    353    297    195    381    599    505    582    101    936    304    347    206    389    809    247    232    291     85    844    620    653    908    366    315    450    644    319    166    173    197    364    335   1119    367    308    218    336    183    660    450    450    797
1      0      000078 004597 2.500e-01     92     28     27     13     49     72     20     96     70     54      8     85     47     34     91     53     39     30     69     74     32     84     21     87     25     28      6     36     24     49     41     40     30     53     68     30     35     73     34     67      8     42      2     24     55     10     16     26     30    116     25     18     12     41     46     59    121     55     41     64     58     44     26      2     34     19     75      1     40     11      4     43     15     29     45     31     38     72     22    113     69     55     64     64    100     37     46     41     41     57    147      8     34     23     18     74     63     75     39     95
13     1      000039 001373 2.500e-01     10      1     26      2      8      3     15     11     10     13      6      4      0      4      3     14      1     28     20     11     15     11      9     26     39      5     10      2     22      2     22     13     17      3     25      3      6     19     20     47      5      0     12     11      0     19     14      5     10     29      4      8      4      5      2     14     47      9      5     22     38      0     27     16     43     24     18      5     29     15     11     18     24      3     34     10     24      3     30     19     15     13     21     11     27      5      3      8      3     13     16     20     11     25      8      9      3      4     12     24
8417   1      000025 000460 2.500e-01      2      3      7      8      5      1      4      2      2      7      8      5      0      6      8      4      4      1     17      5      2      7      3      3      7      8      2      8      9      2      0      9      4      1      3      5      8      5      5      1      4      0      1      3      2      1      3      1     10      2     11      2      5      8      7      4      8      1      6      1      2      9      2      6     10      4     13      2     13      0      5      0      0      3      1      5      6      2      1     13      7      5     12      3      1      4      0      4      7      6      2      3      0      2      5      3      1      8      1     18
8463   1      000008 000179 2.500e-01      3      0      0      2      1      1      0      4      1      0      3      0      1      1      6      5      1      4      2      0      1      1      3      1      2      1      3      0      3      1      3      1      0      1      3      2      0      0      4      3      1      2      0      3      7      0      1      2      0      1      0      0      0      1      1      0      0      1      0      5      0      0      1      0      3      1     10      8      1      1      3      0      3      5      0      2      0      6      0      2      4      4      1      1      1      1      1      0      2      2      2      1      1      1      0      6      5      2      2      3
8407   1      000006 000334 2.500e-01      3      1      4      1      3      3      2      1      1      1      9      1      0      0      3      4      9      3     10      2      0      4      3      4      0      2      2      0      4      3      3      0      0      1      7     11      5      0      9      2     10      3      0      1      4      6      1      1      3     12      0      1      1      1      2      0      3      3      3      9      4      0      3      0      3      7      2      3     12      5      3      1      2      5      3      2      9      3     25      3      3      1      3      5      2      5      0      1      0      8      5      5      1      4      0      1      2      0      8      0
7583   0      000016 000362 2.500e-01      5      1      0      3      6      1      0      0      3      5     12      4      3      6      2      0      1      0     14      7      2      4      1      1      0      3     20      5      0      3     13      0      2      4      0      9      2      9      7     13      0      0      0      4      2      3      9      3      1      2      1      1      2      1      8      6      4      4      2      4      2      3      1      8      6      6      0      5      4      2      4      7      0      1      1      2      4      2      1      2      2      5      2      0      0      3      6      4      0     13      7      3      2      2     11      1      8      3      1      0
7742   7583   000016 000354 2.500e-01     12      1      1      4      1     14      0      3      8      1      9      4      2      6      0      1      6      2      3     16      0      6      1      3      0     10      3      3      2      4      0      2      0      1      5      1      1      2      2      8      7      0      6      2      0      2      0      6      3      3      3      1      8     10      1      8      3      4      6      1      5      5      6      1      3      1      1      3      1      1      3      4     11      0      1      0      2      0      0      5      1      2      7     14      2      7      1     10      6      5      1      3      3      2      3      2      4      4      0      2
8491   0      000004 000000 2.500e-01      0      0      0      0      0      0      0      0      0      0      0      0      0      0      0      0      0      0      0      0      0      0      0      0      0      0      0      0      0      0      0      0      0      0      0      0      0      0      0      0      0      0      0      0      0      0      0      0      0      0      0      0      0      0      0      0      0      0      0      0      0      0      0      0      0      0      0      0      0      0      0      0      0      0      0      0      0      0      0      0      0      0      0      0      0      0      0      0      0      0      0      0      0      0      0      0      0      0      0      0
8492   8491   000001 000000 2.500e-01      0      0      0      0      0      0      0      0      0      0      0      0      0      0      0      0      0      0      0      0      0      0      0      0      0      0      0      0      0      0      0      0      0      0      0      0      0      0      0      0      0      0      0      0      0      0      0      0      0      0      0      0      0      0      0      0      0      0      0      0      0      0      0      0      0      0      0      0      0      0      0      0      0      0      0      0      0      0      0      0      0      0      0      0      0      0      0      0      0      0      0      0      0      0      0      0      0      0      0      0
8504   8491   000002 000174 2.500e-01      1      0      3      3      1      0      0      2      4      1      2      0      2      0      3      2      2      2      0      7      0      0      1      6      0      4      1      2      1      2      3      0      0      2      1      2      1      2      3      3      4      0      1      1      1      1      1      2      1      2      7      1      2      4      0      1      2      3      0      1      1      3      8      4      1      1      3      2      1      0      1      0      0      3      2      0      2      1      2      1      0      7      0      0      2      0      1      1      0      8      2      3      1      0      0      1      1      3      0      4
8505   8491   000001 000175 2.500e-01      5      3      2      3      0      2      1      1      1      0      4      2      0      5      1      0      2      1      1      2      3      3      1      1      1      1      4      0      3      8      2      0      5      3      0      2      3      3      1      1      5      4      2      1      3      2      0      2      1      1      0      0      1      3      2      0      1      5      0      0      3      1      3      0      1      1      1      3      2      0      6      2      1      4      1      0      2      3      0      0      1      1      0      2      1      1      0      2      2      1      1      4      1      3      0      1      3      1      0      2
8502   0      000002 000000 2.500e-01      0      0      0      0      0      0      0      0      0      0      0      0      0      0      0      0      0      0      0      0      0      0      0      0      0      0      0      0      0      0      0      0      0      0      0      0      0      0      0      0      0      0      0      0      0      0      0      0      0      0      0      0      0      0      0      0      0      0      0      0      0      0      0      0      0      0      0      0      0      0      0      0      0      0      0      0      0      0      0      0      0      0      0      0      0      0      0      0      0      0      0      0      0      0      0      0      0      0      0      0
8503   8502   000002 000016 2.500e-01      0      0      0      0      1      0      0      2      0      0      0      0      0      0      1      0      2      0      0      0      0      0      0      0      0      0      0      0      0      0      1      0      0      0      0      0      1      0      0      1      0      0      0      0      0      0      0      0      0      0      1      0      0      0      0      0      0      0      0      0      1      0      0      0      2      0      0      0      0      0      0      0      0      0      0      0      0      1      0      0      1      0      0      0      0      0      0      0      0      0      0      1      0      0      0      0      0      0      0      0
