SCORE -2.45135405774647e+05
ITER 42000
ETA        1.50000000000000e+00 1.50000000000000e+00 1.50000000000000e+00
GAMMA      5.00000000000000e-01 5.00000000000000e-01
GEM_MEAN 5.00000000000000e-01
GEM_SCALE 5.00000000000000e-01
SCALING_SHAPE 5.00000000000000e-01
SCALING_SCALE 5.00000000000000e-01
ID     PARENT NDOCS  NWORDS  SCALE     WD_CNT
0      -1     000100 041819 2.500e-01    291    305    132    216    275    328    109    969    418    526    556    484    377    800    537    521    539    117    291    447    405    593    189    510    356    368    552    268    377    377    390    437    255    245    258    516    244    467    757    700    496    349    676    266    121    427    514    237    359    495    449    415    349    308    437    444    516    364    354    293    199    377    610    502    604    116    912    317    331    193    394    791    256    240    281     84    848    613    670    924    363    315    465    653    316    175    178    205    348    365   1090    379    280    212    329    186    650    437    433    807
1      0      000065 003833 2.500e-01     77     28     24     13     46     54     15     72     52     38      8     80     55     29    104     37     28     19     64     63     29     65     17     63     26     18      0     30     20     49     24     63     27     40     46     33     37     73     24     40     17     42      4     15     44     28     13     39     23    106     15      5     12     28     35     33    109     43     36     35     39     35     36      2      7     16     61      7     49     11      5     46     19     13     41      9     54     48     25     54     49     40     48     45     57     26     30     35     41     35    133      3     31     14     17     50     70     82     55     83
13     1      000047 002187 2.500e-01     15      2     22     10     13     11     23     39     11     14      9      6      5     16      1     26      8     48     43     20      6     34     25     31     42     15     13     19     40      2     38      6      8     11     61     14      9     14     24     62      0      0      7     29      8      4     23      9      3     27     18      5      5      4     23     23     73     24      3     50     54      2     21     14     58     27     53      4     39     23      5     19     13     12     49     31      2     31     24     68     37     24     38     30     67     10     11     12     14     26     50      9     19     32     19     25      2     10     14     35
73763  1      000016 000357 2.500e-01      5      2      3      2      1      6      7     11     13      5      5      2      2      4      1     16      2      2      6      3      6      1      1      1      1      9      0      2      4      5      0      0      7     11      4      1      4      6      3      6      1      1      3      2      1      3      1      7      0      4      1      7      3      4      0      3      1      4      0      8      2      6      2      2      1      0      1      1      1      7      2      2      3      4      0      1      0      5      0      8      0      8      0      5      3      6      2      2      1      2      3      8      8      7      4      5      8      4      4      5
73825  1      000002 000006 2.500e-01      0      0      0      0      0      1      0      1      0      0      0      0      0      0      0      0      0      0      0      0      0      0      0      0      0      0      0      0      0      0      0      0      0      0      0      0      0      0      1      0      0      0      0      0      0      0      0      0      0      0      0      0      0      0      0      0      0      0      0      0      0      0      0      0      0      0      0      0      0      0      0      0      0      0      0      0      0      0      0      0      0      0      0      0      0      0      1      0      0      0      1      0      0      0      0      1      0      0      0      0
72246  0      000013 000393 2.500e-01      1      0      2      5      1      0      3      0      3      0      3      2      2      1      6      5      7      1      3      7      7      4      3      6      7      2      7     14     16      4      0      2      9      1     10      0      6      1      2      3      4      3      9      3      2      5      8      1      4      3      9      4      4     16      4      3     12      1      8      0      2      0      0      8      7      1     14      0      4      2      3      6      1      0      2      4      8      3      3      0      1      6      0      5      1      0      3      5      1      3      6      0      9      3      2      2      9      4      2      4
73765  72246  000013 000309 2.500e-01      9     11      1      0      8      0      1      6      0      3      6      1      2      4      3      1      1      6      7      1      1      0      2      1      1      4      1      2      3      4      2      3      2      6      9      9      2      2      9      5     12     10      1      1      6      2      5      3      1      2      0      6      2      3      0      0      4      1      6      7      1      7      4      0      1      0      8      0      7      0      2      2      4      2      1      2      2      2      4      0      6      5      5      1      2      4      0      0      7      4      4      5      0      0      0      3      1      1      0      1
73706  0      000017 000267 2.500e-01      0      4      1      5      2      4      2      2      7      4      0      0      2      2      0      1      7      4      6      1      1      1      3      7      7      5      9      5      2      1      0      5      1      4      4      5      1      4      0      0      2      4      2      1      1      3      7      0      1      5      4      0      0      2      0      3      6      2      2      6      2     11      0      6      3      2      1      3      5      0     10      3      1      3      2      1      0      1      0      0      4      0      1      3      1      2      0      3      7      1      1      0      1      6      1      0      5      6      0      1
73707  73706  000011 000324 2.500e-01      9      0      4      1      5      2      1      5      0      1      7      2      1      6      8      0      2      4      5      3      1      2      3      1      2      0      5      1      3     15      3      3      7      1      9      5      9      4      0      0      8     13      2      2      2      2      5      1      2      0      4      2      8      3     10      0      4      3      5      1      5      3      0      2      0      2      0      1      6      4      5      5      2      3      2      0      7      4      2      0      3      3      1      2      0      0      3      3      1      8      1      1      6      6      5      2      2      4      0      3
73778  73706  000004 000136 2.500e-01      1      2      2      0      1      0      3      2      1      0      1      0      0      1      0      0      0      1      3      0      2      0      2      0      7      0      0      0      0      1      1      0      2      0      0      0      2      1      0      5      2      0      2      2      1      0      0      2      2      7      5      1      0      1      1      1      8      1      0      2      0      2      1      2      1      0      0      1      4      0      3      5      3      3      0      0      0      1      1      2      2      1      1      0      1      3      3      0      1      2      1      1      0      0      0      5      2      0      2      3
73821  73706  000002 000084 2.500e-01      1      0      1      4      0      0      0      0      0      1      1      1      1      1      0      0      2      0      1      1      2      0      0      1      0      2      0      1      0      1      2      3      0      0      3      0      3      1      2      0      2      0      1      1      1      0      1      0      2      0      0      0      0      1      0      0      0      0      2      1      2      3      0      0      3      0      4      0      0      0      0      2      0      0      0      0      0      0      0      3      4      1      1      0      0      1      0      0      2      2      0      0      3      0      4      0      0      1      0      0
73812  0      000005 000105 2.500e-01      1      0      1      2      2      0      0      1      5      1      3      3      4      0      1      0      0      0      3      0      2      0      3      1      0      0      0      1      0      0      1      2      0      0      0      3      0      0      3      0      0      3      2      2      2      5      0      2      1      0      0      0      1      1      1      6      0      0      0      0      2      0      1      1      3      0      1      0      0      1      0      0      0      1      0      1      1      5      1      2      0      5      0      0      2      1      0      1      0      0      0      2      1      0      0      1      0      0      1      2
73813  73812  000005 000180 2.500e-01      5      1      0      0      1      0      1      2      0      0      5      2      3      2      2      1      2      1      0      1      0      1      3      2      1      1      3      2      1      0      2      0      4      0      1      1      0      0      1      1      2      2      5      1      6      2      3      0      2      0      0      1      3      6      1      1      0      2      0      1      1      0      1      3      0      1      4      2      4      0      0      3      1      4      1      4      9      0      4      5      0      0      0      0      5      1      0      2      2      0     12     10      4      0      0      1      1      1      2      1
