SCORE -2.42029111216572e+05
ITER 32000
ETA        1.50000000000000e+00 1.50000000000000e+00 1.50000000000000e+00
GAMMA      5.00000000000000e-01 5.00000000000000e-01
GEM_MEAN 5.00000000000000e-01
GEM_SCALE 5.00000000000000e-01
SCALING_SHAPE 5.00000000000000e-01
SCALING_SCALE 5.00000000000000e-01
ID     PARENT NDOCS  NWORDS  SCALE     WD_CNT
0      -1     000100 042464 2.500e-01    303    313    127    235    293    339    116    975    427    509    574    491    394    823    558    495    526    148    318    453    397    581    193    514    377    375    557    280    396    388    402    446    253    247    288    535    256    467    771    703    505    374    677    280    140    414    513    244    365    498    449    401    361    330    443    437    536    374    370    310    200    391    613    495    616    110    906    306    368    205    394    787    252    247    284     89    864    629    649    914    382    334    455    654    296    174    161    198    354    359   1106    374    308    203    348    197    687    436    441    814
1      0      000075 003954 2.500e-01     77     19     30      7     27     43     22     77     59     27      5     69     16      7     82     82     37     15     79     67     45     88     28     73     18     12      5     31     11     43     23     48     35     42     95     26     25     60     31     20      9     37     20     11     44     27     36     39     22    107     15     25      2     16     39     50    107     60     22     56     50     22     14      0     20     21    101      1     20      8      6     31     23     14     38     31     24     37     40    103     72     35     42     58     65     38     30     46     40     48    146      0     37     20      4     56     42     86     59     76
13     1      000062 001656 2.500e-01     16      2     24      7     21      8     12     19      4     32      8      8     23     19     13     11      4     38     15     16      8     10     10     14     28     17     12     14     33      5     22     11     12     14      6      3     21     30      8     71      7      5      0     27      2      7     12      5      2     17      6      4      6     19      8     10     54      1      5     25     45     16     29     18     38     21     18      5     45     15      7     28     14     13     42      8     26     33     22     20     11     29     41      5     58      2     21      3      5     14     15     21      6     28     18     17      6      1      0     21
55006  1      000008 000255 2.500e-01      3      2      0      0      2      1      3      2      1      4      4      6      2      2      2      0      5      1      8      0      0      3      0      1      0      7      9      3      1      0     10      1      0      1      3      2      1      6      5      6      4      0      0      1      2      2      6      0      2      5      0      4      0      0      1      4     10      2      0      2      2      2      5      9      4      1      0      3      3      2      3      4      3      2      0      0      3      3      0      7      1      2      3      4      1      2      1      2      1      4      1      2      1      4      4      0      0      9      3      2
55007  1      000001 000000 2.500e-01      0      0      0      0      0      0      0      0      0      0      0      0      0      0      0      0      0      0      0      0      0      0      0      0      0      0      0      0      0      0      0      0      0      0      0      0      0      0      0      0      0      0      0      0      0      0      0      0      0      0      0      0      0      0      0      0      0      0      0      0      0      0      0      0      0      0      0      0      0      0      0      0      0      0      0      0      0      0      0      0      0      0      0      0      0      0      0      0      0      0      0      0      0      0      0      0      0      0      0      0
55008  1      000004 000101 2.500e-01      0      0      2      0      1      0      0      1      0      1      0      0      1      4      1      2      2      0      0      1      2      2      2      1      1      2      1      0      1      1      2      4      2      2      1      0      0      0      0      1      0      4      4      1      1      4      0      1      0      1      2      0      1      2      0      1      1      0      2      1      2      2      0      5      1      1      3      0      0      2      0      1      0      3      2      0      1      0      0      0      0      0      0      1      2      0      0      1      2      0      0      0      0      0      0      1      0      0      1      3
53616  0      000010 000418 2.500e-01      1      3      0      5      0      6      0      9      1      8      7      2      5      1      3      5      3      0      4      3      0      5      4      9      9      1      3      1      8      4      2      5      3      3      4      8      3      0      2      0      2      0      2      1      3      6      0      4      1      6     13      4      6      4     10      1      4      0      8      1      3      6      6      3      2      4     17      4      2      1      2     13      1      2      3      1      3      4      2     11      0      1      4      2      6      7      6      7      0     11     17      2      2     10      4      5      7      3      2     16
54958  53616  000009 000191 2.500e-01      0      3      2      2      1      1      2      0      1      3      0      0      0      1      3      1      3      0      1      6      1      2      0      0      4      3      1      3      0      0      0      4      1      3      1      5      6      0      2      0      2      1      1      0      0      5      6      0      0      1      1      3      2      0      5      4      5      2      2      1      4      3      3      0      0      4      4      5      1      4      3      2      4      0      1      2      1      0      3      1      0      1      1      2      7      0      2      4      1      4      2      1      1      0      1      1      3      7      1      0
55003  53616  000001 000163 2.500e-01      3      2      2      0      3      2      4      5      1      0      0      0      1      2      0      4      4      0      1      0      5      4      5      1      5      0      0      1      1      0      2      0      3      1      2      0      3      0      0      2      4      1      0      2      1      2      0      2      4      3      0      1      2      2      5      2      0      1      2      1      0      1      2      2      2      0      1      1      1      2      2      8      1      1      2      1      2      0      0      0      2      3      1      1      5      1      1      0      1      2      1      0      3      0      1      1      3      1      2      1
54807  0      000015 000398 2.500e-01     11      7      3      2      2      4      5     15      8      3      1      5      4      5      1      4      9      1      1      1      4      1      5      6      3      1      2      5      5     18      0      3     13      3      5      6      1      5      4      3      7      1      7      1      0      4      6      5      2      9      5      2      3      2      1      7      4      1      4      5      1      1      0      0      3      1      4      4      2      1      8     10      1      2      3      1      2      0      9      5      0      1     13     10     12      1      2      1     14      2      2      2      3      6      1      2      0      6      0      1
54996  54807  000015 000400 2.500e-01      1      4      3      0      5      2      1      7      8      6      5      2      8      2      0      4      5      0      5      0      0      5      4      5      5      6      0      7     10      0      0      2      0      3      0      2      1      5      3     16      6      4      3      1      2     10      1      1      2      2     14      2      4      2      0      1     12      4      1      2      2      2      4     10      2      2      5      7      8      1      4      0      4      1      4      4      5      7      9      5      1      2      0      7      3      4      7      6      7      4     12     16      1      9      0      1      2      1      4     11
