SCORE -2.43198584913720e+05
ITER 15000
ETA        1.50000000000000e+00 1.50000000000000e+00 1.50000000000000e+00
GAMMA      5.00000000000000e-01 5.00000000000000e-01
GEM_MEAN 5.00000000000000e-01
GEM_SCALE 5.00000000000000e-01
SCALING_SHAPE 5.00000000000000e-01
SCALING_SCALE 5.00000000000000e-01
ID     PARENT NDOCS  NWORDS  SCALE     WD_CNT
0      -1     000100 042439 2.500e-01    316    314    116    221    283    319    112    987    426    537    581    477    396    807    547    506    555    136    324    454    403    566    202    488    384    388    529    287    406    391    397    443    257    243    272    532    257    475    747    703    503    374    686    263    146    440    523    241    354    482    456    397    361    317    449    461    549    376    374    294    194    381    615    520    590    112    911    326    334    204    409    784    237    247    281     87    862    607    654    925    371    324    461    667    323    181    167    206    376    379   1127    373    294    213    339    179    673    436    416    824
1      0      000075 004512 2.500e-01     73     16     30     22     39     62     21     73     63     34      3     95     41     28    100     84     10     21     72     60     35     84     30     79     17      6     25     46     29     40     41     70     37     50     86     30     48     64     44     48     20     34      3     15     36     11     16     37     19    128     22     12     14     24     51     35    134     43     31     54     58     45     31      1     30     28     99      3     52     12     10     59     41     15     47     37     25     75     48     94     68     53     49     50     73     37     47     36     36     50    145     19     43     25     20     69     60     93     67     67
13     1      000064 001649 2.500e-01     21      3     34      2     14      6     19     32     15     19     14      3      0     14      7     10     11     36     16     19      8     34      9     34     37     22      6      4     18      4     19      4     22      8     25     12      3     23     17     57      6      6      9     30      6     10     26      5      9     10     14     22      3     23      7     10     41     13      3     37     43      7     16     10     49     20     26      1     41     15      5     25      5     12     42      6     23     13     18     19     16     18     36      4     54      2      8      9      7     12     12     11      1     28      6     23      1      5     16     33
25303  1      000009 000257 2.500e-01      0      2      2      1      8      5      2      4      2      0      1      2      0      1      0      1      2      4      0      1      0      4      1      6      3      0      1      1      4      1      1      0      0      0      0      0      0      0      3      6      4      1      2      3      1      0      1      7      4      3      4      3      2      2      1      5      6      1      1      5      1      4      2      1      7      1      3      2      1      0      0      8      1      2      1      1      4      6      1      4      5      0      4      6      0      3      2      0      4      1      2      5     12      3      6      3      8     10      4      4
25775  1      000001 000056 2.500e-01      0      0      0      2      1      0      1      0      0      0      0      0      0      0      3      0      1      0      2      0      0      0      0      0      0      2      0      1      0      0      0      0      0      1      0      0      3      0      0      0      0      0      0      0      0      0      2      0      4      0      1      0      1      6      0      0      0      0      1      0      1      0      0      0      0      1      3      0      1      0      0      0      1      0      0      2      0      2      3      1      0      0      2      0      0      0      0      0      1      1      1      0      0      0      0      0      1      0      0      3
25786  1      000001 000055 2.500e-01      0      0      1      1      0      1      0      2      0      1      1      0      0      0      0      0      0      0      1      0      0      0      1      0      2      0      0      0      2      1      0      1      1      3      1      0      0      2      0      0      1      1      0      1      1      1      1      0      2      0      0      0      1      0      0      0      0      0      0      3      0      1      1      1      0      0      1      1      0      0      0      0      0      1      0      0      1      0      0      0      0      0      5      1      1      0      1      2      0      0      0      0      0      1      0      0      1      0      0      2
25727  0      000012 000249 2.500e-01      1      3      0      3      1      1      2      7      0      0      1      1      4      4      0      1      1      3      4      4      0      6      2      1      3      3      7      0      0      2      2      0      1      2      2      7      4      0     11      2      1      2      0      1      2      5      4      5      2     11      2      6      2      1      1      0      0      6      2      1      4      2      1      2      4      1      2      1      8      5      1      0      3      1      2      3      4      1      0      3      1      3      1      4      0      0      4      6      1      0      2      3      9      0      7      4      0      3      0      3
25735  25727  000012 000340 2.500e-01      1      7      0      0      3      1      4      0      0      2      2      3      4      5      4      1     11      2      7      1      2      0      4      8      3      1      5      2      4     10      1      0      0      3     10      3      1      0      0      2      2      5      4      0      0     11      3      6      4      9      4      1      1      2      0      4      2      3      2      9      1      6      7      1      4      2      5      0      9      0      0      1     13      5      2      1      9      4      9     12      3      8      0      7      1      6      0      3      0      3      2      5      0      9      1      2      0      2      5      3
25767  0      000012 000165 2.500e-01      2      4      7      0      1      5      1      2      3      0      0      0      6      1      0      2      2      1      2      6      7      2      0      5      1      2      1      2      2      3      0      1      4      2      3      0      0      1      3      0      6      4      6      1      0      1      0      0      0      1      0      1      1      0      1      1      0      1      1      0      1      0      2      3      2      0      5      0      2      0      2      2      1      0      3      0      1      3      1      1      4      0      0      3      3      0      1      3      0      1      0      1      1      0      1      1      3      0      1      4
25770  25767  000012 000259 2.500e-01      1      6      3      6      4      6      1      2      1      0      1      2      3      6      1      3      5      0      4      1      7      5      2      3      0      0     16      2      1      7      2      4      0      7      6      3      1      8      1      4      3      0      4     11      2      2      4      0      2      4      1      4      1      1      2      1      1      2      1      1      5      0      1      3      2      0      3      2      2      3      2      5      1      2      1      0      2      2      0      7      1      2      1      2      0      0      1      3      0      0     10      1      1      1      1      0      3      1      4      2
25787  0      000001 000005 2.500e-01      0      0      0      0      0      0      0      0      0      0      0      0      0      0      0      0      0      0      0      0      0      0      0      0      0      0      0      0      0      0      0      0      0      0      0      0      0      0      0      0      0      0      0      0      0      0      0      0      0      0      0      0      0      0      0      0      0      0      0      0      0      0      0      0      0      0      0      0      0      1      0      0      0      0      0      0      0      0      0      0      0      0      1      0      0      0      0      0      0      1      1      0      1      0      0      0      0      0      0      0
25788  25787  000001 000014 2.500e-01      0      0      0      0      1      0      2      1      0      0      0      0      0      0      1      0      0      0      0      1      0      0      0      0      0      0      0      0      0      0      0      1      0      0      0      0      0      0      0      0      0      0      0      0      1      0      0      0      0      1      1      0      0      1      0      0      0      0      0      0      1      0      0      0      0      0      1      0      0      1      0      0      0      0      0      0      0      0      0      0      0      0      0      0      0      0      0      0      0      0      0      0      0      0      0      0      0      0      0      0
