SCORE -2.43659551075876e+05
ITER 35000
ETA        1.50000000000000e+00 1.50000000000000e+00 1.50000000000000e+00
GAMMA      5.00000000000000e-01 5.00000000000000e-01
GEM_MEAN 5.00000000000000e-01
GEM_SCALE 5.00000000000000e-01
SCALING_SHAPE 5.00000000000000e-01
SCALING_SCALE 5.00000000000000e-01
ID     PARENT NDOCS  NWORDS  SCALE     WD_CNT
0      -1     000100 042419 2.500e-01    309    301    131    229    292    317    120    964    452    526    567    472    373    797    544    530    529    133    300    456    422    590    197    503    369    385    547    268    397    386    391    453    256    251    278    519    260    464    761    712    507    355    673    255    136    433    522    247    350    487    450    402    345    311    438    445    581    351    355    324    209    391    621    504    604    117    956    308    333    196    398    801    249    243    294     87    864    612    666    934    376    328    467    643    324    163    155    225    337    364   1108    375    295    213    356    187    668    452    439    839
1      0      000063 003391 2.500e-01     47     20     17      9     30     60      9     80     41     31      9     86     38     20     95     48      4     26     71     54     19     70     20     65     14      1      7     38     28     23     31     39     35     34     71     37     32     64     19     40     12     39      8     21     23      2     36     26     26    115     33     11      8     31     38     47     94     47     24     21     17     22     25      2     12     11     36      3     48      8      1     49     24     16     55     13     23     52     23     55     30     51     34     28     45     36     37     37     16     32    134      0     36      7      0     41     46     70     42     30
13     1      000036 001809 2.500e-01     38      9     37      3     13      3     19     14      7      9      2      2     13     15      3     19     11     28     18     12     13     22     12     28     34     14      2      7     19     13     17     17      6     15     24     10     10     12     16     59      0      6      3     25     21     23      6     11      3     16      1     11      6     11     14      2     38     18      7     43     65      8     12     13     49     27     36      4     41     17      5     16      9      4     24     24     21     29     26     57     36     10     41     18     53     10     14      3     19     23     32     14      9     35      9     36      4      4      3     59
60201  1      000027 000812 2.500e-01      6      2      1      5      2     11      7     31      1      9     15      1     11     20      3      0     14      4      8     13      3      5      5     12      1     13     16     14      0      7      0      3     12     10     17     12      6     19      6      2     10      7     10     11      4     11      4      3      9     12      1      7      6     11      5      6      4      6     17      3      5      9     10      1      6      1      9     13      6      8      1      8      8      9      0      0      6      4      5      3     18      6      7     29     19      6     13      0     31     12      5     13      4     11      0     10     17     12     10      3
59391  0      000012 000235 2.500e-01      3      4      0      1      6      1      2      7      0      0      0      5      1      0      5      0     12      1      4      5      0      0      0      4      4      4      3      0      6     12      2      3      2      2      1      1      0      3      2      1      4      6      3      1      0      0      0      1      1      0      5      1      4      0      1      3      1     11      1      1      1      0      1      7      3      2      0      0      2      0      2      3      2      0      1      2      1      3      4      5      2      3      0      7      3      1      4      0      4      2      2      1      1      0      0      1      4      4      6      0
60337  59391  000012 000254 2.500e-01      3      4      1      3      2      0      4      4      2      1      3      1      1      1      1      3      2      0      5      0      1      5      1      0      3      1      1      4      6      7      0      2      8      1      0      0      3      5      4      1      0      1      0      1      4      0      0      0      4      3      4      0     11      9      2      2      4      1      4      0      1      7      2      1      5      2      4      0      3      0      6      3      0      7      0      6      6      1      3      4      3      5      2      2      0      5      2      1     11      3      3      3      3      1      0      0      4      0      0      1
59724  0      000015 000477 2.500e-01      4      6      2      5      6      5      3      2      1      5      3      7      2      2      8      5     14      5     15      2      0      1      9     10     16      2      5      5      5      5     12      2      2      4      7      1      2      3      6      0      1      9      6      0      6      5      3      8      5     11      3      8      6      0      3      6      9      1      3      8      3      7      2      7      5      3      2      2     13      5     12      0      6      1      3      3      3      3      7      2      3      2      2     13      2      2      4      0      0     11      9      8      1      5      9      2      5      1      6      3
60356  59724  000007 000181 2.500e-01      2      4      0      1      0      4      0      4      2      1      1      0      6      3      4      3      4      6      4      0      1      1      2      0      3      3      1      0      0      1      2      1      0      0      1      1      0      0      9      1      4      3      1      4      1      0      3      0      1      2      4      5      0      2      1      0      0      3      1      4      2      1      2      1      0      0      2      4      1      1      1      1      1      4      0      1      3      2      0      0      0      1      4      2      6      1      1      1      3      0      2      2      5      0      0      4      0      4      0      3
60335  59724  000007 000014 2.500e-01      0      0      0      0      0      0      0      0      0      1      0      1      0      0      0      0      0      0      0      1      0      1      0      0      0      0      0      1      0      0      1      0      0      0      0      0      0      0      1      0      0      0      2      0      0      0      0      0      0      0      0      0      0      0      0      0      0      2      0      0      0      0      0      0      0      0      0      0      0      0      0      0      0      0      0      0      0      0      0      1      0      0      0      0      0      0      0      0      0      0      0      0      1      0      0      0      0      0      0      1
60364  59724  000001 000000 2.500e-01      0      0      0      0      0      0      0      0      0      0      0      0      0      0      0      0      0      0      0      0      0      0      0      0      0      0      0      0      0      0      0      0      0      0      0      0      0      0      0      0      0      0      0      0      0      0      0      0      0      0      0      0      0      0      0      0      0      0      0      0      0      0      0      0      0      0      0      0      0      0      0      0      0      0      0      0      0      0      0      0      0      0      0      0      0      0      0      0      0      0      0      0      0      0      0      0      0      0      0      0
60275  0      000008 000161 2.500e-01      2      3      2      0      0      4      1      2      1      6      0      1      6      3      0      0      1      0      0      3      1      2      4      0      6      0      6      5      5      4      2      2      0      0      5      6      2      1      0      0      1      0      0      2      0      1      2      1      0      0      2      0      0      2      6      0      0      0      3      0      2      1      0      0      4      0     13      1      1      1      0      0      0      0      0      0      3      1      0      2      0      0      2      1      3      3      0      0      0      1      1      0      1      5      0      0      0      3      0      6
60353  60275  000008 000241 2.500e-01      1      2      2      2      3      1      0      2      3      4      4      7      3      5      0      0      7      0      7      1      2      4      1      2      0      1      2      3      0      1      5      2      1      2      1      0      2      2      2      6      7      1      8      5      0      6      3      4      1      3      2      1      0      0      4      6      2      5      1      0      4      0      1      6      0      2      1      1      2      4      3      3      4      1      2      1      1      6      0      3      1      1      1      1      0      2      1      1      4      0      6      2      5      3      7      0      2      0      7      0
60362  0      000002 000001 2.500e-01      0      0      0      0      0      0      0      0      0      0      0      0      0      0      0      0      0      0      0      0      0      0      0      0      0      0      0      0      0      0      0      0      0      0      0      0      0      0      0      0      0      0      0      0      0      0      1      0      0      0      0      0      0      0      0      0      0      0      0      0      0      0      0      0      0      0      0      0      0      0      0      0      0      0      0      0      0      0      0      0      0      0      0      0      0      0      0      0      0      0      0      0      0      0      0      0      0      0      0      0
60365  60362  000002 000005 2.500e-01      0      0      0      0      1      0      0      0      0      0      0      0      0      0      0      0      0      0      0      0      0      0      0      0      0      0      0      0      0      0      0      0      0      0      0      0      0      0      0      0      0      0      0      0      0      0      0      0      0      0      0      0      1      0      0      0      0      0      0      0      0      0      0      0      0      0      0      0      0      1      0      0      0      0      0      0      0      0      0      0      0      1      0      0      0      0      0      0      0      0      0      0      1      0      0      0      0      0      0      0
