SCORE -2.41836927593424e+05
ITER 28000
ETA        1.50000000000000e+00 1.50000000000000e+00 1.50000000000000e+00
GAMMA      5.00000000000000e-01 5.00000000000000e-01
GEM_MEAN 5.00000000000000e-01
GEM_SCALE 5.00000000000000e-01
SCALING_SHAPE 5.00000000000000e-01
SCALING_SCALE 5.00000000000000e-01
ID     PARENT NDOCS  NWORDS  SCALE     WD_CNT
0      -1     000100 042096 2.500e-01    297    325    123    225    276    324    115    991    422    531    549    483    382    813    548    510    545    144    322    446    412    583    197    501    377    386    554    270    397    397    389    430    274    250    286    525    243    473    761    691    501    370    673    258    135    419    519    254    348    490    437    403    345    304    435    461    527    359    357    309    199    368    599    514    593    115    910    317    343    194    403    782    263    231    264     80    856    603    641    924    354    335    452    663    331    168    162    213    361    345   1098    387    294    215    353    173    667    445    426    784
1      0      000093 004744 2.500e-01     81     12     25      7     47     57     23     93     60     48     19     89     46     18    103     52     23     20     61     90     24    100     38     81     29     10     15     30     36     43     33     56     32     41     66     38     38     82     28     65     23     37     23     30     47     37     30     39     33    120     28     21     21     49     46     41    116     43     40     68     62     42     51      6     36     27     89     11     46     19      2     76     16     30     29     27     41     57     54    104     94     45     68     64     87     33     40     33     35     47    161      6     32     27     14     65     65     78     69    105
13     1      000038 001534 2.500e-01     22      1     32      5     13     13     17     14     18      7      2      5     11     28      1     30     10     31     27      2     10     12      4     23     26     19      7     15     12      8     24     20     11     17     22      4      8      8     21     56     14      5      1     24      2      0     12      2      2     21      9     11      0      8     12      5     39     23      2     18     41      7     13     10     40     18     31      0     50     13      4      8     17     12     64      9     17     28     20     30      8     11     23      4     33      9     16      3     14     16     27     12     14     22      4     21      1      5      3     30
47164  1      000003 000175 2.500e-01      1      2      3      2      1      0      0      1      0      0      0      1      1      0      5      0      4      1      4      2      0      0      2      0      3      2      2      0      2      4      0      1      0      1      7      2      3      0      1      2      2      0      2      1      2      0      1      0      1      0      1      1      1      2      1      5      2      9      1      3      1      3      3      0      2      0      3      1      2      1      3      0      0      0      1      4      1      5      1      2      2      1      0      0      1      4      0      3      0      5      2      2      1      2      5      5      5      6      0      3
47572  1      000038 000735 2.500e-01      4      9      9     13     14      0      7      4      8      1     17      1      6      2      3      8      7      1      7      2      8      4      3     10      0      3      8     20      9      1      7     16      3      4      6      3     19      7     12      1      1      9      3      5      5     16      7      1     12     14     20      2     12     11     14      3     29      2      4      2      1     17      5      7      7      3     19      2      2      8      9      3      3      7     14     15     13      9     11      2      2      9      7      1      1     10      1     12     11     10      3      6     12      1      1      6      7     11     10     18
47881  1      000012 000281 2.500e-01      3      3      1      3      0      5      0      0      0      0      3      1      2      0      0      1      9      3      3      1      0      0      5      6     11      1      2      6      8      3      1      0      0      2     13     11      4      0      0      1      3      3      2      0      3      3      1      2      0      0      5      1      2      0      4      0     14      3      7      3      2      3      0      0      6      2      6      0      5      2      4     11      1      3      0      0      2      5      3      1      2      4      2      4      0      3      7      0      1     15      5      0      3      5      0      2      1      2      0      1
47903  1      000002 000132 2.500e-01      2      0      0      0      2      2      0      0      0      5      7      1      0      0      0      0      0      0      1      3      2      2      0      1      0      0      0      2      0      1      5      0      1      0      3      1      2      2      1      0      1      0      1      2      1      4      3      1      1      2      1      5      5      0      0      1      0      2      1      0      2      2      0      0      3      0      0      3      2      1      0      2      0      2      1      0      1      1      1      2      2      0      2      3      0      1      3      4      3      5      0      2      2      3      2      0      0      0      0      0
47876  0      000007 000128 2.500e-01      2      0      0      2      2      0      2      1      0      0      7      0      2      2      3      1      0      1      2      1      3      0      2      1      4      3      2      0      1      1      3      1      0      0      1      1      0      1      0      0      0      0      6      2      0      0      2      2      1      0      0      0      0      3      0      1      5      2      0      0      0      2      2      1      0      0      0      0      0      2      0      1      2      0      6      1      0      0      3      1      1      2      0      0      2      1      0      0      0      3      2      2      0      0      0      8      1      3      5      1
47887  47876  000007 000175 2.500e-01      3      3      0      1      0      5      1      6      2      1      0      2      4      3      0      6      0      2      5      0      3      0      0      1      0      0      0      2      1      1      1      0      1      4      1      2      0      0      2      6      1      3      3      3      0      2      5      0      2      2      4      2      1      0      0      0      1      2      4      1      1      2      3      4      1      0      1      2      0      1      4      1      1      0      0      1      0      5      0      0      4      1      6      5      0      0      2      0      0      2      4      1      4      5      2      1      3      0      0      3
