SCORE -2.41829225063412e+05
ITER 3000
ETA        1.50000000000000e+00 1.50000000000000e+00 1.50000000000000e+00
GAMMA      5.00000000000000e-01 5.00000000000000e-01
GEM_MEAN 5.00000000000000e-01
GEM_SCALE 5.00000000000000e-01
SCALING_SHAPE 5.00000000000000e-01
SCALING_SCALE 5.00000000000000e-01
ID     PARENT NDOCS  NWORDS  SCALE     WD_CNT
0      -1     000100 042163 2.500e-01    308    308    130    215    288    327    125    972    408    518    556    482    390    816    547    514    531    136    332    442    409    564    189    495    377    387    550    275    385    394    381    439    270    255    284    524    242    465    760    704    498    376    674    274    129    441    526    243    361    497    435    396    343    324    438    442    539    363    356    317    219    364    601    503    601    112    937    302    338    193    397    781    248    233    287     84    856    599    645    908    394    322    452    675    318    171    174    206    342    356   1090    377    303    225    344    200    653    444    440    803
1      0      000065 004201 2.500e-01     65     29     15     15     50     61     28     73     78     45     17     63     30     13     96     59     27     24     79     69     15    100     33     70     14     14      8     20     24     44     39     42     32     25     92     43     48     80     34     65     23     40     19      1     47     20     17     39     24    116     37     20     11     15     35     53    128     42     20     39     50     39     24      8     19     16     70      5     48     33      7     40     13     28     31     24     38     80     30     92     46     39     64     36     99     38     29     47     43     29    134      2     37     13     16     58     74     56     48     74
13     1      000031 001817 2.500e-01     29      1     35      3      9      2      7     27      5     13      8     25     15     21      8     18      9     24     10     18     19      9      7     41     38     12     13     26     26      6     22     26      7     26     15      7      6     18     16     44      4      1      4     33      1      9     25      1      7     21      5     16     13     18     20     12     46     15     11     37     36     14     23     12     46     22     37      6     38      2      8     34     19      9     39     15     28     12     46     42     17     25     25     16     20      4     15      0     11     23     58     23      5     25      6     14      0     17     12     43
5312   1      000001 000126 2.500e-01      1      2      0      6      0      1      0      1      0      1      0      4      1      2      2      2      3      0      0      0      0      1      0      0      1      1      0      2      0      0      2      3      0      1      3      1      0      0      6      0      1      0      0      0      1      2      1      5      0      4      0      1      0      0      1      2      0      1      3      0      1      3      2      0      2      4      3      0      1      3      0      0      4      1      3      1      0      5      2      6      0      0      0      0      1      0      0      4      0      1      2      3      0      0      0      0      0      2      0      3
5287   1      000013 000277 2.500e-01      4      3      0      0      0      2      0      6      1      2      4      0      3      5      3      3      5     13      1      2      6      2      4      4      0      0      0      0      0      4      2      2      0      4      0      9      2      0      2      3      2      6      1      6      0      2      0      5      0      3      0      7      8      3      1      2      0      4      3      3      0      5      1      1      6      3      0      2      5      1      0     10      8      1      7      5      1      0      3      2      3      4      1      8      4      6      1      1      1      9      5      0      2      0      2      2      0      7      1      2
5303   1      000016 000257 2.500e-01      0      4      2      0      1      0      2     14      1      0      4      0      2      3      0      3      7      0      7      2      2      8      2      0      1      1      2      1      8      2      3      0      4      1      0      2     10      0      1      0      0      0      4      3      8      2      0      0      1      2      8      1      1      2      1      1      9      1      9      0      1      6      1      1      1      5      1      6      2      0     12      3      2      4      6      4      1      0      1      0      0      0      6      1      3      2      1      3      4      2      3      2      4      0      3      1      3      3      2      4
5339   1      000002 000019 2.500e-01      0      0      0      0      0      0      0      0      0      0      0      1      0      1      0      0      0      0      0      0      0      0      0      2      0      0      0      1      1      0      1      0      0      0      0      0      0      0      0      0      0      0      1      0      0      0      0      0      0      0      0      0      1      0      0      0      0      0      0      1      0      1      0      0      0      0      0      0      0      1      0      0      1      0      0      0      0      0      0      1      0      0      0      0      0      0      0      0      0      0      0      1      1      0      0      0      2      0      0      1
5340   1      000002 000087 2.500e-01      1      1      1      0      0      0      0      0      0      0      0      2      1      0      1      3      1      0      0      3      3      6      4      3      0      0      1      2      1      0      1      3      0      0      0      0      0      3      0      0      0      1      3      4      1      0      1      1      1      0      1      0      0      2      0      1      0      0      0      1      1      0      0      0      0      3      1      1      4      0      0      2      1      0      0      0      0      1      0      0      0      0      0      1      0      0      1      0      5      1      1      1      0      1      0      1      0      0      1      2
5168   0      000023 000324 2.500e-01      1      1      4      6      4      0      0      9      5      0     10      0      3      0      0      0      4      0      0      9      0      6      1      7      1      4      1      3      6      3      8      3      2      2      0      0      6      5      1      2      7      3      3      3      6      1      3      1      3      0      9      0      2      5      1      1      2     11      5      1      0      8     18      7      7      0      0      0      2      0      1      1      4      6      4      1      4      6      1      6      3     14      0      1      2      1      1      3      0      9      1      1      0      2      2      2      8      4      0     10
5189   5168   000014 000244 2.500e-01      0      1      2      3      0      4      2      0      1      3      4      0      4      0      2      0      5      0      2      0      0      3      2      1     10      3      3      4      3      1      2      2      2      1      3      0      1      1      2      3      7      0      0      1      2      1      3      0      1      1      0      0      2      5      6      1      4      2      5      0      0      0      3      4      4      0      6      0      7      4      0      9      0      0      1      1      0      6      2      5      1      2      4      1      6      4      5      1      2     11      1      1      5      9      4      1      3      5      5      0
5332   5168   000006 000172 2.500e-01      2      0      2      6      2      0      0      3      4      7      0      2      2      1      1      2      3      0      0      0      3      0      2      0      2      0      3      9      1      4      2      1      1      1      6      0      1      0      3      1      0      0      0      0      0      0      0      1      1      1      5      2      2      0      0      1      3      3      0      2      0      5      0      5      0      0      3      0      3      0      3      2      2      2      0      1      0      1      3      1      0      0      4      2      0      1      2      1      9      2      3      5      1      5      0      1      1      3      3      0
5338   5168   000003 000000 2.500e-01      0      0      0      0      0      0      0      0      0      0      0      0      0      0      0      0      0      0      0      0      0      0      0      0      0      0      0      0      0      0      0      0      0      0      0      0      0      0      0      0      0      0      0      0      0      0      0      0      0      0      0      0      0      0      0      0      0      0      0      0      0      0      0      0      0      0      0      0      0      0      0      0      0      0      0      0      0      0      0      0      0      0      0      0      0      0      0      0      0      0      0      0      0      0      0      0      0      0      0      0
5329   0      000012 000157 2.500e-01      4      4      1      1      0      9      0      5      7      2      0      0      0      4      1      1      2      4      0      1      5      2      6      0      2      0      1      1      4      1      0      1      4      0      0      0      1      1      0      0      4      0      1      0      0      2      4      4      1      1      0      1      3      2      0      0      0      1      3      1      1      0      1      0      0      0      1      6      0      2      1      1      1      1      1      0      2      0      0      3      3      0      2      2      0      1      2      0      4      1      1      2      3      0      2      1      1      7      0      1
5330   5329   000012 000156 2.500e-01      0      1      1      3      1      0      1      0      0      2      1      4      3      0      2      3      1      2      1      1      0      0      1      1      4      2      8      1      7      0      0      2      0      3      2      1      0      0      1      0      0      0      4      0      0      1      0      1      0      3      5      2      1      1      9      1      2      2      1      2      0      1      2      1      2      0      0      8      2      2      0      1      0      0      0      1      1      3      1      0      2      2      2      1      2      1      0      2      4      4      3      0      1      0      2      0      5      2      1      2
