SCORE -2.42680020833031e+05
ITER 48000
ETA        1.50000000000000e+00 1.50000000000000e+00 1.50000000000000e+00
GAMMA      5.00000000000000e-01 5.00000000000000e-01
GEM_MEAN 5.00000000000000e-01
GEM_SCALE 5.00000000000000e-01
SCALING_SHAPE 5.00000000000000e-01
SCALING_SCALE 5.00000000000000e-01
ID     PARENT NDOCS  NWORDS  SCALE     WD_CNT
0      -1     000100 042442 2.500e-01    298    327    132    226    284    321    115    990    433    535    568    481    391    807    552    526    553    149    311    446    412    571    197    493    376    383    545    289    422    396    390    439    261    250    286    525    257    470    768    679    522    361    691    260    127    432    534    251    359    509    472    410    359    323    437    462    541    366    374    287    204    376    618    510    593    109    907    309    335    197    408    781    262    240    292     88    844    607    652    892    355    326    458    670    322    180    161    206    356    366   1099    385    309    218    346    181    673    442    434    800
1      0      000096 004090 2.500e-01     65     14     19      9     33     67     18     70     39     27      5     64     37     18     95     58     19      8     56     71     30    118     26     65     18      6      5     36     20     32     37     44     41     32     76     49     18     64     14     55     18     49      8     23     56     24     21     41     35    112     18     22     17     23     40     29    114     43     24     54     26     45     12     10     24     22     64     12     47     14      3     69     21     28     33     27     35     47     41     68     64     46     51     55     76     46     44     43     51     65    125      2     36     15      5     69     69     84     66     81
13     1      000066 002468 2.500e-01     44      4     39     13     31      2     25     38     31     17     19     27     16     34      9     17     12     40     57     21     10      8     20     56     42     22     25     13     19     14     26     29      8     23     34      4     27     26     34     76      1      5      7     33      3     20     13      4      2     25     11      7      3     14     23     22     61     29      8     49     69      9     32     11     63     22     59      5     50     21      6     23     12     12     51     14     44     41     33     86     27     33     41      2     54      2     16      8      6     10     63     27      5     38     22     28      4     13      6     48
84066  1      000011 000213 2.500e-01      0      1      0      4      0      2      2      1      0      0      7      4      1      1      3      0      0      0      0      3      3      0      3      2      3      5      0      1      1      0      2      5      2      4      0      3      6      5      2      0      0      2      2      2      5      1      2      2      0      0      4      0      0      1      3      0      5      1      0      0      0      5      6      2      1      4     12      1      3      1      2      5      4      0      0      2      3      7      1      6      1      1      8      0      1      0      0      7      4      1      5      2      0      3      1      1      0      0      1      6
84126  1      000014 000349 2.500e-01      1      1      2      5      7      1      3      8      2      8      0      0      2      3      2      1      9      2      3      0      2      3      0      5      5      2      9      3      0      8      5      4      8      2      3      4      6      1      4      3      1      3      5      1      1      2      1      1      3      3      0      2      5     12      4      2      4      3      0      4      6      5      1      1      3      4     11      6     10      7      4      3      2      2      2      3      0      6      5     10     14      2      1      4      0      1      3      2      3      1      6      0     11      1      5      0      0      4      2      4
84165  1      000005 000154 2.500e-01      2      2      0      0      0      6      0      3      2      2      0      2      2      0      0      3      1      0      1      1      4      1      1      3      3      1      0      0      2      2      0      2      1      7      4      0      0      3      1      7      0      2      0      4      0      0      7      0      1      0      0      1      0      0      1      0      3      1      8      0      0      3      6      1      1      0      1      1      2      0      2      1      0      0      0      0      1      1      0      1      4      0      0     11      1      0      4      0      2      4      1      0      1      2      1      0      2      1      1      1
84156  0      000001 000022 2.500e-01      2      1      0      0      0      0      0      0      0      0      0      0      0      1      0      0      0      0      1      0      0      0      0      0      0      0      1      1      0      1      1      0      0      0      0      0      0      0      0      2      0      1      0      0      0      0      0      0      0      0      0      1      0      1      0      1      1      0      0      1      1      0      0      0      0      0      0      0      0      0      0      0      0      0      0      0      0      0      0      0      2      0      0      0      0      0      0      1      0      0      1      0      0      0      0      0      0      0      0      0
84172  84156  000001 000107 2.500e-01      0      4      1      0      0      2      2      0      1      4      3      1      0      1      1      2      1      2      0      0      0      0      4      0      2      0      0      2      1      6      0      1      0      1      0      0      0      1      0      0      2      2      0      1      1      1      1      1      0      0      0      2      1      1      2      0      2      1      1      3      1      2      0      2      0      2      4      2      2      1      0      1      0      1      1      0      0      1      2      1      2      0      1      1      1      0      2      0      2      0      0      0      0      3      1      1      1      1      2      1
84170  0      000003 000125 2.500e-01      2      1      0      1      0      5      0      0      2      0      2      4      4      1      0      0      3      2      3      3      0      0      0      0      1      5      5      0      1      0      2      0      1      0      1      2      2      3      2      0      2      1      0      0      1      0      1      0      0      0      0      1      1      0      1      0      2      1      1      5      2      1      1      5      3      2      0      0      1      0      4      1      2      1      0      2      4      0      0      2      0      0      0      0      0      0      1      1      1      1      2      1      0      0      0      1      1      5      1      4
84173  84170  000003 000030 2.500e-01      1      0      0      0      0      0      0      0      0      0      0      0      1      0      1      1      0      0      0      2      1      0      0      0      0      0      0      0      0      0      0      0      0      0      1      0      1      0      1      0      0      1      1      1      1      1      0      1      0      0      0      0      1      2      1      1      0      0      0      1      0      0      0      0      0      0      1      0      0      0      0      0      0      1      0      1      0      3      0      0      0      0      0      1      0      0      0      0      0      0      0      1      0      0      0      0      0      0      0      0
