SCORE -1.41247283784349e+05
ITER 0
ETA        1.50000000000000e+00 1.50000000000000e+00 1.50000000000000e+00
GAMMA      5.00000000000000e-01 5.00000000000000e-01
GEM_MEAN 5.00000000000000e-01
GEM_SCALE 1.00000000000000e+02
SCALING_SHAPE 1.00000000000000e+00
SCALING_SCALE 5.00000000000000e-01
ID     PARENT NDOCS  NWORDS  SCALE     WD_CNT
0      -1     000100 011243 5.000e-01    112     98    231     95     25     13     91     17    142     17    142     60    221     52     28     36     13    169     29    149    141    226     74    349     72     36     44     68     14     33    197     64     92     13    147    112    200    118     10      8      3    105     93     46    103    150    373    127    192     60    183     68    175    153     54     21     42     16     82    233    133     69    285     26    239     99    127    120    112    200    135    246     76     33    217    316    134    116     90    172    122    156     50    170     69    180     69    150    397     39     27     46     57    185     16    149    159     16    108     96
1      0      000006 000389 5.000e-01      4      4      0      1      4      1      5      3      3      1      0      1     10      1      7      3      2      3      7      1      5     19      2      5      0      3      1      5      0      2      6     10      1      0      4      0      6      4      1      1      5      0      8      9      0      1      3     13      4      1      5      7      2      3      2      3      5      5      1      1      1      9      1      2      1      1      1      6      6      0      1      5      5      1      6      9      5     11     10      6      2      8      1     11      4      0      2     10      5      0      3      0      4      9      2      7      5      0     11      4
2      1      000002 000112 5.000e-01      6      0      1      0      0      0      3      2      1      1      0      0      0      1      2      0      1      2      0      3      0      0      2      1      1      3      1      0      1      3      4      1      1      0      0      0      3      4      1      0      0      1      1      0      2      1      0      0      2      1      1      0      0      0      1      1      3      1      1      2      3      1      4      1      2      2      2      0      0      1      2      4      0      4      4      1      0      0      0      0      0      0      1      1      0      0      1      2      1      0      0      0      1      1      4      0      1      0      1      0
9      1      000001 000052 5.000e-01      0      0      1      1      0      0      0      0      1      1      1      0      0      0      4      0      0      0      1      1      0      3      3      1      1      0      0      0      0      1      0      1      0      0      2      0      0      0      0      0      0      1      0      0      1      0      1      0      2      0      1      0      1      0      0      1      0      0      0      1      0      0      0      0      0      1      1      1      1      0      2      0      0      0      0      0      0      3      0      1      2      0      2      0      1      0      0      0      1      0      1      0      0      1      0      0      2      0      0      0
16     1      000003 000186 5.000e-01      1      1      3      2      0      0      4      1      1      2      4      6      1      3      3      0      4      3      0      0      2      4      2      3      0      2      0      1      0      5      1      1      3      0      4      0      7      4      0      1      2      1      1      4      3      2      2      0      1      1      2      0      0      1      0      2      2      0      7      1      1      1      0      3      1      3      0      3      3      3      3      1      0      2      3      1      5      1      1      2      0      5      1      2      0      1      2      2      4      4      0      2      0      2      1      3      5      1      2      1
5      0      000009 000570 5.000e-01      1      1      9      1      1      3     10      1     11      2      1     10      7      7      7     10      9      6     11      0      4     21     11      1      8      3      2      5     10     13      7      7      3      2      6      5      4      3     17      5      1      9      3     11      5      4      3      1      9      5      3      1      2      7      6      6     14      5      6      4      2     15     16      5      8      4      3      1      4      2      0     10      8      4      2     15      3      6      1      2      3      5      8      3      4      6      2     12      5      5      3      2      2     12      1      6      4      7      3     16
6      5      000006 000420 5.000e-01      8      1      8      2      6      2      6      3      3      0      5      3      9      9      5      6      4      3      2      3      3      5      3      2      6      4      3      5      0      8      1      3      3      4      1      0      0      5      7      4      2      4      2      5      2      7      3     10      8      5      8      1      8      2      6      4      3      3      5      3      0      7      3      0      1      2      5      0      5      6      6      2      6      5      0      2      7      3      2      9      3      5      2      6      4      5      8     10      6     15      3      9      5      6      6      1      1      3      3      2
52     5      000003 000205 5.000e-01      2      0      0      3      2      0      2      2      1      1      1      5      5      2      2      1      1      6      1      5      0      3      4      4      0      1      1      0      0      1      2      4      2      3      4      2      1      3      0      2      2      1      3      1      0      3      2      4      6      0      3      2      1      1      2      3      3      0      4      4      0      0      4      3      0      2      6      1      1      0      6      2      2      0      2      4      3      2      1      2      0      7      1      5      0      0      1      3      2      1      3      3      6      2      0      0      3      3      0      0
12     0      000004 000300 5.000e-01      2      5      0      1      1      0      5      2      1      1      1     10      5      5      1      8      3      6      1      2      2     14      1      1      5      0      1      8      1      4      3      0      0      0      1      1      6      4      0      3      3      4      3      2      1      1      6      7      5      9      0      1      6      9      1      7      2      2      3      1      5      2      2      1      6      9      1      1      1      2      0      2      0      2      2      1     10      6      3      4      2      4      0      0      0      6      0     11      5      6      0      2      5      2      1      2      1      0      3      2
13     12     000003 000204 5.000e-01      3      1      4      3      2      0      3      1      0      0      1      1     10      0      4      3      1      1      3      3      1      4      5      7      4      3      1      5      1      0      4      2      2      1      1      2      0      0      2      1      1      0      1      1      2      1      3      3      4      0      0      1      1      1      2      0      2      4      1      4      1      1      1      0      1      6      1      2      0      4      3      0      0      1      4      1      2      0      1      2      2      5      6      0      1      2      1      2      0      0      4      3      5      4      1      0      2      1      7      5
250    12     000001 000074 5.000e-01      0      0      0      0      0      0      0      1      2      0      1      1      0      0      2      2      3      0      1      0      2      3      0      0      0      0      1      0      1      0      0      0      0      1      1      3      2      0      0      0      1      0      0      0      1      0      1      2      0      1      2      0      3      1      3      1      0      1      1      0      1      1      3      0      0      1      1      0      0      0      0      0      1      0      0      0      0      4      0      0      1      0      0      2      2      0      0      0      1      2      1      0      1      1      0      0      2      1      1      2
23     0      000005 000350 5.000e-01      1      3      4      3      0      0      5      2      1      1      3      5      5      2      6      6      1      2      6      1      8      8      5      2      1      2      2      1      0      6      1      4      6      1     12      4      2     11      2      2      3      2      4      5      0      5      5      2      6      5      1      3      5      2      3      0      1      8      1      0     10      6      2      0      0     15      0      3      3      9      3      1      0      0      2      3     10      6      0      1      6      1      3      4      2      6      0      8      4      1      0      2      5      4     10      1      3      9      5      4
24     23     000003 000162 5.000e-01      1      0      3      4      0      1      5      2      1      0      0      2      2      0      3      4      0      1      1      0      2      4      1      1      1      0      3      0      1      1      5      3      3      0      2      2      2      1      1      1      0      1      2      0      1      3      2      0      2      1      0      0      2      0      1      9      5      3      2      0      4      0      1      1      1      0      1      1      1      1      4      4      1      0      0      3      0      4      1      1      0      2      1      3      0      0      2      2      3      5      0      2      2      1      0      3      3      1      0      5
39     23     000001 000081 5.000e-01      1      1      0      0      0      1      1      0      0      0      4      1      2      0      4      0      2      0      1      0      1      0      2      0      2      0      1      1      3      0      2      1      0      0      1      0      1      1      0      0      2      0      0      1      0      4      1      0      3      1      0      0      0      3      1      1      0      1      0      0      0      1      0      0      1      0      0      1      1      5      0      0      0      0      1      1      3      1      0      2      0      0      1      0      0      2      0      1      0      1      1      0      1      2      2      0      0      0      0      1
67     23     000001 000039 5.000e-01      4      0      1      0      0      0      2      0      1      0      0      0      1      0      1      0      0      0      1      0      0      0      0      1      0      1      0      0      1      2      1      0      0      0      1      0      0      3      0      0      0      0      1      0      0      0      0      3      0      0      0      0      2      0      0      0      3      1      0      1      0      0      0      0      0      1      1      1      0      0      0      0      0      0      0      0      2      0      0      1      0      0      0      0      0      0      0      0      1      0      0      0      0      0      0      0      0      0      0      0
27     0      000005 000369 5.000e-01      9      0      1      5      0      2      4      1      5      0      3      4      3      4     11      7      2      0      3      4      3      6      4      1      6      1      9      1      1      8      3      2      7      1      3      4      4     11      4     12      2      7      1     11      1      4     15      3      2      4      5      1      1      4      3      2      7      1      9      2      1      4      5      0      0      7      2      3      2      1     11      1      2      5      1      5      2      4      5      3      4      1      0      4      1      1      1      3     15      2      1      0      3      2      1      8      3      2      4      5
28     27     000003 000197 5.000e-01      0      1      2      3      0      1      7      1      1      0      3      1      2      1      6      6      2      1      0      4      2      1      0      1      4      1      0      1      0      2      1      2      0      5      0      4      2      0      2      1      4      0      0      0      0      1      2      0      5      0      1      1      1      1      5      4      2      5      2      2      5      1      1      3      3      1      2      2      4      1      4      5      5      1      1      0      3      1      0      8      4      5      1      2      2      0      1      6      1      4      0      2      0      1      4      0      1      0      3      2
45     27     000002 000134 5.000e-01      1      1      0      0      1      0      0      0      1      0      0      1      3      1      3      2      1      0      1      1      3      7      1      1      0      2      2      1      0      0      1      1      1      1      5      1      5      1      1      0      1      0      1      0      1      3      0      0      3      0      3      2      0      1      0      2      1      3      1      0      3      1      1      2      3      1      3      2      5      0      2      6      1      1      0      0      4      1      1      2      0      3      3      1      0      0      0      2      1      2      0      0      1      4      2      2      0      0      1      0
33     0      000007 000475 5.000e-01      7      2      2      3      1      1      4      2     13      8      1      8      4      4      2      2      0      3      6      7      0     11      2      4      4      3      0      8      2     10     12      8      9      1     11      4      7      8      1      2      1      4     11      7      3      4      7      1     10      2     11      3      0      1      4      2      0     10      4      0      8      6      4      1      2     10     10     11     12      8     11      5      4      2      3      5      6      9      3      2      2      2      7      7      5      8      1      6      1      5      1      5      0      3      5      5      9      2      3      4
34     33     000002 000165 5.000e-01      1      0      4      0      0      0      5      0      2      0      2      4      2      0      2      6      2      2      0      1      0      1      1      3      1      1      3      0      1      2      2      1      1      3      1      3      1      5      3      0      0      1      1      0      1      0      2      1      4      3      0      4      0      0      3      0      1      2      3      1      0      3      3      2      2      1      7      2      4      1      2      2      1      0      2      0      4      1      1      0      4      0      1      0      0      2      1      1      1      3      2      0      2      3      1      3      6      0      2      2
42     33     000003 000181 5.000e-01      4      5      2      3      1      2      1      0      3      1      1      0      6      1      8     12      1      1      1      4      1      3      1      3      1      2      0      2      0      2      2      1      1      1      4      1      1      0      2      1      1      1      0      1      0      3      2      3      1      1      1      1      0      1      0      3      0      0      1      0      1      1      1      3      3      2      4      1      1      3      1      2      0      0      0      1      5      2      1      2      5      1      2      1      4      4      1      2      0      2      0      1      5      5      0      2      1      3      0      2
171    33     000001 000041 5.000e-01      0      0      0      1      2      0      1      0      0      0      0      1      0      0      0      1      0      0      0      1      0      0      0      0      0      0      0      0      0      0      0      0      0      1      0      0      0      0      1      1      0      0      0      0      0      0      0      0      0      0      1      0      1      2      2      1      0      0      0      1      0      1      0      0      1      0      0      0      0      0      0      3      1      0      0      2      0      1      0      0      0      3      1      0      1      1      0      0      0      0      0      0      2      2      0      0      0      0      0      4
244    33     000001 000067 5.000e-01      1      0      5      1      0      0      1      1      0      0      0      1      0      0      0      2      0      0      1      0      4      0      0      0      0      1      1      1      0      0      2      1      0      1      1      0      1      1      0      0      1      1      1      1      0      0      0      0      1      0      0      0      4      0      0      0      0      1      3      0      0      1      0      0      0      0      1      0      0      1      0      0      0      0      2      1      1      1      3      0      0      5      0      2      0      0      0      0      1      2      0      3      0      1      0      1      0      1      0      0
48     0      000002 000149 5.000e-01      3      0      0      2      0      0      2      0      3      1      1      5      0      3      1      2      0      0      2      4      5      2      0      0      0      0      3      2      0      0      4      3      1      0      1      3      0      3      0      2      3      0      0      0      0      3      4      3      5      2      1      1      0      1      1      0      4      0      2      1      0      0      0      3      1      1      1      4      0      0      3      2      0      1      2      1      0      0      1      0      2      2      0      3      5      5      1      2      0      1      1      1      3      2      3      2      4      0      2      1
49     48     000001 000070 5.000e-01      2      0      1      1      0      0      2      1      1      0      1      1      0      0      0      0      1      1      0      2      1      1      1      0      1      2      0      2      1      2      2      1      0      0      0      0      2      0      0      3      0      3      2      0      0      1      1      0      1      0      0      2      1      0      2      1      1      0      0      1      0      2      1      2      0      1      0      0      1      1      1      0      0      0      0      0      0      0      0      0      1      0      0      0      1      0      0      0      1      4      0      1      0      0      1      0      0      1      1      1
136    48     000001 000064 5.000e-01      0      0      1      0      0      0      1      0      0      0      1      3      2      1      2      0      0      1      0      2      1      0      2      1      1      0      0      0      0      0      2      0      0      2      0      0      0      0      0      0      3      1      0      1      1      0      0      1      0      0      5      1      0      1      1      2      1      0      1      0      1      0      0      0      1      2      0      0      0      1      0      0      3      1      0      0      3      1      1      2      0      0      0      0      0      0      1      1      0      1      2      0      1      0      0      0      0      0      0      0
55     0      000004 000277 5.000e-01      6      1      3      3      3      4      4      0      0      1      2      9      0      1      7      5      2      6      4      2      1      7     10      1      4      4      1      2      6      0      3      6      3      2      1      4      5      1      3      1      3      1      1      1      4      3      7      6      2      0      8      2      3      0      1      4      3      2      2      2      0      5      1      2      7      1      5      4      1      0      2      5      3      2      0      4      1      2      3      3      1      1      0      1      0      1      4      2      7      1      1      5      0      3      6      0      1      2      1      6
56     55     000001 000080 5.000e-01      1      0      1      3      0      0      2      0      0      0      0      1      0      0      2      4      1      0      0      0      0      2      1      0      0      4      0      0      0      0      1      1      0      0      0      0      0      2      0      0      0      0      0      0      2      0      0      2      3      1      1      0      0      2      0      1      0      1      0      1      1      0      1      1      0      1      5      0      0      4      0      0      0      0      1      0      1      0      1      1      0      2      1      3      1      0      1      0      0      4      0      3      3      1      1      1      0      1      0      1
84     55     000002 000153 5.000e-01      0      4      2      1      1      2      0      1      0      0      1      1      3      0      0      1      3      1      1      4      3     17      8      1      1      1      1      3      0      1      0      1      0      1      3      0      1      1      0      3      2      2      1      1      5      4      1      0      0      1      0      2      1      4      2      2      3      2      1      2      1      1      2      1      2      2      0      0      0      1      1      1      0      8      2      0      1      1      0      0      2      0      2      2      3      1      1      2      2      0      4      0      0      0      0      0      0      0      1      1
270    55     000001 000067 5.000e-01      0      2      0      1      0      0      0      1      1      0      0      1      1      0      0      1      3      0      0      1      2      0      1      1      0      1      0      0      0      0      1      0      0      0      0      0      0      1      0      0      1      1      0      2      1      0      2      2      0      0      1      1      3      2      1      0      1      0      3      1      0      0      1      3      0      1      1      0      0      1      3      0      0      1      0      1      0      0      0      0      1      0      0      2      1      0      0      3      0      1      0      1      0      1      1      0      0      1      1      1
61     0      000005 000392 5.000e-01      3      4      0      4      1      0      9      1     13      1      2      8      3      5      9      4      3      4      1      4      7     16      5      3      1      1      3      1      4      3      4      9      8      3      5      3      8      2      1      8      5      2      6      7      4      2      2      5      1      4      4     10     10      0      0      3      2      5      0      1      1      3      6      1      2      1      1      1      3      7      2     10      9      4      9     13      0      6      2      1      7      7      0      2      1      1      1      1      8      0      1      1      6      5      1      9      5      3      2      2
62     61     000001 000073 5.000e-01      0      1      0      1      0      1      0      0      0      0      1      2      0      1      1      1      1      1      1      2      1      2      0      1      0      0      0      1      1      1      1      2      0      0      1      0      4      2      0      0      0      0      0      1      0      0      0      0      1      4      0      0      0      0      0      0      2      1      3      1      0      3      2      0      0      1      3      0      0      0      0      0      0      1      0      1      1      0      0      0      3      0      0      0      2      2      0      0      0      3      0      1      0      2      1      1      0      0      1      1
106    61     000002 000123 5.000e-01      1      2      1      3      1      0      4      0      0      0      0      2      0      1      1      0      0      0      3      2      3      2      2      0      1      1      1      0      1      2      0      3      0      0      1      1      1      0      0      3      0      1      5      0      1      0      2      1      1      0      4      0      0      1      2      0      0      1      0      1      5      1      1      0      2      1      2      2      1      0      0      1      0      2      2      0      0      0      4      4      1      0      2      2      0      5      3      8      0      3      0      1      0      2      2      1      1      0      1      0
247    61     000002 000135 5.000e-01      1      2      1      1      0      0      5      0      0      0      2      0      0      1      1      0      1      0      1      1      1      1      1      2      4      2      0      1      1      4      0      0      0      4      2      3      2      3      0      0      0      0      1      2      0      2      4      3      0      1      1      0      0      1      0      2      2      1      0      2      1      2      5      0      1      4      2      2      2      0      1      1      1      1      1      1      3      1      0      1      1      1      0      2      2      5      0      2      1      2      2      6      1      1      4      0      2      2      0      1
70     0      000003 000204 5.000e-01      2      0      1      2      1      2      1      0      0      0      2      1      1      1      3      1      7      2      0      2      3      2      5      2      1      0      0      6      1      3      1      4      1      0      2      2      7      0      1      0      4      1      1      0      0      0      2      1      3      8      0      4      4      0      2      3      0      5      3      0      1      1      1      1      2      3      1      1      2      3      4      3      0      5      3      1      6      4      0      1      0      1      5      3      4      3      0      0      0      4      0      5      0      6      2      1      1     10      0      5
71     70     000002 000150 5.000e-01      1      2      2      2      1      0      0      6      0      0      3      2      0      0      7      4      3      3      1      1      2      5      4      0      5      5      6      4      0      0      1      0      1      1      4      0      1      1      1      0      1      5      0      1      0      2      1      4      4      0      0      0      0      1      1      1      1      1      1      0      1      0      2      3      1      3      0      0      1      0      0      3      1      0      1      6      1      1      1      4      1      3      0      0      0      0      0      2      0      0      0      1      3      1      1      0      3      0      1      2
122    70     000001 000050 5.000e-01      0      0      0      0      0      0      1      0      0      0      0      1      2      4      2      0      0      0      0      0      1      0      0      0      2      2      0      1      1      1      3      1      0      0      0      0      1      1      0      0      0      0      0      2      0      0      0      1      1      0      2      0      3      0      1      0      2      0      0      0      1      0      0      0      0      1      1      0      0      1      0      0      1      0      1      0      1      0      0      0      0      1      0      0      1      0      0      1      2      0      0      0      0      0      0      0      0      0      2      0
76     0      000004 000290 5.000e-01      1      5      2      5      8      0      3      6      1      1      0     12      4      1      3      1      1      3      0      2     11      9      5      1      1      3      6      4      2      6      1      0      3      3      4      1      2      0      7      0      0      2      2      2      7      4      6      1      2      3      5      1      9      3      1      2      3      3      3      5      3      4      3      3      1      0      1      2      0      0      5      1      1      4      3      1      3      0      4      0      2      7      1      3      4      6      0      3      1      5      3      1      5      4      5      0      5      1      0      3
77     76     000001 000055 5.000e-01      1      0      1      1      1      0      2      0      0      0      2      0      0      0      0      0      2      0      0      0      0      1      5      0      0      0      0      4      0      0      0      0      0      0      5      0      3      0      0      0      2      0      0      0      1      0      0      0      1      1      1      0      0      0      1      1      0      0      2      0      0      0      0      0      0      0      3      0      0      0      0      0      0      0      1      0      2      0      0      0      0      0      0      0      1      1      0      0      2      0      1      1      1      1      1      1      0      1      0      0
95     76     000001 000093 5.000e-01      2      0      0      1      2      0      1      0      0      1      2      1      3      0      2      1      1      1      1      1      0      2      1      2      4      3      1      0      3      2      1      1      1      0      2      2      1      0      2      1      4      2      0      0      0      0      3      1      1      1      0      1      0      0      0      1      0      0      0      0      0      0      0      1      0      0      0      0      0      3      0      0      0      0      2      0      0      2      3      2      0      1      5      1      2      0      1      1      1      1      0      0      0      0      0      0      0      4      0      0
133    76     000001 000082 5.000e-01      1      2      0      0      0      0      0      1      1      2      2      0      1      3      0      3      1      3      0      0      0      1      0      0      1      0      0      0      2      0      3      0      0      0      0      0      1      0      0      0      1      0      2      1      1      1      0      6      0      1      2      0      0      0      0      2      0      3      0      1      0      1      1      0      1      0      2      2      0      0      1      0      1      0      0      2      0      0      0      5      1      0      2      2      1      1      0      1      1      1      0      1      3      0      0      0      0      2      0      1
253    76     000001 000078 5.000e-01      1      0      3      4      0      0      0      1      0      0      2      1      0      0      2      1      1      2      0      0      0      0      0      0      2      0      0      1      0      0      1      2      0      0      1      1      0      3      2      0      1      1      0      0      0      0      0      0      0      0      0      1      0      0      0      1      2      1      3      1      3      1      0      0      2      0      0      1      2      0      1      1      1      0      5      2      1      2      0      1      0      0      2      1      0      1      0      3      1      0      0      0      0      1      0      0      0      2      0      2
80     0      000006 000390 5.000e-01      1      4      2      6      4      1      8      2      2      0      6      4     10      5     19      5      1      1      2      3      6      4      1      1      1     14      2     10      1      5      8      4      3      0      3      5      7      0      2      7      4      1      0     14      1      5      3      3      7      4      2      5      1      0      6      7     10      0      2      2      6      3      2      2      5      9      8      2      2      2      7      2      0      5      4      5      3      5      1      4      6      2      6      1      2      3      2      7      3      8      3      2      7      2      0      4      6      0      0      2
81     80     000002 000144 5.000e-01      6      1      2      0      2      0      0      0      3      0      3      1      2      0      1      4      0      2      1      1      0      4      1      1      0      0      1      1      2      0      2      3      5      2      1      4      1      2      0      1      1      0      0      1      1      2      0      3      0      0      0      2      0      2      3      1      3      1      2      0      0      4      1      1      0      6      1      0      0      1      2      4      2      0      2      1      1      2      3      0      0      1      4      0      2      4      4      0      7      0      0      1      0      1      1      1      2      1      1      1
117    80     000002 000143 5.000e-01      0      1      0      4      0      0      1      1      2      0      0      4      5      0      3      1      0      3      0      1      1      2      2      2      0      2      0      1      0      2      2      3      1      1      3      0      1      1      0      2      0      2      1      1      0      1      0      0      5      2      2      2      0      1      2      1      1      1      1      0      0      4      2      2      0      1      0      1      0      0      2      0      1      0      2      0      5      2      0      2      2      2      4      1      1      3      1      5      1      8      0      4      0      3      2      2      2      0      1      2
179    80     000002 000146 5.000e-01      5      1      0      0      1      0      2      2      3      0      1      2      0      0      2      4      2      2      0      2      1      4      1      1      3      1      1      0      1      0      1      2      1      2      0      0      3      0      2      0      0      1      2      0      1      3      0      0      6      2      2      3      1      1      2      0      0      1      2      7      2      1      1      0      2      0      4      0      1      3      4      0      3      2      2      2      1      2      1      2      1      1      1      0      0      3      1      3      0      1      2      1      3      1      0      1      2      2      0      3
100    0      000008 000607 5.000e-01     17      3      7      5      3      0     16      1      1      1      4      4      6      5     22      6      8      6      3      8      8     24     12      7      4      5      1      5      1     19      4      6      0      4      6     12      4      0      0     10      0      7      9      1      1     10      5      2      1      2      2      2      2      3      4      0      2      6      1      4     14      7     12      3      5      4     10      9     12      6     11      9      0      5      8      7      5      6      4      3      3     14      3      4      6      6      6     14      6     14      9     10     18      5      5      4      4      1      3     10
101    100    000003 000203 5.000e-01      2      5      2      1      1      0      3      4      4      3      3      1      0      1      2      1      0      3      1      3      1      2      0      0      5      0      1      4      0      0      0      6      6      0      2      1      1      2      2      1      1      2      3      5      1      1      5      0      1      3      3      4      0      2      1      1      6      2      0      6      5      2      0      4      3      2      1      0      1      6      2      2      2      0      0      1      4      1      1      3      2      1      3      3      2      1      2      6      1      2      1      1      1      0      7      0      1      2      3      3
111    100    000002 000157 5.000e-01      1      1      4      6      1      1      2      1      0      0      2      4      0      1      1      1      2      1      0      3      0      0      1      1      0      1      1      0      0      0      2      2      2      1      5      3      1      5      1      1      1      1      1      2      2      4      0      2      0      3      2      0      4      0      0      1      1      0      1      3      1      0      3      1      2      3      1      2      0      2      4      2      2      3      1      2      3      3      3      0      3      3      2      2      2      1      0      2      0      1      2      0      2      3      2      0      2      3      2      0
114    100    000002 000124 5.000e-01      1      1      3      0      2      2      0      1      0      0      1      0      1      2      2      4      2      3      2      1      0      2      0      1      0      0      0      3      1      1      2      0      1      3      7      0      1      2      3      0      0      0      1      2      0      0      1      2      3      1      3      3      1      1      2      4      0      0      0      1      2      0      1      1      3      1      3      0      1      2      2      1      0      0      2      0      1      0      2      0      0      1      0      0      0      1      0      1      1      2      0      0      1      4      1      0      2      2      5      1
141    100    000001 000067 5.000e-01      0      3      2      0      1      0      1      2      0      1      1      0      1      0      0      0      0      1      3      1      0      0      0      0      1      0      0      0      1      0      1      3      3      1      1      0      0      4      0      1      1      0      1      1      0      1      0      2      1      1      3      1      0      0      0      0      1      0      1      0      1      0      0      0      1      0      0      1      1      1      1      0      1      0      0      0      1      0      0      1      2      1      0      0      0      1      1      0      0      0      0      0      0      0      1      2      2      0      1      0
125    0      000006 000368 5.000e-01      5      0      5      3      0      4      5      7      0      0      1      3     17      1      8      5      4      1      5      2      2      2      6      2      0      0      3      8      1      7      7      5      2      5      3     12      1      5      4      0      3      2      6      1      3      4      3      4      3      6      3      0      0      2      1      2      5      0      2      5      3      7      3      4      2      5     12      3      2     12      2      1      5      1      5      3      4      5      2      3      1      0      4      9      4      4      1      9      4      6      2      1     11      0      3      5      3      0      6      5
126    125    000002 000143 5.000e-01      3      1      3      4      0      2      2      1     10      0      0      0      5      0      5      2      0      1      1      0      2      1      2      3      1      2      0      0      1      1      2      0      0      2      0      0      0      3      1      1      0      1      5      1      1      1      6      0      3      1      0      1      3      1      1      0      3      1      0      4      3      0      0      1      5      2      1      0      0      3      2      0      1      1      1      1      2      1      1      0      2      1      2      2      0      2      1      1      1      1      0      1      0      0      0      0      0      1      2      6
156    125    000002 000120 5.000e-01      1      4      0      0      0      0      0      0      2      2      0      1      0      0      7      3      0      0      3      0      5      2      0      0      2      2      0      4      1      2      6      0      0      3      2      3      2      0      1      1      0      1      0      0      1      4      4      1      3      1      1      5      2      2      1      3      0      1      0      0      0      0      0      1      2      3      0      0      2      1      4      0      0      0      3      0      0      1      0      0      1      2      0      0      1      1      0      0      0      2      2      1      1      0      0      1      0      0      1      1
239    125    000001 000074 5.000e-01      1      0      0      1      1      1      0      1      2      0      1      1      0      2      0      1      0      0      1      1      2      0      3      0      0      1      0      0      0      1      4      0      1      0      3      0      0      0      0      1      1      1      0      2      0      0      0      1      1      1      0      0      0      0      0      0      0      0      0      1      0      0      1      0      1      1      1      0      2      4      2      1      0      1      1      1      3      0      0      0      0      1      0      0      1      0      1      2      1      0      0      0      1      2      3      1      1      1      0      2
260    125    000001 000059 5.000e-01      0      0      2      0      1      0      0      0      0      2      0      0      1      1      2      0      1      0      0      1      0      0      1      0      0      3      0      3      1      1      1      0      0      0      3      0      1      0      1      1      0      0      0      2      1      1      0      0      0      0      0      2      0      0      1      3      1      0      0      0      1      0      0      1      0      0      0      1      0      0      0      0      0      1      1      0      1      0      1      1      1      0      1      0      2      1      1      0      2      0      0      0      1      0      0      0      0      3      0      1
129    0      000005 000411 5.000e-01      3      6      9      3      0      5      1      3      8      1      3      3      7      4      8      6      3      3      4      1      6      3      5      2      1      3      4      1      1      9     10      5      2      2      5      0      4      0      3      4      1      2      9      2      5      4      3     12      2      5      6      2      4      1      1      5      0      1      4      5      4     10      3      0      4      3      2      7     11     15     10      6      5      0      5      2      8      2      4      4      3      4      3      4      0      2      1      9      2      0      1     11      9      4      7      2      3      2      6      8
130    129    000002 000129 5.000e-01      2      1      3      2      0      0      1      1      3      1      0      1      3      3      1      0      2      2      0      4      0      1      0      0      0      1      0      2      0      3      1      1      0      2      2      3      0      1      1      1      0      0      2      0      2      3      0      2      2      1      1      1      1      1      1      0      1      2      0      0      3      2      1      0      2      1      0      0      3      2      1      4      2      0      1      1      2      2      1      2      0      0      1      0      0      1      1      9      2      3      0      0      4      2      0      2      1      2      1      1
168    129    000003 000187 5.000e-01      2      0      1      2      3      0      6      4      5      3      0      0      4      0      5      1      2      1      2      0      1      9      2      4      2      1      0      0      2      0      2      2      1      4      0      0      2      3      0      0      2      2      0      3      2      1      1      3      3      1      2      1      4      1      1      1      1      4      0      2      4      0      1      1      1      5      2      1      2      2      2      2      1      4      4      2      1      3      1      2      3      2      0      2      0      1      2      1      1      8      0      0      1      4      2      1      1      0      0      6
146    0      000003 000199 5.000e-01      3      3      1      9      1      1      2      2      2      2      4      2      3      0      5      2      2      2      3      4      1      1     11      0      3      4      0      0      0      1      1      0      1      3      3      0      0      4      3      0      1      0      1      1      0      4      7      0      1      0      5      3      1      0      1      0      1      0      1      0      2      2      3      0      1      1      3      0      4      3      2     10      4      0      3      1      2      1      3      1      1      2      3      0      1      3      2      0      5      3      2      2      1      2      2      1      4      1      1      1
147    146    000001 000073 5.000e-01      4      0      1      0      0      1      1      0      1      0      0      2      1      0      1      0      1      3      0      0      2      1      0      0      3      0      0      0      0      2      0      0      0      0      0      1      0      0      0      2      3      0      1      0      1      2      0      3      0      0      0      3      1      2      0      1      2      1      1      0      0      0      0      1      0      0      0      0      0      0      1      0      1      3      0      2      2      0      0      0      0      0      0      1      0      4      1      0      4      0      1      1      0      1      0      0      0      1      0      1
159    146    000001 000071 5.000e-01      1      0      0      1      0      0      0      1      2      0      1      1      0      0      3      0      0      1      0      0      1      1      0      1      0      0      1      0      2      1      0      0      2      0      1      1      1      0      0      0      1      1      1      1      0      0      2      0      1      0      2      2      0      1      0      0      0      0      0      2      2      1      0      0      1      0      0      1      0      3      5      0      1      0      3      0      0      0      3      0      2      0      0      0      0      1      2      0      3      0      0      0      0      1      0      2      0      0      2      1
174    146    000001 000059 5.000e-01      0      0      2      0      0      0      1      1      1      2      0      1      2      1      1      3      0      1      1      1      0      0      1      0      0      0      1      0      1      2      0      0      0      0      1      1      0      0      0      0      2      0      2      0      0      0      0      0      4      0      1      0      1      0      1      1      2      1      1      0      1      0      0      0      0      0      0      0      0      0      0      1      1      0      0      0      0      1      2      0      1      0      3      0      0      1      1      0      0      0      2      0      0      0      0      0      1      3      0      0
162    0      000002 000142 5.000e-01      3      0      2      1      0      0      2      2      2      0      0      1      1      1      2      2      2      1      1      2      0      0      2      2      2      0      1      1      0      1      2      0      4      0      0      0      0      0      1      2      2      4      0      0      0      0      1      4      1      3      1      1      1      3      4      3      1      4      0      1      5      2      0      0      4      4      0      2      0      0      2      2      1      1      3      1      1      1      1      1      0      2      2      3      0      1      5      0      1      1      3      1      2      0      0      0      0      9      1      3
163    162    000002 000169 5.000e-01      4      2      2      3      4      5      0      2      0      2      1      3      1      3      0      0      1      0      2      1      1      5      2      2      2      1      7     11      4      3      1      1      3      2      1      0      5      3      0      3      0      3      0      1      1      1      1      1      1      3      1      1      0      3      1      4      0      2      1      0      1      1      0      5      1      2      0      1      0      1      3      3      0      4      3      0      2      1      3      0      0      0      0      5      1      0      3      0      0      0      2      2      0      0      3      3      0      0      1      0
182    0      000004 000217 5.000e-01      2      3      1      3      2      0      0      3      4      1      2      4      1      5      1      5      0      3      0      0      1      2      0      0      2      1      0      3      2      5      2      2      3      4      4      3      2      3      1      1      1      1      5      4      2      2      0      5      2      2      1      3      0      3      6      7      3      3      0      3      0      5      2      2      0      1      2      1      2      4      2      1      3      0      1      1      1      0      7      7      5      6      0      1      2      2      0      0      7      4      1      1      2      2      0      1      4      0      0      3
183    182    000002 000153 5.000e-01      0      0      1      0      0      0      1      0      2      1      0      6      3      4      7      0      3      4      2      3      3      0      2      1      2      4      0      0      1      0      5      1      1      2      2      1      0      1      2      3      0      1      0      1      1      1      1      1      4      0      4      0      3      0      0      2      1      3      3      0      4      1      0      0      1      1      0      1      2      1      2      2      3      2      0      1      5      3      0      0      1      2      0      6      1      2      1      5      0      1      1      1      1      0      2      0      0      1      2      3
204    182    000002 000149 5.000e-01      0      1      1      3      0      0      4      1      0      2      0      6      1      0      7      2      2      1      1      1      6      0      2      0      0      2      0      2      1      2      1      1      0      1      6      4      1      3      1      0      2      3      2      2      1      5      1      2      0      1      3      0      0      2      1      0      2      0      0      1      2      0      2      0      1      4      0      1      1      1      5      0      0      0      1      2      1      1      1      1      1      0      4      4      1      0      1      3      1      2      1      1      2      0      1      0      4      1      2      2
186    0      000001 000055 5.000e-01      0      1      0      2      2      1      1      1      0      2      0      0      1      3      1      1      0      0      0      1      1      0      0      0      1      1      0      0      0      1      1      0      0      0      0      1      0      0      0      0      1      0      0      1      2      2      0      0      1      0      2      0      1      0      2      0      0      0      0      1      0      0      0      1      1      0      0      1      0      0      3      2      0      1      0      0      0      0      1      0      0      2      2      1      0      1      0      0      0      0      0      0      0      0      2      0      0      1      0      0
187    186    000001 000053 5.000e-01      0      1      1      1      0      0      0      0      0      0      0      0      2      0      0      0      1      0      0      0      2      2      0      1      0      0      0      0      1      0      0      1      0      0      1      0      1      2      0      0      0      2      0      0      2      0      1      0      1      2      0      0      0      0      1      0      0      3      0      0      1      0      0      0      4      1      1      0      0      4      0      0      1      2      1      0      2      1      0      0      0      1      0      0      0      0      0      0      1      0      1      0      0      0      0      1      0      1      0      1
194    0      000001 000065 5.000e-01      0      1      1      1      1      2      1      0      1      1      0      0      0      0      2      3      0      0      0      0      0      2      1      0      3      0      0      1      1      1      0      0      2      0      1      0      0      1      0      1      1      1      0      0      0      0      2      0      0      2      1      0      1      0      1      0      1      0      0      1      1      1      0      0      2      1      0      0      0      0      1      0      0      0      1      1      2      2      0      1      0      2      0      0      1      1      0      1      0      0      1      0      0      2      1      0      1      2      1      0
195    194    000001 000085 5.000e-01      1      0      1      1      3      1      0      1      2      0      1      3      0      1      1      2      1      0      0      0      0      1      0      0      0      1      1      1      2      0      2      0      1      1      0      0      1      0      0      2      2      2      0      1      1      0      0      1      0      0      2      1      1      1      3      2      0      0      0      0      0      1      1      0      1      0      1      1      3      2      1      2      0      0      0      2      0      0      1      3      0      0      0      0      4      1      0      1      0      3      0      1      0      2      1      0      3      0      1      0
207    0      000001 000066 5.000e-01      0      1      0      1      3      0      0      1      0      1      0      0      2      0      0      0      0      1      0      1      1      0      0      1      0      2      1      0      1      0      1      3      2      2      2      1      0      0      1      1      0      1      0      0      0      0      2      1      1      0      0      1      0      0      0      1      1      1      0      2      0      3      0      0      0      0      1      0      0      1      0      1      0      0      2      0      2      1      0      0      0      1      1      1      0      0      0      1      0      0      1      1      0      0      0      1      2      3      1      1
208    207    000001 000074 5.000e-01      1      0      0      0      0      0      0      0      0      1      0      0      0      0      2      0      0      2      0      1      2      0      2      1      2      0      0      0      0      0      0      0      1      0      2      2      2      2      0      0      2      1      0      3      1      0      0      0      1      1      0      0      3      2      0      2      1      0      0      2      0      1      0      1      0      4      1      1      0      2      4      0      0      1      1      3      1      1      0      0      1      0      0      1      0      0      0      1      0      2      0      0      0      0      0      0      2      2      2      0
213    0      000002 000155 5.000e-01      1      0      0      1      3      1      1      3      1      0      2      3      0      1      1      0      2      0      1      2      7      7      3      1      0      4      1      1      1      3      0      1      1      0      4      0      2      1      4      3      2      0      0      3      3      1      1      0      2      1      0      1      1      1      2      1      2      1      0      0      3      2      1      0      1      3      3      0      0      0      0      0      4      2      2      2      0      0      3      1      2      0      4      2      0      2      3      0      3      2      7      1      6      1      1      1      1      2      0      1
214    213    000001 000061 5.000e-01      0      3      1      0      1      1      1      2      0      1      1      2      0      0      0      1      2      0      1      0      1      0      6      0      0      0      0      0      1      2      0      0      0      1      0      0      0      0      0      0      2      0      0      1      2      0      1      0      0      1      0      0      0      0      0      0      0      0      1      1      0      0      0      0      3      2      0      1      0      1      1      1      0      0      1      2      1      1      1      1      0      0      0      0      3      0      0      0      0      2      1      1      0      0      0      0      0      1      0      0
231    213    000001 000079 5.000e-01      1      1      0      0      1      2      0      0      0      0      0      3      0      2      0      5      0      1      1      1      0      0      0      1      0      0      1      1      2      1      1      1      2      2      0      0      0      0      4      0      1      0      1      1      0      0      1      5      0      4      1      0      0      0      1      1      2      0      2      2      0      0      1      0      0      0      1      1      1      0      0      1      0      0      1      1      0      0      1      3      0      0      2      1      1      0      0      1      0      0      0      2      1      0      0      1      1      0      1      1
223    0      000001 000078 5.000e-01      2      0      0      1      1      0      0      0      0      1      0      3      0      1      1      0      1      1      1      1      4      2      0      2      0      0      1      1      0      0      0      0      1      1      1      0      0      0      2      2      0      0      1      0      0      2      4      1      0      0      0      2      1      1      3      1      3      1      0      1      0      1      0      0      1      4      2      0      0      0      0      0      1      3      1      2      1      0      0      0      1      0      0      0      0      3      2      0      0      0      0      0      1      0      0      1      0      1      1      0
224    223    000001 000063 5.000e-01      0      0      0      2      3      0      2      0      0      0      0      0      4      1      1      0      2      1      0      0      1      2      0      0      1      0      0      1      0      4      0      3      0      0      1      0      3      0      0      0      2      1      0      0      0      0      0      1      1      1      0      0      2      0      0      0      0      0      0      0      0      0      0      2      1      1      4      2      0      0      0      1      0      0      1      0      0      2      2      0      0      1      0      0      0      0      0      0      0      0      0      1      0      1      0      0      1      0      1      2
227    0      000003 000244 5.000e-01      0      0      2      4      6      2      4      3      0      0      7      5      2      0      6      2      2      1      8      3      3      2      8      3      3      2      2      4      2     12      1      3      4      1      1      0      0      3      5      2      1      2      1      1      5      5      6      2      0      2      1      1      2      2      3      7      2      1      0      0      2      0      6      1      2      7      6      0      0      2      3      3      1      1      0      1      2      1      6      3      2      3      1      9      5      1      6      0      1      0      1      1      1      1      0      0      1      1      1      0
228    227    000001 000069 5.000e-01      1      0      0      1      1      1      2      0      0      0      1      1      0      3      0      0      2      1      0      0      0      0      3      0      3      1      2      0      1      2      0      1      0      0      0      1      1      2      1      0      1      0      1      0      2      1      0      0      1      1      0      0      1      0      0      2      0      0      0      0      0      0      1      1      0      0      1      0      0      0      2      0      0      0      1      0      0      2      0      1      0      0      0      3      0      2      3      0      1      1      2      1      0      1      3      0      0      0      1      0
236    227    000001 000107 5.000e-01      1      1      0      3      0      4      0      0      0      0      0      2      8      0      0      0      0      4      0      2      1      1      4      0      2      2      0      3      1      1      0      0      0      1      1      0      0      1      0      0      0      1      0      1      1      2      1      3      1      1      0      0      0      2      0      1      0      1      0      1      1      0      0      4      1      0      1      2      0      3      0      0      0      2      0      0      0      0      1      0      0      2      2      0      5      1      3      1      2      3      4      1      2      0      2      0      1      3      1      0
265    227    000001 000050 5.000e-01      1      0      0      0      0      0      1      0      0      0      0      0      0      0      1      0      1      1      1      0      0      3      0      0      0      2      0      0      0      0      1      0      1      0      1      1      0      0      0      1      1      0      0      1      0      1      0      2      3      0      0      0      0      1      2      0      0      0      0      0      1      1      0      1      0      0      0      0      1      1      1      2      0      0      0      0      0      2      1      0      0      0      2      0      0      1      0      0      2      0      4      0      0      0      2      0      0      0      0      1
275    0      000001 000049 5.000e-01      0      0      0      0      0      0      0      0      0      0      0      1      0      1      1      0      0      0      1      0      0      0      1      0      1      3      0      0      0      1      0      0      0      0      0      0      0      2      0      0      2      0      0      0      1      0      0      0      3      1      0      0      2      0      0      0      0      0      0      0      0      1      1      0      0      1      0      0      0      3      1      1      0      1      0      0      0      1      0      0      1      0      0      0      0      0      0      3      0      0      1      2      2      1      0      1      2      2      1      2
276    275    000001 000068 5.000e-01      0      1      0      2      0      0      0      0      0      0      0      0      0      1      0      1      0      2      0      0      0      0      1      0      0      1      0      0      2      3      0      1      5      1      0      1      0      2      0      0      0      0      0      1      0      2      0      1      0      0      2      0      0      0      0      1      1      0      5      1      2      4      1      0      0      1      1      1      0      3      0      0      2      0      0      0      0      0      1      0      0      3      0      1      0      1      0      0      0      0      1      4      1      1      0      0      0      1      0      1
279    0      000001 000073 5.000e-01      2      1      0      1      0      1      2      0      4      1      0      0      0      0      4      0      0      0      0      0      0      2      2      3      0      2      0      0      0      1      1      0      0      1      0      0      1      1      1      1      0      1      1      0      0      1      2      1      1      0      2      0      1      2      2      0      0      1      0      0      0      1      1      1      0      3      1      0      1      1      0      0      2      1      0      0      0      0      0      0      1      1      0      0      0      0      0      1      0      1      0      0      5      0      1      0      0      1      1      2
280    279    000001 000054 5.000e-01      0      0      0      1      0      0      1      0      0      0      0      0      0      0      2      2      0      0      0      0      0      0      0      0      0      0      0      0      1      0      0      0      0      0      0      1      0      2      0      1      0      0      0      0      1      1      0      0      0      0      2      0      0      0      0      2      1      1      0      1      0      2      0      1      2      0      1      0      2      0      1      0      2      0      4      0      1      1      1      1      1      1      0      0      0      1      1      0      1      1      2      0      1      2      0      2      0      0      0      2
285    0      000001 000076 5.000e-01      1      0      0      1      1      0      1      0      1      1      0      1      2      0      1      0      0      1      0      2      0      0      0      1      0      1      3      1      0      3      0      0      0      0      0      0      1      1      0      0      2      2      2      0      0      0      2      0      1      1      1      0      0      0      1      0      1      0      2      0      0      2      1      1      0      3      0      1      0      0      0      0      0      1      5      0      3      0      0      3      2      0      1      2      1      1      0      4      1      0      2      2      0      0      0      0      0      0      0      1
286    285    000001 000071 5.000e-01      2      2      4      1      0      0      0      2      0      1      0      0      0      0      0      1      1      0      0      0      1      1      0      1      0      0      0      1      0      1      0      0      1      0      0      2      2      0      2      1      0      1      1      2      0      1      0      0      2      0      0      0      3      0      0      0      0      1      1      2      0      1      1      1      2      0      0      1      0      0      0      0      1      0      1      0      0      1      2      2      0      0      1      0      2      3      0      1      0      0      1      1      3      1      0      1      1      0      1      1
