SCORE -1.39603207476361e+05
ITER 3000
ETA        1.50000000000000e+00 1.50000000000000e+00 1.50000000000000e+00
GAMMA      5.00000000000000e-01 5.00000000000000e-01
GEM_MEAN 5.00000000000000e-01
GEM_SCALE 1.00000000000000e+02
SCALING_SHAPE 1.00000000000000e+00
SCALING_SCALE 5.00000000000000e-01
ID     PARENT NDOCS  NWORDS  SCALE     WD_CNT
0      -1     000100 012190 5.000e-01    179     85    214    190      9      2     83     31     58      8    117     82    270     82    149     67      8    163     23    160    179    325    114    301     70     70     39     66     21    149    105     46    111     31    205    113    180     91      4      7     24     53     35     69    120    164    404    205    280     52    150     88    143     81     48     96     78      4     72    155    183    113    295     21    204    107    134    147     92    246    128    233     57     18    210    367    216    140     74    176     81    198     61    182     75    181     51    203    388     53     26     72    114    197     85     72    153     42    113    154
55     0      000015 001022 5.000e-01     16      2      8      2     15      3      4      9      5      3      2     24     11      4      3      8      6     10     14     15     14     41     43      2     13      3     28     22     11      3     14      6      5      4      3      8     33      6      3     20      6     12      5      2      5     13      5      3      6      9     13      1      9     18     20     11     12     14      2      9     16      6      6      7      2     18      1      2      1     10     17     23      2     29     14      0      3     11     26      5      8      3     15     17     11     21     30     16     16      4     19     10      4      2      5      0     11      2      3      5
84     55     000007 000404 5.000e-01      9      6      0      1      5     10      3      5      5      2      1      8      5      1      4      1      8      7     10      3      2     20     11      4      3      5      0      9      4      1      4     12      0      6      1      3      2      8      1      1      7     11      1      0      5      1      1      2      1      2      1      2      2      0      1      4      4      3      5      1      0      1      3      4     28      8      7      3      0      2      0      1      1      9      5      4      0      1      4      7      2      1      2     12      6      6      2      2      2      1      7      4      2      0      1      5      2      6      3      5
16017  55     000008 000585 5.000e-01      1      7     14     11     16      5      3      6      4      3     14     13     10      2     11      1     19      2      1      5     10     11      4      5     11      6      5     24      8      3      1      7     13      1     20      3      2      4      9      1      8      9      0      2      4     10      8     13      5     21      0      5      7      5      3      2      1      9      8      1      2      1      2      2      6     18      9      3      1      1      5      2      1      4     13     12      4      2      4      8      1     12      5      4      1      3      1      2      9      1      1      3      0      2      2      5      6      9      1      0
18169  0      000003 000178 5.000e-01      2      4      6      1      4      0      4      1      0      1      4      3      0     10      0      4      0      0      5      1      0      0      1      0      0      1      0      3      2      0      0      1      2      0      3      1      3      1      3      2      1      0      1      6      0      0      1      3      2      0      4      1      1      2      6      1      1      0      0      6      1      1      0      3      2      1      2      0      1      5      0      0      3      2      1      0      4      0      3      2      1      1      3      0      0      0      6      0      0      3      1      0      4      3      0      7      1      3      5      0
18888  18169  000002 000170 5.000e-01      1      0      0      1      4      9      0      0      1      1      0      1      1      0      0      1      3      0      0      1      0      0      3      1      0      2      5      1      3      3      3      1      1      3      2      1      1      0     15      1      2      3      0      1      0      0      1      1      0      5      0      2      0      6      1      2      3      1      5      1      1      1      0      0      3      1      3      3      3      0      1      3      4      1      0      5      0      0      3      0      2      1      3      0      0      0      2      3      1      1      3      3      0      1      0      9      2      0      1      2
18957  18169  000001 000082 5.000e-01      1      0      0      1      0      0      1      0      0      0      3      0      0      0      0      0      3      0      1      1      0      0      0      1      0      1      2      2      0      0      0      2      3      1      0      1      0      0      1      2      0      2      0      1      0      1      1      0      2      1      1      0      2      2      1      0      1      1      0      0      0      2      0      2      0      0      0      0      0      0      0      2      1      1      0      1      1      1      1      1      2      2      0      4      0      1      3      6      2      2      0      0      1      1      1      0      0      0      0      1
125    0      000026 001495 5.000e-01      9     36     38      4      5     12     27      7     35     10     20      1     16      8     32     30     17     15     11     12     22     12     13     35      6     13      5     20      1     16     58     28      2      9     13     27     16     31      1      5      5     12     43      6      5     25     44      7      5     28     19      8     13     11     13      0     16     14      1     13     27     10      8      3      8     17      7      7      7     25     22     29      3     13      6     12      3     13     18     23     18     18     16      6      7     30      1     27     38     25      4     14      0      5      4     11      2      5     12     25
2369   125    000018 001187 5.000e-01     16      3      4      6      2      5     11     23     39     12      7     11     18      2     17      8      1      9     12      0      3      8      8     10      7      5      7     12      8      3     22      3     10      9      9     13      1     15     12      8      7     12     17     19      3     10      0     13      2      8     18      5     15     29      3     10      3     15      6     35      2     11     13     11     22     26     34      9     21     15     26      7     19      3     16      2      8     24      5      3     29      4      5     16      6     11     29      6      9     18      7     11     26     36      7     40     14      2     11     14
18823  125    000007 000450 5.000e-01      6      2      0      3      2      0     15      5     15      1      2      0      0      6      0      6     14      2      2      6      0      9      2      7     14      5      6      4      6      0      0      1      0      2      2     12     11      2      7      3      3     12      9      3      0      1      2      0      6      0      5      1      6      8     12      0      5      3      3      6      0      4      3      3      4     10      0      6      2      5      3      3      4      9      7      3     11      6      6     11     10      0      8      0     12      2      4     15      4      1     10      1      2      3      1      2      2      8      0      0
18958  125    000001 000092 5.000e-01      1      0      1      0      1      3      0      0      1      0      2      0      0      1      0      0      1      0      0      0      1      0      2      0      0      0      0      0      0      0      1      2      0      0      3      0      0      2      2      3      0      0      1      1      0      0      0      2      2      0      1      1      1      1      0      0      2      1      1      1      0      2      2      0      0      1      0      0      4      1      4      4      2      0      5      0      4      1      0      0      1      1      0      1      0      1      0      2      0      0      0      5      2      0      1      4      0      1      0      1
186    0      000004 000264 5.000e-01      1      4      3      1      1      2      0      1      3      2      1      2      7      0      1      3      0      4      1      1      7      4      1      1      3      0      0      5      3      2      4      8      0      0      1      1      2      7      2      0      0      2      2      1      6      3      7      3      3      6      6      1      7      2      1      1      1      6      1      3      3      2      0      3      0      3      8      3      8      4      5      2      1      1      1      7      1      1      5      4      1      6      3     11      1      1      0      3      2      5      0      1      4      5      2      1      0      5      0      0
18225  186    000004 000278 5.000e-01      3      2      4      2      2      0      9      4      1      1      7      7      0      3      1      6      2      4      7      0      4      1      1      0      0      2      3      2      1      0      5      3      3      1      4      0      7      3      0      0      1      0      7      4      9      3      1      2      8      3      3      0      3      6      0      4      2      2      6      9      2      5      4      1      3      4      2      1      2      0      2      0      0      1      4      6      6      4      2      3      3      6      0      3      1      1      1      1      3      6      1      4      3      1      0      0      3      3      3      5
27     0      000016 000964 5.000e-01      3     13      1      0      8      1      4      3      9      6     21      8     23     17     10     24      1     45     18      4     12      4     18     14      2      2      4      7      1      2     37     14     14      4      6      0     15      5      1     12     14     20      4     13      6      5      0      8     16     11     24      6     16      3      7      2     12      3     22     23      1     21     22     11     16     16      9      1      2     10     11      5      2      4      3      0      5      9      3      1     13     12     13      6      1     11      5     34      5     15     12      0     11     17      2      7     17     13      5      5
8445   27     000016 001010 5.000e-01      0      2      8      1      3      1     19      0     21      2      0     20      1      8     10      2     13      1      3     13      2     15      1     15     16     15      4      2      8      6     14     17      2      5     12      6      3     19     17      5      0      5     12     15     13     27     12      2      7      2     23     18     18     24     15      4      5     14     19     19      5      7     16     10     11     10     15     14     12      3      6     39     29      9     19     14      7      6      1     14      2      7      2     20     11      5      3      7     30      3      3     19     14      3      1     18     12      2     10     25
33     0      000029 001725 5.000e-01      8      3     39      5      5      6     36      6     28     10     26     33      6     10     35     38     16      8      4     35     19     39      5     22     18     15      6     15      9      8     35      5     11     15     24     24     23     61     22     14     15     11     28     11      1      8     31      2      8     19     37      3     34     25     16     12     10     21     31      9     12     13      8     19      5     10     24     16     43     13     56      5     16     19     10      8      8     21      8     17     34      3      8      1      8     17      2      6     19     49     11     13     12     18      7     39     33     15     16      4
3705   33     000021 001409 5.000e-01     11     28     12      4     11      0     39      6     38      8      2     18     25      6      3     16     13     19     13      4      9     13      6     25      5      0     11      8      5     23     39     32     18      6      5      5     28      6      2     12      2     27     38     24     10     17      5     12      0      6      9     21     10      8      9      9     11     24      8     39     11     14     22      3     32      9     18      4     33     19     10     20     33      4     33      6     15      1     29      4     14     21     18      8      8      6      9     19      9     10      7      0     22     27      7     12     20      4     30     15
17994  33     000006 000411 5.000e-01      1      1      6      1      6      5      2      2     13      0      5      7      1      5     11      1      0      2      2      1      2      1      1      1     11      4      4      5      1      0      5      6     12      2      1      8      6      1      0     18      2     11      6      4      2      1      2      4      7      1      1      3      4      7     10      1      7      0      1      5      2      2      2      5     10      6      0      1      4      0      7      8      4      2      1      0      4      9      2     14      4      4      1      7     14      5      0      3      2      5      3      2      1      5      7      8      9      0      7      1
18949  33     000002 000147 5.000e-01      3      2      1      0      3      0      0      0      1      2      1      3      2      0      1      2      2      0      1      0      0      0      1      0      1      0      1      0      0      1      1      6      4      1      1      0      2      2      0      2      2      4      0      2      1      4      0      0      2      0      2      0      0      1      0      1      2      2      0      0      2      4      4      0      4      1      1      4      0      0      0      1      1      1      3      4      0      2      3      3      4      4      2      2      5      2      1      0      0      0      2      3      0      2      3      4      1      0      3      1
227    0      000006 000399 5.000e-01      0      0      1      3      9      7      9      3      3      3      7      0     10      2      2      1      4      0     12     10      6      2     23      3     10     16      1      8      3      6      6      3      0      6      4      2      4      1      9      6      6      4      3      0      6      2      3      1      3      3      3      1      1      2      8      1      2      4      0      3      3      2      2      2      4      9      4      1      0      5      2      5      1      7      7      2      0      2      3      5      3      0      4      5      8     10     12      2      3      3      4      3      1      0      1      5      2      4      0      2
18578  227    000005 000286 5.000e-01      2      0      6      9      2      4      8      0      1      0      0     10      2      1      0      2      5      5      4      3      1      1      2      2      5      0      0      4      1      5      4      3      2      0      1      0      2      2      6      1      3      3      6      3      5      2      2      4      3      6      5      6      1     10      2      4      5      1      2      0      0      0      3      7      0      2      2      0      0      0      4      2      3      1      1      0      4      4      8      0      4      2      2     13      5      9      1      0      3      2      7      2      1      2      4      0      2      6      0      1
18959  227    000001 000107 5.000e-01      2      2      0      1      2      0      1      3      1      0      1      4      2      0      1      1      0      1      0      0      1      2      1      3      1      2      2      0      4      1      1      2      0      2      1      2      2      0      3      0      2      2      0      0      0      0      1      1      1      3      2      1      1      0      1      2      0      0      1      2      0      2      1      1      0      1      0      1      0      3      4      1      0      0      1      0      0      1      2      2      0      3      3      0      0      1      1      0      1      2      0      1      0      1      0      0      0      2      0      0
18955  0      000001 000072 5.000e-01      1      1      0      1      2      0      0      1      0      0      0      0      2      0      0      0      0      1      0      2      1      0      1      0      0      1      0      0      1      0      0      2      2      2      1      2      1      2      1      0      2      1      0      2      1      1      1      0      0      0      1      0      0      0      0      0      2      0      1      0      0      3      1      1      2      1      3      1      0      0      3      0      0      0      1      0      1      1      0      0      0      0      0      2      0      0      0      0      0      3      1      1      0      2      0      2      0      3      0      0
18956  18955  000001 000073 5.000e-01      0      0      0      0      1      0      0      0      0      2      1      0      2      0      2      0      0      1      0      1      5      0      1      0      0      0      1      0      0      0      2      2      1      0      1      0      2      0      0      1      0      0      0      1      1      0      3      0      1      2      2      1      4      2      0      0      0      1      0      3      2      1      0      0      0      2      0      0      0      1      2      1      0      1      2      1      2      2      0      0      0      0      0      0      0      0      1      0      1      0      0      0      0      0      0      0      2      2      2      1
