SCORE -1.38861206850478e+05
ITER 9000
ETA        1.50000000000000e+00 1.50000000000000e+00 1.50000000000000e+00
GAMMA      5.00000000000000e-01 5.00000000000000e-01
GEM_MEAN 5.00000000000000e-01
GEM_SCALE 1.00000000000000e+02
SCALING_SHAPE 1.00000000000000e+00
SCALING_SCALE 5.00000000000000e-01
ID     PARENT NDOCS  NWORDS  SCALE     WD_CNT
0      -1     000100 012609 5.000e-01    172    137    263     95     11      7    128     40    111     22    154    146    246     94     90    106     22    100     84    160    122    285     58    302    121      7     64     70     30    185    200     52     25     21    246     70    247     91     42     20     31    100     57     63     96    150    442    184    169    115    160     30    141    156     31     50     87     50     61    134    187    149    264     80    240    201    194    144      5    252    193    239     37     25    207    325    179    120     76    190    154    154     40    189     53    175     44    215    396    107     12     93     95    244     29     65    194     41    139    110
55     0      000021 001270 5.000e-01     13     10      9     28     35      1      3     14      0      1     10      3      2      1     26      1     13      6     16     21     42     25     20     16     17     34     28     50     15      0      0     16     19     18      8     11     10     11     21     16      3     12      5      9     23     46      1      6     22      9      0      6      7      3     28     18     14     13     11     12      5      2      4      9     17     23      1      9     13      4      8      8      0     28     25     25      7     22     29      7      1      6     12      8     21     24     27      3     19      3      4      8      4      1     16      0     10      5      7      7
32686  55     000021 001360 5.000e-01     14      7      5     14     11     27     18     12      1      8      9     40     42      7     10      1     22     30      6     31      5     66     89      2     12     16      3     20      8      7      7     10     18      3     16     20     16      2      0     11     27     19      6      1      7      2      5     12     13     24     18     20     10      0     11     17      3      9     10      1     12      0     19      2     24      6      4      2      0      9      6     28     11     22      7      5      5     17     20     10      3     27     16     32     12     19     21     12     11      1     37      8      5     10     14      6      5     31     10     10
33     0      000033 002031 5.000e-01     10      6      2     26      2      1     38      9     17      0      9     15     39      3     33     39     17     35      9     26     23     53     30      9      1     48      8      5     10     10     32     10     65     13      7     35     46     33     21     16      8      5      7     16     21      7     21     33     59      1     67     10     10      2     24     38      9     14     57     55     32      9     11      2     13     10     14     36     92      3     25      4     34     27     27     34     25     28     13      6     10     20      7     10     15     15      1     14     25     10     16     23      6     13     36     42     19      8      9     12
3705   33     000028 001714 5.000e-01      4      5      8      8     16      1     34      3     41     11      9     25      3     19     23      1     16     41      1      2     16     19     12     28      9      0      2     13      8     12     28     43     11      5      7      9      3     37      1     13     10     16     46     34     13     25      4      2     18     15     10     50     54     32     11      2     20     13     13     33      5     27     48      7     20      1     38      7      7     34      1     42     30      1     20      0     21     17     26      9      7     24     23     24      7      7     16     20     29     20      7      2     42     17      3     27      8     15     36     51
41067  33     000004 000274 5.000e-01      0      2      4      0      7      5      1      0      7      2      0      4      2      5     11      2      3      1      0      1      3      0      1      0      9      5      3      2      1      2      0      1      3      7      2      0      1      1      0     12      4      6      1      3      0      1      0      3      4      1      3      3      3      6      9      5      3      5      3      5      3      4      0      0      1      4      1      2      4      0      3      2      1      3      1      1      1      0      7      7      0      7      2      3     10      2      1      0      0      4      2      1      1      2      2      3      7      1      2      1
41623  33     000001 000071 5.000e-01      0      1      0      0      0      0      2      0      3      0      1      0      1      0      1      0      1      2      0      0      1      0      1      2      1      0      0      0      2      0      0      1      1      3      0      3      1      0      1      0      1      1      1      0      0      1      0      0      0      1      1      1      1      0      0      0      4      1      0      1      1      0      1      0      0      3      0      2      0      0      0      3      0      0      0      2      0      0      1      2      2      1      0      1      0      0      0      0      0      0      2      2      0      0      0      0      1      3      1      0
125    0      000044 002790 5.000e-01     54     19     47     40      5     11     21     17     57     17     30      8     45     20     40     38     17     33      7     11     78     37     16     57      4     27     16     35     13      6     61     40     24     12     12     61      7     54      6      4     11     28     28     32     17     49     49      1     67      4     17     40     43     44      5     26     14      3     21     52     20     29     31      2      9     20      2      2     80     40     42     25     22     19     41     12     44     41     29      9     37     51     33     26     11     46     23     63     40     30     30     21     57     25     17     23     36      2      7     35
2369   125    000024 001427 5.000e-01      6      6      3     27      9      7     14     11     41      7      7      6     19      3     44     19      0     31     12      8      1     14     24     16      2     20      0      8      4      4     25     22     31     21     13      6      6     22      3     14      7     14     41     15     19      5      1     32      7      4     44     10     11      0     25      5     13     10      9     15      7      3     27     13     19      1     16     11     15     14     29     25     40      7     19     13      5     15      3     31     18      2     13     10     25     16     17     12     17     11      3      9      8     15      8     51     10      4      7     35
40561  125    000016 000930 5.000e-01      1      8     19      8     10      1     17      9      1      9     10      3     12      6     10     13     20     12      1      7      5      4      4     19     19      7      2     11      4      5      2      9     11      3      8     13      6      8      4     11      6     12     23     13      3      4      2      7      6      3      9      0     16      1     27      1     10     22      5     26      1      2      9      2     20      4      9      9     10      7      9     12      6      5     11     29     12      2      3     28      0     13     19     14     21     13      7     15      9     23     11      3      3      1     14     19      3     16      3      5
41596  125    000003 000187 5.000e-01      1      0      3      1      3      2      1      0      0      0      2      0      3      0      3      0      0      6      5      2      1      5      1      0      1      1      4      1      3      0      4      7      3      2      2      4      2      8      5      2      1      1      0      0      1      1      8      1      2      2      1      3      1      3      3      3      2      1      0      1      0      3      0      0      1      7      2      1      3      1      1      0      1      0      1      2      7      0      0      0      1      0      2      3      1      6      1      1      0      1      1      1      0      3      1      1      1      9      1      0
41622  125    000001 000076 5.000e-01      0      2      2      1      1      3      0      0      2      0      1      0      0      4      1      0      2      2      0      5      0      0      2      0      0      0      0      1      0      0      1      0      0      0      0      0      0      1      1      3      0      0      2      0      0      0      1      1      0      2      0      0      0      1      0      0      0      2      1      3      1      0      1      0      0      0      0      2      3      1      1      3      1      0      3      0      1      0      0      1      1      1      1      0      1      1      0      1      0      1      0      0      0      1      0      2      0      0      0      0
41497  0      000002 000136 5.000e-01      0      0      1      0      5      3      1      1      1      0      1      2      0      3      1      2      1      0      2      3      0      0      2      1      0      1      2      2      3      0      0      0      0      0      0      0      0      1     11      1      0      1      1      3      1      5      0      3      2      6      0      2      0      3      2      2      2      0      1      5      0      0      2      1      1      1      1      0      4      0      0      3      3      2      1      2      0      0      1      1      0      1      2      0      1      0      5      0      1      0      2      1      2      0      1      2      0      2      2      1
41539  41497  000002 000125 5.000e-01      1      0      0      0      3      6      0      0      0      0      1      3      0      3      0      0      2      0      1      1      3      0      3      0      0      2      2      1      0      1      1      1      5      2      2      0      1      0      5      1      3      1      0      1      2      2      1      3      1      1      0      0      1      2      1      0      4      0      3      0      1      0      0      1      1      0      1      0      0      3      0      2      1      0      0      4      0      0      2      2      3      2      4      0      2      0      2      1      0      1      2      0      1      1      0     10      0      0      1      0
