SCORE -1.39044550177781e+05
ITER 6000
ETA        1.50000000000000e+00 1.50000000000000e+00 1.50000000000000e+00
GAMMA      5.00000000000000e-01 5.00000000000000e-01
GEM_MEAN 5.00000000000000e-01
GEM_SCALE 1.00000000000000e+02
SCALING_SHAPE 1.00000000000000e+00
SCALING_SCALE 5.00000000000000e-01
ID     PARENT NDOCS  NWORDS  SCALE     WD_CNT
0      -1     000100 012402 5.000e-01    156     97    265    140     30      6    174     19     80     19     91    109    278     37    123     79     32    214     19     92    120    294     75    318     24     72     21     90      1     68    155     57     88      5    216     78    247    132     37     37     47    147     34     61     77    133    460    110    250     98    195     60    160    141     84     84    135     29     51    197    126    127    258     37    214    151    202    142     20    225    170    288     75     51    221    327    185    155     72    176     74    206     53    240     53    220     69    137    418     42     30     82     42    211     27     70    128     77     89    164
55     0      000020 001288 5.000e-01      6      4      8      8     29     20      1      4      2      4      0     42     24      2     18      1     27      6     27     39     27     58     91      8     41     15     20     49     27      3     14     14     18      8     18      6      7      9     13      6      6     10      3      0     18     10      5     28     11     20      1     12      2      9      9      9      7     11     12      6     13      3      1      9      2     17      0      1      3      5     12     13      1     13     12     10      5      1     38      2      5      5     17      8     13      4     36     10     25      5     23      6     11      3     10      6      3     17      3      4
84     55     000011 000648 5.000e-01     25      7      0     20      2      1      3      9     10      0      0      8      1      4      2      4      3      2      5      6     13     22      2      3      5      4     13      0      0     11      0      7      5      8      0      6      5      0      5     12     10     13      7      2      9     21      5      0     10      0      7      0      6      2      9      2      0      9      8      0     17      5      6      4     26     10      1     10      1      3      5      9      2     28     20      5      7      1     14      8      2      4      1     15     15      9      6      8      4      4      7      2      8      5     10      3      0      2      8      0
31178  55     000006 000357 5.000e-01      0      3      0      8      7      5      7      8      1      1     12      1      5      1      1      1      1      3      3      6      1      5      1      1      4      8      2      7      3     15      8      3      2      5      5      2      4      0      2      2      2      0      4      0     11     10      3     10      2      6      0      0      3      2      4     11      1      4      2      2      2      5      2      7      3     12      3      0      2      4      3      2      1      0      5      0      6      2      0      1      8      6      4      1      3      5      2      0      6      3      4      3      1      2      6      2      4      0      2      4
31857  55     000002 000152 5.000e-01      0      2      1      4      5      0      0      6      1      0      2      3      0      0      3      1      1      1      0      0      0      4      1      1      2      7      1      1      2      2      0      3      1      2      2      5      3      0      3      2      5      2      0      2      0      2      0      1      0      1      0      1      3      0      0      4      3      1      0      0      3      2      2      1      0      4      0      0      0      2      1      1      0      3      1      3      0      7      1      0      1      0      4      1      1      1      1      0      1      1      2      0      0      3      0      1      4      2      1      0
31869  55     000001 000071 5.000e-01      3      0      1      1      1      0      1      2      0      0      1      0      0      0      0      0      1      1      0      0      0      0      1      0      1      1      4      2      0      0      0      0      1      0      1      0      0      1      0      0      1      0      0      1      2      2      2      0      0      1      0      1      0      0      0      0      1      0      1      1      0      0      2      1      1      1      0      1      3      0      1      2      1      2      0      5      0      0      0      0      0      1      2      1      0      0      0      0      0      1      0      6      0      1      2      0      0      0      0      0
33     0      000033 001939 5.000e-01     15     12     15     12      6      5     25     11     14      6     16     32     18     34      8     52     11      5     22      8     26     12     12      9     36      4     11      6     17      9     58     23      8     14      0     35     12     41      0     17      6      9     14     15      5     29      4     29     21      3     10     12     50     13     15     15      0      1     42     50     29     23     49     20     42     10     11     23     71     20     22     12     13     14     23     51     29     35     30     26     17     18     15     24     25     10      1     26     14     35     13      8      4     52     18     23     38      4     14      7
3705   33     000030 001864 5.000e-01      7     16      3      8      6      0     23      8     48     11     44      7      2     21     35      5     16     27      3     51     15     57     17     14     16     14     16      8      7     48     16     29     36     17     22      8     30     22     23     11      2      4     49     43     23      9      9     13     16      8     32     29      3     28     10      4     21     41     23      7     13     14     39      5      7      2     15      2     26     13     18     13     30     10     16      1     12      4      5      5     31     19     10      1     10     14      5     45     19     19      7     16     64     17     18     45     31      7     63     32
31719  33     000002 000146 5.000e-01      1      0      0      3      4      4      2      0      5      0      1      3      0      0      3      3      0      0      1      2      0      2      1      1      5      0      1      4      1      0      1      0      5      5      0      3      1      0      0      6      3      3      2      2      0      1      6      2      0      2     10      0      1      1      4      2      1      1      2      0      1      1      1      0      1      2      0      1      3      0      1      0      2      1      0      1      2      1      2      3      0      3      1      1      1      0      0      0      0      2      1      1      0      0      0      1      0      0      1      0
31870  33     000001 000061 5.000e-01      1      1      0      0      0      1      3      1      2      0      0      0      1      0      1      0      3      0      0      0      2      0      2      1      1      1      0      0      1      0      2      2      1      0      1      0      0      0      1      0      2      0      0      1      1      1      0      1      0      0      1      2      2      0      0      0      0      0      0      1      0      2      1      1      1      1      0      0      0      1      1      0      3      0      0      2      0      0      1      1      1      0      0      0      0      0      0      0      0      0      0      0      0      0      1      0      0      2      1      0
125    0      000036 002214 5.000e-01     42      2     12     15      6      0     17     17      9     13     48     16     39     18     42     51     12      9     12     19     37     17     11     15     20     23     11     28      6     18     57     22      2      4     32     30     13     30      7     17     14     11     57     24     29     23     12     25     17     15     41      1     27     31     14      3      4      4     21     22     38     15     17     14     21     31      5     15     40      8     46     39     13      6     31     11     25     35      8     65     75      5     35      9     22     10     21     87     42     17     18     27     27     13     11     49     22      1     27     19
2369   125    000033 002138 5.000e-01     10     38     37     22      5     19     14     21     95     14      5     20     30     25     41     13     15      8     28     39     29     25     29     67     25      5     22     10     12     45     30     32     28     33      4     38      8     16      4     10      2     10     36     14      3     36     20     49     16      8     16     42     16      2     11     17      2     26      9     30     18     13     18      9     30     18     33     25     44     53     23      4     35      6     23     21      9     10     25      5     15     17      3      0     22     39     10     14      6     55      8      1     47     15     26     29     37      1      7     28
31817  125    000002 000129 5.000e-01      0      4      4      0      1      0      1      3      4      3      0      1      0      2      3      1      5      1      0      0      1      0      1      3      1      4      0      3      6      0      2      1      0      0      0      2      0      4      1      0      1      2      2      2      2      1      1      0      0      2      1      1      0      3      3      1      2      1      0      1      0      1      4      1      1      0      0      0      1      1      0      1      0      0      0      1      0      0      0      3      0      2      6      2      2      3      3      1      1      0      0      0      0      0      0      1      3      2      0      1
31866  125    000001 000096 5.000e-01      3      1      3      0      1      0      1      0      2      0      2      1      2      1      1      3      0      3      3      0      0      1      2      1      0      0      0      0      2      0      0      4      1      0      0      0      1      1      0      0      1      0      0      2      2      0      0      4      0      0      0      3      1      5      2      0      0      1      2      0      0      0      1      1      0      4      1      0      2      1      0      3      0      1      1      1      0      1      1      1      0      1      2      0      0      0      0      2      1      5      0      1      0      0      0      1      1      0      0      0
31188  0      000002 000137 5.000e-01      3      0      0      1      4      7      0      1      0      0      1      1      1      3      0      0      1      0      2      0      3      0      1      1      1      0      2      0      1      2      0      1      0      1      2      0      0      0      1      1      3      0      0      4      1      0      0      5      4      2      0      2      0      4      2      2      3      0      2      3      1      0      1      2      0      0      2      0      4      0      1      3      2      0      1      3      1      0      2      0      0      3      4      0      4      0      2      4      1      1      3      0      3      0      0      6      1      0      3      0
31865  31188  000002 000166 5.000e-01      0      0      1      1      4      2      0      0      0      0      1      2      0      4      0      1      2      1      2      3      1      0      4      0      0      2      3      3      3      1      2      0      3      2      1      1      2      0     17      1      1      2      1      4      1      5      1      0      1      6      2      0      2      1      1      0      1      1      3      4      0      1      0      1      5      0      0      0      0      3      1      0      0      2      1      4      0      1      1      0      3      0      3      1      0      0      4      0      1      2      2      3      3      3      1      7      0      4      1      1
28113  0      000006 000454 5.000e-01      3      4      3      1      3      1      0      1      1      0     10      1      6      7      8      2      1      9     10     10     21      5      4      0     10      0      2      1      7      5      0      4     12      2      5      6      9      4      1      2      4      0      3      2      2      4      0      1      8      4      6      1      9      4      3      1      1      3      9      4      7      4      0      1      3     11      0      0     10     12      5      1      5      0      4      2     16      6      1      0      3     14      4      7      1      0      2     18      1      5      3      8      5      4      1      4     18     11      2      5
31082  28113  000006 000348 5.000e-01      1      6     11      1      0      2      2      2      4      1      2      3      1      3      0      1      1      7      6      2      1      3      6      3      0      3      4      3      2      1      8      8      2      4     13      5      1      3      6      0      0      3      3      6      5      7      5      4      9      4      2      5      6      4      4     10      2      3      7      9      3      7     11      1      0      5      6      2      1     10      2      3      1      1      0      0      4      2      5      2      0      0      2      3      3      8      1      2      6      7      3      5      3      0      4      0      1      1      2      1
31862  0      000002 000120 5.000e-01      0      3      0      0      0      0      0      2      1      2      3      0      2      2      1      1      3      1      0      1      2      0      0      0      2      1      0      1      0      3      0      0      0      0      0      2      2      2      0      0      1      0      1      2      0      4      1      0      1      4      2      1      2      0      1      0      0      5      1      2      2      2      3      2      5      1      0      1      2      2      1      0      1      0      2      5      0      0      0      3      1      0      1      1      2      0      0      2      0      0      1      1      2      4      2      1      1      4      0      0
31863  31862  000002 000152 5.000e-01      0      3      0      1      4      1      1      1      2      2      3      2      3      4      0      1      0      1      0      0      0      1      1      6      2      0      1      1      3      1      7      1      3      0      1      5      1      3      0      0      1      0      2      3      7      0      1      4      1      0      0      2      2      1      1      2      0      1      0      0      2      0      0      1      4      1      2      2      1      2      3      1      2      1      1      1      3      1      0      2      0      3      6      1      2      1      0      0      1      4      2      0      2      0      1      2      1      1      0      1
31867  0      000001 000067 5.000e-01      0      0      1      0      0      1      3      0      0      1      2      3      0      0      3      0      1      0      1      0      0      1      0      0      0      3      0      0      0      0      0      1      0      0      0      0      0      1      0      0      0      0      0      0      2      0      0      1      2      1      2      0      2      1      0      0      1      1      0      1      0      2      0      1      0      0      1      1      2      2      1      1      0      0      1      0      1      0      2      0      1      1      1      3      1      0      0      0      0      4      1      1      1      0      0      0      0      1      1      0
31868  31867  000001 000051 5.000e-01      0      0      1      2      0      0      0      0      1      0      0      0      1      0      0      2      0      0      0      0      1      1      1      0      0      1      0      2      0      0      1      0      0      0      0      0      0      0      0      0      0      0      0      0      3      0      0      1      1      3      2      0      1      1      0      0      0      0      0      3      0      1      1      0      0      0      1      1      0      1      1      0      0      0      0      0      2      0      2      0      0      1      0      1      0      0      2      1      0      0      1      1      1      0      3      0      1      0      0      0
