SCORE -1.39363221455245e+05
ITER 10000
ETA        1.50000000000000e+00 1.50000000000000e+00 1.50000000000000e+00
GAMMA      5.00000000000000e-01 5.00000000000000e-01
GEM_MEAN 5.00000000000000e-01
GEM_SCALE 1.00000000000000e+02
SCALING_SHAPE 1.00000000000000e+00
SCALING_SCALE 5.00000000000000e-01
ID     PARENT NDOCS  NWORDS  SCALE     WD_CNT
0      -1     000100 012361 5.000e-01     80    109    271    108     12      1    158     49     29      3    138    126    236     80    154     63     39    125     71    193    168    310    106    297     25     81     24    112     33     83    250     82    127     56    196     80    200    143     18     32     11    101     68     42     43    162    396    192    294    117    184     86    182    159    102     64     68     26     51    229    132    131    276     26    121    156    180    119     60    208    148    234     30     28    176    363    132    165    106    160     59    172     30    230     49     48     14    205    439     68     23     95    119    214     45    129    170     24    111    121
55     0      000021 001375 5.000e-01     21      4      3     30     21     12      1      1     17      5     16     17      6      2     10      6     17     10     10      5     36     28     79     13     44     11     27     43      9      5      2      6     14      2     18     22     20      5     10      9     26     18      8      7     17     30     16      5      6     14      6      8      3     15      6     31     11     16     18      3     25      7     20      5      8     35     10      0      0     15     13     10      4     53     23     11      5      3     21      4     11     16      6      2     22     31     19      6     15      1     19      6      1     13      5      2     16     14      6     11
32686  55     000015 001076 5.000e-01     17     11      6     10     21     16     14     18      7      4      1     23     32      7     11      0      9     17     16     20      1     47     15      1     12     22     14      5     14     20      4     14      1     10     10      4     20      7     14     16      8      9      2      7     22      5      3      8      1      6      3      4      6      2     14      2     13      3      2      8      8      1      4     14     40      4      6     16      3      6      8     20      7      2     18      1      7     14     16     11      5      4     20     22     11     28     31      2     15      8     16     11      5      8     11      4      6     19      0      5
44228  55     000003 000195 5.000e-01      3      1      2      0      2      1      0      4      0      0      1      6      1      1      2      3      5      3      2      0      0      4      0      3      0      2      3      3      3      0      1      2      1      0      2      3      0      0      2      0      0      4      0      0      2      0      1      1      2     12      0      1      5      3      0      0      0      6      4      0      1      3      0      2      2      7      1      0      1      4      0      2      0      0      1      2     10      3      2      3      0      4      3      1      1      9      1      8      0      0      2      0      4      1      5      0      0      1      3      1
44461  55     000002 000108 5.000e-01      5      0      0      2      2      0      3      1      0      1      1      2      1      1      0      1      3      3      0      0      3      2      1      0      1      1      0      2      1      2      0      2      1      0      3      0      1      1      1      0      1      0      0      2      2      0      3      1      1      2      2      3      0      0      0      0      3      0      1      1      0      0      1      2      2      0      0      0      1      0      0      3      4      1      0      3      4      2      1      1      0      1      2      0      0      0      0      0      0      0      1      2      0      2      0      1      2      1      0      1
44474  55     000001 000071 5.000e-01      6      1      0      1      0      1      0      0      0      2      0      3      0      3      0      0      1      0      0      3      0      0      0      1      0      0      0      0      2      2      1      0      5      1      0      0      0      0      0      1      0      0      0      0      0      0      1      0      1      0      1      0      0      1      1      0      0      1      1      1      3      0      2      1      0      1      1      0      0      0      0      0      1      0      2      0      1      1      0      1      1      2      1      3      0      0      2      0      0      0      1      0      0      0      1      0      0      4      0      0
33     0      000034 002060 5.000e-01     38     14      9     15      1      2     14      2     37     17      8     42     42      7     41     28      5     53     14     24     16      1      6      4     39      5     12      1      7     34     51     17     14      3     14     11     27     44     27     36      2      6     33     46     29     14     16     17     13      5     19     12     18     23     17     29      5      9     57      7     43     17     28      2     46     11     10      9     56     37     41      6     13     10      7      0     57     15     16     21     18     26     16      9     20     54      7     21     12     42     19     16     18     40      9     33     26      9     50     11
3705   33     000025 001614 5.000e-01      7      3     14     19     20      2     26      1     42      3     26      4      6     20      2     23     16     10      3      5     16     69     17     31      9      7     12      8      8     13     12     19     10      8     25     24     24      8      4      0     14     14     19     20     12     16     25      6     14      9     35     29     38     12      5     11     30     26     16     29      2     20     28     22     19      6     21     16     21     16     14     16     39      8     50     10      9     18      8      7     22     21     21     19      3     22     10     19     15      8      1      1     26      3     15     15     21     14     16     36
44423  33     000007 000458 5.000e-01      1      7      3      6      7      1      8      3      1      2      4      0      1      6      1      6      4      3      6      4      6      2      7      9      3      6      5      6      6      1      1      5     10      2      1      9      4      4      4      4      5      1      2      1      4      3      9      4      1      0      6      1      2      3      4      2      6      7      4      2      4     14      3      4      4      6      2      9      4      5      1      8      4      4      4      7     15      3      0      8     11      3      3      1      9      2     11      8      2      6      2      8      0      4      8      6      8      9      5      7
44237  33     000002 000150 5.000e-01      2      0      1      0      5      5      0      0      3      1      0      2      0      1      2      1      0      1      0      2      0      2      0      2      7      0      3      3      2      0      0      1      2      1      0      2      1      1      0      5      4      5      0      1      0      0      2      7      1      0      9      0      0      0      4      1      3      0      1      0      1      0      2      2      1      3      0      2      1      2      1      1      1      2      0      4      0      2      3      2      1      0      0      3      7      0      0      1      0      1      0      0      0      4      3      1      2      0      1      0
125    0      000043 002620 5.000e-01     41     18     31     37     12     13     38     27    111     29     30      4     51     15     14     57      7     40      2      7     35     27     11     41     34     11      1     15      0     26     20     41      0      0     37     24     23     29     10      1     13     30     46     48     42     30     48     14     20     10     37      9      8      6     10      3     14     23     23     18     36     17     31     13     83     18     10     42     66     24     81     52     26     16     27      9     38      6      9     60     60      8     19     19     44     96     49     31     18     39     15     17     22     16     10      9      9     15     11     27
2369   125    000017 001062 5.000e-01     34     11      9     12      0      3      4      3     10      0     13      5      5      7     39      3      5      9     12     10      9      5     14     18      5     12     12      0      5      6      5     16     20     12      0     13     10     16      5      5     10     10     13      5      5     16      1     12      4      1     10     12     20     17      5      6     15      6      3     15     10      4      4     13      6     17     25      8      5     10      8     33     39      4     13     15      1     14      7      4     24     20     17      2      2     16     11     15     12     11      9      5     16     11     12     23     10      3      7     28
43648  125    000006 000345 5.000e-01      1      8      6      3      2      0      3      0      3      1      0     11      4      4      3     15      4      4      2      0      0      1      1      2      2      2      5      3      5      0      2      1      2      1      0      2      2      1      0      0      4      1      8      2     13      1      5      5      2      1      5      1      6      5      0      6      2      7      4      4      1      0      8      1      0      0      8      0      6      5      1      0      0      0      6      2      1      0     11      2      1     23     11      8      2      6      0      5      5     14      4      0      2      6      3      0      6      7      1      1
41789  125    000007 000477 5.000e-01     12      1      5      2      1      0      8      3      9      0      3      4     10      3      1      1     10      5      1      3      6      7      0      6      8      1      6      6      3     15      1      1      2      6      6     19     10      0      3      4      6      8      7      1      2     14      4      3      4      2      2      3      2      0      7      3      7      2      1     17      0      3      8      5      7     11      1      4      0      5      0      5      7      4     11     15      5      3      0      1     17      1      2      0      3      8      0      0     11      5     11      3      0      3      4      0      9      7      7      4
41944  125    000013 000737 5.000e-01      4     14      6      1      5      9      0      3     12      8      0      1     17      9     12      9      7     15      2      2      1      0      3     23      6      4      6     10      0     23     10      3      3      7      8     17      0     10      6      8      4      7     11      2      8      2      3      9      3      4      9      4      8      7      0      6      3     11      4      3      8     11      2      4     19      4      5      1      8     28      2      2      6      5     24      3     20     13      6     14      3      7     16      1      5      4      3     31      3      9      1      7      6      7      9     17      6      9      4     12
44064  0      000002 000140 5.000e-01      2      0      0      0      5      9      0      0      0      0      1      0      1      2      0      3      3      0      0      0      3      3      2      0      0      1      3      1      2      1      0      1      1      0      1      2      0      0     15      3      0      2      1      3      2      4      1      1      2      2      0      0      0      0      0      2      3      0      1      4      1      0      0      3      4      2      1      1      2      2      0      2      2      1      0      1      0      0      2      0      3      1      2      0      0      0      4      0      0      0      3      1      0      1      0      7      0      0      1      0
44473  44064  000002 000151 5.000e-01      2      1      0      2      2      0      1      1      1      1      2      5      1      0      1      3      1      1      3      0      0      0      1      1      1      2      1      1      1      1      1      1      3      1      2      0      4      0      2      0      4      0      0      3      0      1      1      3      1      3      2      2      0      0      2      1      2      0      4      2      0      0      0      0      4      0      2      0      2      1      0      2      4      1      1      8      2      0      2      4      1      0      5      0      2      0      3      5      0      0      2      0      5      0      1      4      3      1      2      2
