SCORE -1.39525243139326e+05
ITER 1000
ETA        1.50000000000000e+00 1.50000000000000e+00 1.50000000000000e+00
GAMMA      5.00000000000000e-01 5.00000000000000e-01
GEM_MEAN 5.00000000000000e-01
GEM_SCALE 1.00000000000000e+02
SCALING_SHAPE 1.00000000000000e+00
SCALING_SCALE 5.00000000000000e-01
ID     PARENT NDOCS  NWORDS  SCALE     WD_CNT
0      -1     000100 012501 5.000e-01    108     86    263    138      7      8    138      2    115     12    155     89    286     31    197     79     55    178     23    116    171    360    134    312     73     59     28     97     34    107    218     81     83     17    220     72    220    172     19     32     20     47     66    101     74    162    433    161    178     88    188     84    144    132     47     60     57     30     54    188    119    117    285     20    215    155    149    103     57    220    192    255     75     35    227    346    199    135     86    141     89    225     78    196     79    179     18    139    417    100     29     90     60    240     46    120    141     56     76     83
1      0      000008 000513 5.000e-01      6      3      7      0      0      1      1      4      7      3      3      7      8      9      5      1      2     10      1     11      6      2      7      5      1      2      5      3      2      8     10     10      8      4      0      4      0      4      0      0     15      3     10      2      9      3      4      1      8      1      4      7      3      7      0      2     10      1      8      4     19      5      7      3      5      6      3      1      2      4      5     19      6      2      6      8      3      3      1     15      6      2      6      2      2      5      4      7     19      5      1      2      8     10      2      6     10      0     15      6
6565   1      000007 000386 5.000e-01      4      0      1      2      1      0     12      2      3      0      5      7      8      8      6      7      4      9      4      7      1      0      2      1      0      6      3      2      3      1      8      6      1      0      6      0      1      0      1      1      0      0     13      8      1      8      0      3      8      0      9      0      4      4      4      8      1      5      2      8      7      1     18      9      2      2      5     12      2      6      2      9      7      2      6      1      0      3      0      2      2      0      1      1      7      1      3      4      6      0      2      1      3      9      1     13      5      5      4      3
8432   1      000001 000073 5.000e-01      0      0      0      1      1      0      0      0      0      0      4      1      2      0      1      1      0      0      3      0      0      0      1      0      0      2      1      0      1      0      0      3      1      0      0      0      1      2      0      0      0      0      0      0      0      0      0      4      0      1      1      1      0      3      2      0      0      0      0      0      0      1      0      2      1      1      0      0      1      0      2      1      2      1      1      2      0      1      1      2      2      0      0      1      1      1      2      0      2      4      0      2      0      0      1      0      0      0      0      0
5      0      000005 000334 5.000e-01      4      2     11      0      1      1      1      1      6      1      0      2      2      2      2      7      5      3      0      3      3      1      0      5      9      4      7      1      0     10      3      4      2      2      1      3      1      1      6      3      3      9      9      2      1      6      1      4      6      2      1      0      4      1      1      1      5      3      1      0      0      4      0      1     10      5      1      1      4      4      6      1      0      4      7      4      6      1      2      8     14      2      2      0      2      6      2     16     10      3      4      8      3      1      2      0      1      2      3      4
8282   5      000004 000225 5.000e-01      1      0      0      8      1      0      6      1      7      0      0      5      2      3      1      3      0      1      0      5      0      0      5      7      2      2      3      2      4      1      1      1      2      1      1      6      8      3      1      1      0      3      3      2      0      1      3      0      4      4      3      1      2      2      7      1      1      0      1      8      0      1      1      3      1      0      1      0      1      1      2      3      3      0      0      4      1      1      2      8      5      0      4      0      4      1      6      0      2      2      3      0      0      1      2      5      8      1      3      4
8430   5      000001 000071 5.000e-01      0      0      2      1      1      0      0      2      2      1      0      1      1      1      1      1      0      0      0      2      1      1      0      0      0      1      2      2      0      1      0      0      1      0      0      1      1      1      0      1      0      1      2      1      0      1      3      0      0      0      1      1      1      0      1      0      0      0      2      2      1      0      1      2      0      1      1      1      0      1      0      0      0      1      1      0      1      0      1      1      1      0      0      0      2      0      0      0      1      1      2      0      2      1      0      1      0      0      1      1
125    0      000020 001230 5.000e-01     16      7      8     17      4      4     14     26     37     16     22     10     27     26      3     17      4     10     14     11      4      4      7      5      1     10      3      6      1      6     12      8     11     15      7     38      9      7      2      5      3      7     23      1      1     10      3     19      9     13     16      0      6     20     11      9      9     19      2     36     33     29      4      4     15      9     15     31     21     10     16     10     14      3     12      2      0     14     10     16     25     14      4      7      9     30     23     19      2     24      1     14      2      5     10     30     23      0      8     41
2369   125    000017 000996 5.000e-01     22     16      6     10      2     11      6      8     15      3      5      4      5      0     23     15      8      4      5     12      9     11      0     38     12      4      8     12      1     14     33     15      1      5      4      9      6     14      5      5      7     18     17      3     19     17     11     14     24      3      7      7     20      9      2      1      4      0      5      2      2      3      9      5     12     19     13      3     21     30     24      5      0      1     11      6     15     14      9      8     12      4     11      3      7      3      4     45     17      5      7      3     43     13      6      1      0      4     12     10
8326   125    000002 000111 5.000e-01      0      1      0      2      0      0      0      2      1      1      0      0      0      0      3      0      0      0      2      1      2      0      0      2      2      2      0      2      2      0      0      0      1      0      2      1      1      0      0      0      0      0      0      2      0      2      1      1      1      0      3      2      2      5      0      0      1      0      3      1      1      1      0      0      0      1      2      0      1      3      1      0      4      1      6      1      0      4      0      1      3      0      3      1      0      1      5      2      2      0      2      0      1      3      1      3      1      0      0      2
8431   125    000001 000059 5.000e-01      2      0      2      2      1      0      1      1      2      0      1      0      0      0      0      0      1      1      1      1      1      2      0      0      0      1      0      0      0      1      0      1      2      2      0      0      0      0      0      0      0      2      0      0      0      0      0      3      0      0      0      1      2      1      0      0      0      1      0      0      0      0      0      1      0      0      0      0      2      1      2      1      0      3      0      0      1      0      0      0      0      2      0      1      0      0      0      0      0      0      0      0      0      0      2      2      1      0      3      1
186    0      000004 000236 5.000e-01      4      4      5      2      2      2      4      2      0      2      2      5      1      3      0      5      1      3      2      0      3      1      1      2      1      1      2      5      4      3      4      4      1      2      1      4      0      0      0      0      0      0      2      2     13      0      2      2      3      3      0      1      8      0      0      4      3      5      5      5      2      8      1      0      5      2      9      0      1      4      0      2      2      1      2      2      0      0      4      6      0      4      3      6      0      0      1      0      4      4      0      3      3      2      2      1      5      0      0      1
7613   186    000004 000243 5.000e-01      2      3      4      1      1      0      4      2      1      3      2      4      1      1      2      6      1      2      1      0      1      1      0      0      3      2      1      2      0      0      0      1      1      0      1      0      6      1      0      0      4      0      6      3      1      7      6      1      4      1      3      1      3      4      2      2      1      2      1      3      2      3      5      3      3      1      4      6      6      3      0      4      0      0      1      4      3      1      6      4      2     12      2      1      3      2      4      4      0      8      3      1      3      4      2      0      4      8      3      2
27     0      000020 001206 5.000e-01      8     15     15      8      3      1      7      9     11      5      5     10      4     16     10      8      3     26      6     26     16      6      6     29      7      7      3      5      5      4      9     12      1      2     17     14     15      7     12      4      3     25     14      9     16     19     18     13     31      7     25      9     37     12     18      5     22     17     37     28      8     18     15      0     10      3      3      5     16     21      8     11     12      1     11      2     17     19      4      5     12      8      1     32      0      4      6     62     11     19      8      2     25      2      4     14      8      0     19     38
1891   27     000002 000099 5.000e-01      1      0      0      0      2      0      1      0      1      1      1      1      0      2      0      1      1      0      1      0      1      2      0      0      4      2      0      0      3      0      2      4      0      1      1      1      0      0      2      3      0      0      1      2      2      5      0      0      4      1      0      3      0      0      1      0      0      0      0      0      2      1      0      0      1      3      0      1      2      1      0      4      0      2      2      3      0      1      1      0      0      0      1      1      0      1      0      4      2      0      1      0      4      0      1      1      0      0      0      1
7825   27     000004 000265 5.000e-01      4      4      0      1      1      2      1      0      0      1      6      0      7      3      0      0      0      5      7      4      7      3      3      0      1      2      5      0      4      2      0      0      8      2      2      6      4      4      0      2      5      4      0      3      0      0      0      2      3      4      4      0      2      5      1      5      1      0      3      4      3      4      0      1      1     11      2      0      1     10      5      1      0      2      7      0     10      6      1      1      0      3      1      0      1      3      2      3      4      2      1      9      3      4      1      1      0     11      1      2
8409   27     000004 000240 5.000e-01      1      0      3      2      1      0      4      1      1      0      2      5      5     11      2      3      2      4      5      0      1      0      1      2      2      0      3      4      1      2      1      0      8      4      0      1      0      1      0      5      2      4      0      2      1      3      4      5      4      2      8      1      0      6      5      3      5      2      1      0      2      1      6      6      2      1      8      1      4      1      2      0      2      1      0      4      1      1      2      3      4      5      0      2      2      4      2      2      2      3      0      3      3      0      2      2      3      3      3      1
8337   27     000002 000151 5.000e-01      0      0      0      2      2      1      0      0      1      1      0      1      1      1      1      2      1      2      2      0      2     10      1      4      1      1      0      0      2      0      2      2      6      3      0      2      1      1      1      0      0      0      0      3      4      0      0      3      1      3      1      1      0      0      0      2      0      0      2      0      1      0      0      0      3      0      5      4      3      1      0      2      3      3      2      1      2      2      2      3      3      1      1      1      2      5      1      1      2      3      0      1      0      4      1      0      2      0      8      1
8385   27     000002 000102 5.000e-01      0      0      0      1      3      0      2      0      3      0      0      1      1      1      1      3      1      3      0      0      0      0      2      0      1      1      0      0      0      0      3      0      4      0      2      0      1      2      1      1      0      1      0      1      0      0      0      1      0      3      2      0      1      0      2      2      0      2      1      5      1      2      0      1      0      2      0      3      4      0      3      1      1      0      1      3      0      0      2      2      2      1      2      2      1      0      1      0      0      1      0      0      1      0      1      1      1      1      1      1
8423   27     000003 000177 5.000e-01      3      3      2      0      2      0      1      2      0      2      1      5      0      3      2      3      2      0      0      0      2      3      0      0      3      1      2      3      1      5      1      3      2      0      0      0      1      2      0      0      0      3      0      3      1      3      1      3      1      2      2      1      3      0      0      1      4      1      2      2      1      3      0      1      5      0      3      2      1      0      3      2      1      0      5     12      2      1      3      4      0      0      2      1      3      3      0      0      5      0      1      0      2      3      3      1      9      1      1      0
8427   27     000001 000080 5.000e-01      0      0      1      0      1      0      1      1      1      0      1      1      3      0      1      0      0      1      1      0      0      0      2      0      1      2      1      0      0      1      5      0      1      1      1      1      1      0      0      1      0      2      1      2      0      0      0      1      1      0      0      3      1      0      1      0      2      0      1      2      2      1      4      3      1      2      1      0      0      1      1      0      0      0      1      1      1      1      0      0      1      0      2      1      0      1      0      2      0      2      0      1      0      0      0      0      1      0      0      1
8428   27     000001 000065 5.000e-01      0      2      0      0      0      1      2      1      0      0      0      0      0      0      1      0      1      2      0      0      0      1      0      0      0      1      0      0      0      0      0      0      1      0      1      0      0      0      1      0      1      1      1      1      0      1      1      3      1      0      0      2      2      1      1      0      0      0      1      2      0      1      1      4      4      1      0      3      0      0      1      2      0      0      0      1      0      1      0      1      1      0      0      2      1      0      0      2      1      0      0      0      0      1      0      0      2      0      0      1
8429   27     000001 000085 5.000e-01      1      3      0      2      1      0      0      0      1      0      0      0      1      1      0      1      0      0      2      0      2      1      1      1      2      0      0      1      0      0      0      1      1      0      1      1      4      0      1      0      1      0      3      0      0      0      2      0      0      2      0      0      4      2      0      3      0      1      1      0      1      0      1      1      1      1      0      2      0      0      0      0      1      1      0      0      1      0      0      1      2      1      2      0      0      1      1      0      0      0      1      2      4      4      0      2      1      0      1      3
33     0      000016 000992 5.000e-01      9     10     16      7      2      0     13     10     18      5      9      7      1      8     11     17      4      0      9      8     12     23      1      6      4     10      8      0      0      3     20     27      4     10      1     30     14     18      9     17      5      7     26     21      6      9      0      0     24      2      9     22      2      5      5     12      0     19     19      7     13      5     10      0     18      0     11     15     13     16     11      5      7      9      6      5     13     23     22      9     28      8      8      8      7      4     10     11      5      7      5      5      3     10     13      6      8      0     35     19
3705   33     000016 000946 5.000e-01     20     15      4      2     14      2     30      3     22      5      1     16     14      5      6     15      2     11     10      6      0      9      5      7      9      4      0      8      1     23      0      5     25      8     14      0      4      8     11      6      2     25      3      3     13      2      9      2     13      3     13      4     22      4     18      5     18      3      8      7     10      2     19     14     10      9     20      3     57      7      2     11     24      4     17      3      5      2      1     11      0      2      7      3      4     22      7      9      5      9      7      4     27      1      1     26     28      7      7     12
227    0      000008 000519 5.000e-01      2      1      0     12      5      2      6      0      3      3      2      5     17      4      3      0      2      3      3     10     23      1     20      4     12      7      6      4     10      8      2      4      4      2     13     12      5      0     16      3      6     13      2      0      3      3      8      1      9      8      1      0      0      2      5     10      8      1      4      2      8      3      6     10      2      6      7      6      3     10      5      1      3      4      0      1      5      5     10      2      3      1      3      1      8     20      8      0     10      3     12      1      5      0      5      2      5      7      0      3
3220   227    000007 000433 5.000e-01     12      7      2      7     10      5     12      4      4      3      4     14      3      0      0      5      8     12      9      9      2      0      8      7      1      4      0     16      0      8      5      0      2      7      6      5     11      5      1      6      5      1      5      1      6      3     10      1      5      0      7     12      8      4      7      1     10      7      1      5      2      2      4      5      1      3      2      2      1      1      0      4      9      9      0      5      3      0      0      5      9      0      0      3      8      5      4      2      1      0      2      2      0      0      2      0      6      3      0      5
8426   227    000001 000092 5.000e-01      1      2      0      0      2      0      1      5      1      0      2      3      1      0      0      0      1      1      0      1      0      1      0      1      5      3      0      0      1      0      2      1      0      2      1      1      0      0      1      0      4      2      1      0      1      2      0      1      0      1      0      0      1      0      0      2      1      0      0      3      1      1      0      0      2      0      0      1      0      2      2      1      0      1      1      0      0      0      3      0      0      2      5      1      0      0      0      1      0      3      1      1      0      0      0      0      0      3      1      0
55     0      000015 001005 5.000e-01     26     10      1     10     11      8      3      2      6      1      5     23      4     10      5      8     15      2     14     15      0     26     41      0     13     22     15     31      4      1      6     10     19      8      5      4     18      6      7     16      9     19      5      1      9     28      2     10     13     10      9      2      5      8     20     14      6      5     16     12     13      1     17      8      9     10      5     10      1      1      8     11      2     14     10     19      2      1     26     10      1      7     12     19      8     16     29     11     10      0      6      5      8      3     17      1      7     13     11      9
84     55     000011 000724 5.000e-01     11      9      3      2     15      9      0     18      5      6      1     16      3      6      1      0      6      3      9     23     25     35     10      8     17      0     13      2     14      8      7      7      3      3      8      8      4      3      0      1      9     13      0      1     16      1     10     13      7     15      1      3      4      5      1      6      1     14      1      1     11      4      1      5     18     15      5      3      1      4      7     22      0     19     18      5     12     10      2     21      3      2      1     12      5      3     13      3      1      1     20      6      3      0      5      1      1      7      1      9
8422   55     000002 000130 5.000e-01      1      0      4      2      5      2      0      4      0      0      0      0      2      0      0      2      1      1      1      1      0      2      0      0      0      2      7      6      0      0      0      0      0      1      1      2      2      1      2      1      0      0      0      2      2      0      0      2      2      0      0      1      1      0      2      0      5      2      2      1      0      0      2      0      0      6      1      1      4      0      2      1      2      7      0      1      0      6      0      0      0      0      5      2      0      1      0      3      0      0      1      1      0      2      1      0      5      1      0      0
8410   55     000002 000137 5.000e-01      1      0      3      0      3      2      3      1      1      0      2      1      0      2      1      1      2      1      5      3      0      0      0      1      2      2      0      0      1      9      2      0      1      0      2      0      2      2      4      0      1      1      1      1      1      0      0      3      1      1      1      1      3      2      3      2      1      0      0      0      2      2      0      2      1      1      4      0      1      2      0      0      1      1      1      0      0      0      3      1      2      0      1      5      2      2      2      0      3      1      4      1      1      1      3      0      2      0      2      0
3546   0      000002 000127 5.000e-01      1      0      0      0      8      3      0      0      0      0      0      0      1      0      0      2      1      0      3      0      0      0      0      1      0      0      1      3      1      1      0      1      4      1      0      1      0      0     17      0      4      1      1      1      0      0      0      3      2      3      0      0      0      1      1      2      4      1      2      3      2      1      0      1      5      1      0      2      0      0      0      1      3      2      1      1      0      1      2      1      3      1      0      2      0      0      1      2      1      0      1      0      3      1      0      4      3      1      1      0
8194   3546   000002 000170 5.000e-01      2      0      1      2      0      6      1      1      0      1      1      5      1      8      1      1      1      1      0      0      4      1      3      1      1      1      2      1      0      3      0      0      1      2      4      2      2      1      1      2      0      1      0      4      1      1      1      2      0      4      4      2      0      5      4      1      1      0      1      1      0      0      0      2      1      0      1      0      2      3      0      3      0      1      0      7      0      0      2      3      1      0      6      0      4      0      6      1      0      1      4      4      4      3      0      5      1      2      3      2
8407   0      000002 000141 5.000e-01      1      0      0      4      4      1      0      0      2      0      0      3      1      1      0      1      1      0      0      1      0      0      2      1      3      0      4      0      0      1      3      0      5      4      0      0      2      3      0      4      3      0      3      1      1      0      0      0      2      1      5      2      3      2      1      3      2      0      2      1      6      1      0      2      2      4      1      1      2      0      5      2      1      3      0      0      3      2      2      8      1      2      0      0      3      0      0      0      0      0      0      0      0      2      0      1      1      1      0      1
8408   8407   000002 000136 5.000e-01      2      0      2      0      1      3      3      1      5      1      2      3      1      2      3      7      0      0      1      2      1      1      0      2      3      0      1      1      1      1      2      1      1      1      0      3      1      0      0      4      0      3      0      1      1      1      2      6      1      0      2      0      0      1      4      0      2      2      6      0      0      2      0      0      0      0      1      4      1      0      1      1      2      1      0      0      1      3      0      0      0      0      0      3      5      0      0      2      2      1      0      0      0      3      4      1      1      0      2      0
