SCORE -1.38053330393251e+05
ITER 8650
ETA        1.50000000000000e+00 1.50000000000000e+00 1.50000000000000e+00
GAMMA      5.00000000000000e-01 5.00000000000000e-01
GEM_MEAN 5.00000000000000e-01
GEM_SCALE 1.00000000000000e+02
SCALING_SHAPE 1.00000000000000e+00
SCALING_SCALE 5.00000000000000e-01
ID     PARENT NDOCS  NWORDS  SCALE     WD_CNT
0      -1     000100 012555 5.000e-01     20    134    255    150     50      0     75     44     27     16    151    152    321     49    105     40     31    181     25    116    136    360     31    335     51     92     19     85     23     59    194     85     40      4    194    133    233    186     28      0     25    119     17     47     95    140    458     89    273    112    169     66    172    142     93     44    125     63     73    235    184    119    297     39    233    222    136     86     23    287    198    282     16     61    129    332    202    167     54    193     40    217     96    198    106    226     32    206    351     46     17    122     57    206     52     41    208     29    146    112
55     0      000022 001418 5.000e-01     62      2     12     34     26      0     10     18      3      1      4     22     12      8      8      4     23     11     14     34     22     19     50      0     39     21     35     38     17      6      8     21     30      6      8      6      8      8     12      0     12     25      3      2     29     19     14     44      8      6      5      9     12     13     20     26      5      5      7      2     24      2     25     12      3     21     11     15      2     10     12     17      7     19     11     11     11      6     22     13     11     15      4     33     10     11     25      1     30      5     10      9      6      4      9      5      3     36      6      3
39476  55     000004 000242 5.000e-01      0      3      4      3      0      4      0      0      0      0      8      4      0      0      7      0      4      1      1      1      2      1      5      0      2      0      7      5      2      1      1      0      0      3     12      3      3      0      0      3      4      2      0      1      0      4      2      0      4     10      2      1      3      0      1      0      0      9      5      2      1      2      3      2      0      7      1      0      7      0      1      1      1      0     10      1      2      8      0      5      3      5      0      1      2      2      0      6      4      1      2      2      4      8      2      2      2      2      0      2
32686  55     000017 001114 5.000e-01      3      7      0      4     14     26     16      4     17      7      3      4     14      6     17     11     11     15     28     23     17     49     55      6     12     12      4     24     11     25     14      1     12     14     15     17     23      4     15     28     16      3     12      7      4     13      1      5      6     18      5      2      9      6      5      8      9      5      6      1      6      6      4      5     26      4      9      4      1      3      7      8     10     28     40      4      3      0     32      4     12      5     14      4      7     10     25      1      3      9     30      1     10      7     12      7      4      4      3     13
40097  55     000001 000073 5.000e-01      0      0      0      1      1      0      0      0      0      2      0      0      0      0      2      0      0      4      0      1      4      0      1      0      1      0      0      0      1      0      0      0      0      1      1      2      0      1      0      1      1      1      0      2      0      0      2      1      0      0      0      2      0      1      0      1      0      1      0      0      0      3      0      0      1      2      0      0      1      1      2      1      0      1      4      0      4      0      0      0      0      0      0      0      0      0      1      1      1      2      1      1      0      0      0      3      1      3      3      0
33     0      000032 001978 5.000e-01     37      6      0      2      3      2     63      5     67     10     17     26     10      8     51     47      5      7      5     13     20      3     20      6     17      7     13     10      5     10     18     13     70     16      1     12     30     15      5     15      8      7     49     44      5     10     20     51     23      0     49      4     15      8     18     39      9     15     43     17      6     10     35      5     20      1     35     40     88      1      8      3     17     12     21      8     16     18     40     10     46      5      0     29      4     10     17     29     24     49      7      3     31     38      3     70     22      7     18     48
3705   33     000026 001576 5.000e-01     19     10     13      5      5      1     19      3     18      8      7     14      5     26      9      6     24     32     14     34     12     55     32     17     14      9      9      6     13     45     42     33      2      9      4      4     18     22     18     18     10     14     21     17     25     30      5      3      3     17     22     43     28     16      5      3      8      8     14     24      0     33      4     24     26      1     11     15      3     27      8     23     48      5     47     33     18     16      2      5     12     13     12      5      5      8      4     13     32      2     11      4     22     24     15      1     17     14     22     21
39531  33     000005 000294 5.000e-01      5      2      5      2      4      6      3      1      1      1      0      1      0      4      4      8      2      1      3      3      2      0      2      1     10      1      0      1      2      3      4      3      4     10      4      2      1      0      0     14      7      0      1      0      5      2      2      0      3      0      2      2      3      4      5      1      1      2      8      1      5      5      2      0      0      1      1     12      5      1     10      2      4      2      1      7      0      0      2      8      1      3      1      0      7      5      1      0      5      4      1      2      2      0      5      9      0      2      9      0
40098  33     000001 000063 5.000e-01      0      1      0      0      0      1      1      0      1      0      1      3      0      0      0      1      1      0      0      0      0      0      1      2      0      1      0      0      0      0      1      1      0      0      2      0      0      0      0      0      0      0      1      1      4      0      1      3      0      2      2      0      0      1      0      0      0      0      0      3      0      1      1      1      0      0      2      1      0      2      0      0      0      0      1      0      1      0      3      0      0      0      1      1      0      0      0      1      0      1      2      1      0      1      4      0      0      2      0      0
125    0      000042 002495 5.000e-01     70     17     70     17      1      5     39     14     82      5     36     15     30     46     42     81     13      4     14     14     38      6      5     11     34     12     29      5     11     39     18     19     16     21     37     10     17     18     11     32      9     31     74     13     11     26     14      6     25      4     10     10     32     24      7     29      6     12     18     26     26     32      4      7     28      1     37     14     77      3     14     15     22      1     73      8     18     24     33     40     87      9     10     16      6     39     28     50     69     66     25     16     58     21     29     44      7     18     12     17
2369   125    000028 001765 5.000e-01     34     13      0     16      0     14     33     19     43     18      1      0     16      3     44      1      5     21     24     22     28      3     47     57      3      8      2     25      1     28     53     27     27     18     28     24      0      9      7      4      7      6     29     35      3     39      1     67     11      8     43     23      4     24     10      4      4      7      9     23     10      5     30     15     13      4     29     33     20     16     48     28     48      3     14     15     12     12      8     13     13     24     18     12     13      3     20     38     14      6      5      0     20      7      2     49     18      0      2     42
38445  125    000005 000305 5.000e-01      4      4      0      5      3      0      3      5      1      3      5      7      0      4      0      6      6      8      1      2      1      5      0      2      3      0      6      6      0      3      0      2      4      2      2      3      0      1      1      1      3      0      5      5      8      4      5     12      5      3      7      1      5      5      1      1      9      8      2      2      2      6      1      2      4      6      0      0      0      1      1      0      1      0      1     15      8      3      3      1      1      2      5      8      1      1      0      2      1      4      0      1      4     10      1      4      1      4      0      0
39931  125    000002 000143 5.000e-01      1      0      2      0      1      2      5      1     10      0      0      0      1      1      0      5      5      2      1      4      1      1      5      8      4      0      2      2      3      2      2      0      1      0      0      3      2      1      2      1      1      1      1      0      0      2      1      0      2      2      0      0      0      1      2      1      2      0      1      1      0      0      0      0      1      0      0      0      0      1      1      2      0      0      0      0      3      0      0      5      0      0      4      0      3      0      1      2      5      0      2      0      0      0      0      1      5      4      1      3
39949  125    000005 000288 5.000e-01     11      0      0      5      0      3      1      1      3      1      2      0      3      0      1      5      1      7     11      5     13      1      0      6      1      0      1      7      5      2      1      4      3      0      2      1      6      3      2      2      4      1      0      2      8      1      3      0      3      0      6      5      9      0      2      5      1      3      1      2      1      1      2      3      2      4      5      1      2      5      3      1      3      1      1      3      3      4      4      3      2      5      0      8      6      3      1      2      4     13      2      2      2      1      2      0      1      4      0      2
40094  125    000001 000053 5.000e-01      1      0      1      1      0      1      1      0      2      0      2      0      0      2      0      0      0      1      0      2      0      0      0      1      0      0      0      0      0      0      0      0      0      0      1      0      1      0      1      0      1      1      0      0      0      1      0      0      0      0      0      0      0      3      0      1      1      0      1      0      3      0      1      0      3      1      0      0      0      0      1      1      0      0      2      0      1      1      0      0      0      1      0      2      3      1      0      1      0      0      0      0      0      0      0      1      1      0      0      2
40099  125    000001 000067 5.000e-01      2      0      0      1      1      0      1      0      0      2      0      1      2      1      0      0      0      0      0      0      0      2      0      0      1      1      2      0      0      1      0      0      1      0      1      4      0      0      0      1      0      1      0      2      0      2      0      0      1      0      1      0      1      1      1      0      0      0      2      1      0      0      2      0      0      0      0      0      0      2      0      1      0      1      3      0      1      0      0      0      0      0      2      1      2      3      1      1      1      1      3      2      1      1      0      0      0      0      0      0
39243  0      000002 000146 5.000e-01      2      0      3      0      1      7      1      0      1      1      1      0      0      0      0      0      1      1      2      1      0      1      0      0      0      1      1      2      1      2      3      1      3      1      3      0      0      1      9      0      1      2      1      7      1      3      1      1      0      2      0      0      2      1      1      3      1      0      3      0      2      1      0      0      5      0      4      0      4      1      0      6      1      1      1      6      1      1      3      0      0      0      0      0      2      0      5      0      1      0      0      2      4      1      0      8      2      2      0      1
40038  39243  000002 000177 5.000e-01      3      0      0      2      6      2      0      1      0      0      3      4      0      6      1      6      2      0      1      2      1      2      7      0      0      1      3      1      3      2      0      1      2      2      2      0      2      0      9      3      2      0      1      1      2      1      1      6      1      2      3      0      0      2      2      0      1      0      2      0      1      1      3      3      0      1      2      1      0      0      2      0      5      1      0      5      1      0      2      1      4      3      4      0      1      0      2      2      2      3      5      1      2      3      1      3      0      2      3      0
40083  0      000002 000129 5.000e-01      1      1      0      0      1      1      6      0      6      0      2      0      0      3      0      0      2      2      0      0      2      0      1      0      2      1      0      0      2      3      1      1      1      1      4      3      0      0      0      1      0      1      0      3      0      1      2      0      0      1      1      4      0      1      2      0      1      5      0      1      2      1      2      1      1      2      0      1      1      6      1      2      2      1      3      5      0      1      1      1      0      1      3      0      0      2      2      1      0      0      5      2      0      0      4      2      0      2      0      0
40095  40083  000001 000033 5.000e-01      0      1      1      0      1      0      0      0      0      2      0      1      0      1      0      0      0      0      0      0      0      0      0      0      0      0      0      0      0      0      1      0      0      0      0      1      1      0      0      0      1      0      0      1      2      0      1      0      1      1      0      0      1      0      1      0      0      0      0      1      2      0      0      0      0      1      0      0      0      0      1      0      0      2      1      0      0      0      1      1      0      1      0      0      1      0      0      0      0      0      0      0      0      0      0      1      0      1      0      0
40096  40083  000001 000086 5.000e-01      1      2      0      0      0      0      1      0      0      0      1      1      0      0      2      1      0      1      0      1      1      0      1      0      2      1      1      2      1      1      0      0      0      2      2      4      1      0      1      0      0      1      3      0      1      0      1      0      1      0      3      3      2      0      1      1      2      0      0      1      0      0      1      0      0      2      0      4      2      1      0      3      2      0      0      1      2      1      0      0      5      0      0      2      1      0      0      0      0      0      1      1      1      1      0      0      2      1      0      1
