SCORE -6.72249305535941e+04
ITER 0
ETA        5.00000023748726e-04 5.00000023748726e-04 5.00000023748726e-04
GAMMA      5.00000023748726e-04 5.00000023748726e-04
GEM_MEAN 5.00000000000000e-04
GEM_SCALE 5.00000000000000e-04
SCALING_SHAPE 5.00000000000000e-04
SCALING_SCALE 5.00000000000000e-04
ID     PARENT NDOCS  NWORDS  SCALE     WD_CNT
0      -1     000100 025000 2.500e-07      0      0     87      0      0     63      1      7      0     29    302   5087     37      0    244      5      0     74     13     11    802      0    714      1      0      0      0      0      0     41      0      0      0      1     78     21      0     28      0      0      0     17      2      3      0      0      0     17     68      0      0      0      0      2      0      0      0     40      7     55      2      0      1      0      0     32      0      0      0      8      0    160      1      0      3      0    501     31      3     12    358      0      0      9      4      5      0      0      0      1     46      0      0      0      1     69      0     66      0     14      0      8      0      0      0      0      0      0      0      0      0      0    172    258    275      3     19     51      0     12      0      0     34     10      0      1     22     65      0      1    440      2      0      0      0      0     55      7      0      0      0      6      0      2      3    220     57    235     82      1    722      0     33     16      0      2     12      0      0      0     43      0      0     10      0     28      0      0    108    873     12     44     17      4      6      0      2      8     61      0      1   9540      4      0     24      0      4     61      0      0      0     67      3      0      0      0      0      0      6      7      0      0      5     13    216     29     11      0     65      0      0      0    588      0     15      0      0      4      0      0      0     12      0      0     18      1      1    209      0      0     74      2      0    174      0     57     10    216     57      0      0    152      0     42      0     26      0     52      0      8
1      0      000100 000000 2.500e-07      0      0      0      0      0      0      0      0      0      0      0      0      0      0      0      0      0      0      0      0      0      0      0      0      0      0      0      0      0      0      0      0      0      0      0      0      0      0      0      0      0      0      0      0      0      0      0      0      0      0      0      0      0      0      0      0      0      0      0      0      0      0      0      0      0      0      0      0      0      0      0      0      0      0      0      0      0      0      0      0      0      0      0      0      0      0      0      0      0      0      0      0      0      0      0      0      0      0      0      0      0      0      0      0      0      0      0      0      0      0      0      0      0      0      0      0      0      0      0      0      0      0      0      0      0      0      0      0      0      0      0      0      0      0      0      0      0      0      0      0      0      0      0      0      0      0      0      0      0      0      0      0      0      0      0      0      0      0      0      0      0      0      0      0      0      0      0      0      0      0      0      0      0      0      0      0      0      0      0      0      0      0      0      0      0      0      0      0      0      0      0      0      0      0      0      0      0      0      0      0      0      0      0      0      0      0      0      0      0      0      0      0      0      0      0      0      0      0      0      0      0      0      0      0      0      0      0      0      0      0      0      0      0      0      0      0      0      0      0      0      0      0      0      0      0      0      0      0      0      0
2      1      000100 000000 2.500e-07      0      0      0      0      0      0      0      0      0      0      0      0      0      0      0      0      0      0      0      0      0      0      0      0      0      0      0      0      0      0      0      0      0      0      0      0      0      0      0      0      0      0      0      0      0      0      0      0      0      0      0      0      0      0      0      0      0      0      0      0      0      0      0      0      0      0      0      0      0      0      0      0      0      0      0      0      0      0      0      0      0      0      0      0      0      0      0      0      0      0      0      0      0      0      0      0      0      0      0      0      0      0      0      0      0      0      0      0      0      0      0      0      0      0      0      0      0      0      0      0      0      0      0      0      0      0      0      0      0      0      0      0      0      0      0      0      0      0      0      0      0      0      0      0      0      0      0      0      0      0      0      0      0      0      0      0      0      0      0      0      0      0      0      0      0      0      0      0      0      0      0      0      0      0      0      0      0      0      0      0      0      0      0      0      0      0      0      0      0      0      0      0      0      0      0      0      0      0      0      0      0      0      0      0      0      0      0      0      0      0      0      0      0      0      0      0      0      0      0      0      0      0      0      0      0      0      0      0      0      0      0      0      0      0      0      0      0      0      0      0      0      0      0      0      0      0      0      0      0      0
