SCORE -7.47985821591515e+04
ITER 4000
ETA        5.00000023748726e-04 5.00000023748726e-04 5.00000023748726e-04
GAMMA      5.00000023748726e-04 5.00000023748726e-04
GEM_MEAN 5.00000000000000e-04
GEM_SCALE 5.00000000000000e-04
SCALING_SHAPE 5.00000000000000e-04
SCALING_SCALE 5.00000000000000e-04
ID     PARENT NDOCS  NWORDS  SCALE     WD_CNT
0      -1     000100 023559 2.500e-07      0      0     85      0      0     63      1      0      0     24    294   4715     37      0    237      5      0     74     13      8    764      0    673      1      0      0      0      0      0     21      0      0      0      0     71     21      0     15      0      0      0     17      0      0      0      0      0     17     68      0      0      0      0      2      0      0      0     40      4     42      2      0      0      0      0     32      0      0      0      8      0    155      0      0      3      0    501      0      3     12    358      0      0      0      4      5      0      0      0      1     41      0      0      0      0     69      0     66      0      5      0      8      0      0      0      0      0      0      0      0      0      0    172    258    249      2     19     51      0     12      0      0     15      0      0      1      0     65      0      0    440      2      0      0      0      0     32      3      0      0      0      0      0      2      0    220     57    230     82      0    659      0     33     16      0      2     12      0      0      0     35      0      0     10      0     28      0      0     38    832     12      3     16      4      6      0      0      6     61      0      1   9175      0      0     24      0      4     61      0      0      0     67      3      0      0      0      0      0      6      4      0      0      5     13    204     29      5      0     65      0      0      0    515      0     15      0      0      4      0      0      0     12      0      0     18      1      0    209      0      0     74      2      0    174      0     56     10    216     46      0      0    152      0     42      0     17      0     52      0      8
1049   0      000013 000234 2.500e-07      0      0      0      0      0      0      0      7      0      0      0     79      0      0      0      0      0      0      0      0      0      0      0      0      0      0      0      0      0      0      0      0      0      0      0      0      0      1      0      0      0      0      0      0      0      0      0      0      0      0      0      0      0      0      0      0      0      0      0     13      0      0      0      0      0      0      0      0      0      0      0      0      0      0      0      0      0     31      0      0      0      0      0      0      0      0      0      0      0      0      0      0      0      0      0      0      0      0      0      0      0      0      0      0      0      0      0      0      0      0      0      0      0      0      0      0      0      0      0      0      0      0      0     10      0      0     22      0      0      0      0      0      0      0      0      0      0      0      0      0      0      0      0      0      3      0      0      0      0      0      0      0      0      0      0      0      0      0      0      0      0      0      0      0      0      0      0      0      0     10      0      0      0      0      0      0      0      0      0      0      0     51      4      0      0      0      0      0      0      0      0      0      0      0      0      0      0      0      0      0      0      0      0      0      2      0      0      0      0      0      0      0      0      0      0      0      0      0      0      0      0      0      0      0      0      0      1      0      0      0      0      0      0      0      0      0      0      0      0      0      0      0      0      0      0      0      0      0      0      0
1050   1049   000013 000000 2.500e-07      0      0      0      0      0      0      0      0      0      0      0      0      0      0      0      0      0      0      0      0      0      0      0      0      0      0      0      0      0      0      0      0      0      0      0      0      0      0      0      0      0      0      0      0      0      0      0      0      0      0      0      0      0      0      0      0      0      0      0      0      0      0      0      0      0      0      0      0      0      0      0      0      0      0      0      0      0      0      0      0      0      0      0      0      0      0      0      0      0      0      0      0      0      0      0      0      0      0      0      0      0      0      0      0      0      0      0      0      0      0      0      0      0      0      0      0      0      0      0      0      0      0      0      0      0      0      0      0      0      0      0      0      0      0      0      0      0      0      0      0      0      0      0      0      0      0      0      0      0      0      0      0      0      0      0      0      0      0      0      0      0      0      0      0      0      0      0      0      0      0      0      0      0      0      0      0      0      0      0      0      0      0      0      0      0      0      0      0      0      0      0      0      0      0      0      0      0      0      0      0      0      0      0      0      0      0      0      0      0      0      0      0      0      0      0      0      0      0      0      0      0      0      0      0      0      0      0      0      0      0      0      0      0      0      0      0      0      0      0      0      0      0      0      0      0      0      0      0      0      0
277    0      000020 000500 2.500e-07      0      0      0      0      0      0      0      0      0      0      8    122      0      0      0      0      0      0      0      0      0      0      0      0      0      0      0      0      0      0      0      0      0      1      0      0      0      0      0      0      0      0      0      3      0      0      0      0      0      0      0      0      0      0      0      0      0      0      3      0      0      0      0      0      0      0      0      0      0      0      0      5      1      0      0      0      0      0      0      0      0      0      0      9      0      0      0      0      0      0      0      0      0      0      1      0      0      0      0      2      0      0      0      0      0      0      0      0      0      0      0      0      0      0      0      1      0      0      0      0      0      0      0      0      0      0      0      0      0      0      0      0      0      0      0      0      0      0      0      0      0      6      0      0      0      0      0      0      0      0     63      0      0      0      0      0      0      0      0      0      0      0      0      0      0      0      0      0     70     15      0     41      0      0      0      0      2      2      0      0      0    133      0      0      0      0      0      0      0      0      0      0      0      0      0      0      0      0      0      3      0      0      0      0      8      0      0      0      0      0      0      0      0      0      0      0      0      0      0      0      0      0      0      0      0      0      0      0      0      0      0      0      0      0      0      1      0      0      0      0      0      0      0      0      0      0      0      0      0      0
278    277    000020 000000 2.500e-07      0      0      0      0      0      0      0      0      0      0      0      0      0      0      0      0      0      0      0      0      0      0      0      0      0      0      0      0      0      0      0      0      0      0      0      0      0      0      0      0      0      0      0      0      0      0      0      0      0      0      0      0      0      0      0      0      0      0      0      0      0      0      0      0      0      0      0      0      0      0      0      0      0      0      0      0      0      0      0      0      0      0      0      0      0      0      0      0      0      0      0      0      0      0      0      0      0      0      0      0      0      0      0      0      0      0      0      0      0      0      0      0      0      0      0      0      0      0      0      0      0      0      0      0      0      0      0      0      0      0      0      0      0      0      0      0      0      0      0      0      0      0      0      0      0      0      0      0      0      0      0      0      0      0      0      0      0      0      0      0      0      0      0      0      0      0      0      0      0      0      0      0      0      0      0      0      0      0      0      0      0      0      0      0      0      0      0      0      0      0      0      0      0      0      0      0      0      0      0      0      0      0      0      0      0      0      0      0      0      0      0      0      0      0      0      0      0      0      0      0      0      0      0      0      0      0      0      0      0      0      0      0      0      0      0      0      0      0      0      0      0      0      0      0      0      0      0      0      0      0
1057   0      000006 000229 2.500e-07      0      0      0      0      0      0      0      0      0      2      0     53      0      0      0      0      0      0      0      0     38      0      0      0      0      0      0      0      0     20      0      0      0      0      0      0      0      0      0      0      0      0      0      0      0      0      0      0      0      0      0      0      0      0      0      0      0      0      0      0      0      0      1      0      0      0      0      0      0      0      0      0      0      0      0      0      0      0      0      0      0      0      0      0      0      0      0      0      0      0      0      0      0      0      0      0      0      0      0      7      0      0      0      0      0      0      0      0      0      0      0      0      0      0      0      0      0      0      0      0      0      0      0      0      0      0      0      0      0      0      0      0      0      0      0      0     20      0      0      0      0      0      0      0      0      0      0      5      0      0      0      0      0      0      0      0      0      0      0      0      0      0      0      0      0      0      0      0      0      2      0      0      0      0      0      0      0      0      0      0      0     66      0      0      0      0      0      0      0      0      0      0      0      0      0      0      0      0      0      0      0      0      0      0      0      0      6      0      0      0      0      0      0      0      0      0      0      0      0      0      0      0      0      0      0      0      0      0      0      0      0      0      0      0      0      0      0      0      0      0      0      0      0      0      0      9      0      0      0      0
1058   1057   000006 000000 2.500e-07      0      0      0      0      0      0      0      0      0      0      0      0      0      0      0      0      0      0      0      0      0      0      0      0      0      0      0      0      0      0      0      0      0      0      0      0      0      0      0      0      0      0      0      0      0      0      0      0      0      0      0      0      0      0      0      0      0      0      0      0      0      0      0      0      0      0      0      0      0      0      0      0      0      0      0      0      0      0      0      0      0      0      0      0      0      0      0      0      0      0      0      0      0      0      0      0      0      0      0      0      0      0      0      0      0      0      0      0      0      0      0      0      0      0      0      0      0      0      0      0      0      0      0      0      0      0      0      0      0      0      0      0      0      0      0      0      0      0      0      0      0      0      0      0      0      0      0      0      0      0      0      0      0      0      0      0      0      0      0      0      0      0      0      0      0      0      0      0      0      0      0      0      0      0      0      0      0      0      0      0      0      0      0      0      0      0      0      0      0      0      0      0      0      0      0      0      0      0      0      0      0      0      0      0      0      0      0      0      0      0      0      0      0      0      0      0      0      0      0      0      0      0      0      0      0      0      0      0      0      0      0      0      0      0      0      0      0      0      0      0      0      0      0      0      0      0      0      0      0      0
1053   0      000055 000242 2.500e-07      0      0      2      0      0      0      0      0      0      0      0     63      0      0      7      0      0      0      0      3      0      0     41      0      0      0      0      0      0      0      0      0      0      0      0      0      0      0      0      0      0      0      2      0      0      0      0      0      0      0      0      0      0      0      0      0      0      0      0      0      0      0      0      0      0      0      0      0      0      0      0      0      0      0      0      0      0      0      0      0      0      0      0      0      0      0      0      0      0      0      0      0      0      0      0      0      0      0      0      0      0      0      0      0      0      0      0      0      0      0      0      0      0      0      0      0      0      0      0      0      0      0      0      0      0      0      0      0      0      0      0      0      0      0      0      0      0      0      0      0      0      0      0      0      0      0      0      0      0      1      0      0      0      0      0      0      0      0      0      0      0      0      0      0      0      0      0      0      0      6      0      0      0      0      0      0      0      0      0      0      0     63      0      0      0      0      0      0      0      0      0      0      0      0      0      0      0      0      0      0      0      0      0      0      0      0      0      0      0      0      0      0     43      0      0      0      0      0      0      0      0      0      0      0      0      0      0      0      0      0      0      0      0      0      0      0      0      0     11      0      0      0      0      0      0      0      0      0      0      0
1054   1053   000055 000000 2.500e-07      0      0      0      0      0      0      0      0      0      0      0      0      0      0      0      0      0      0      0      0      0      0      0      0      0      0      0      0      0      0      0      0      0      0      0      0      0      0      0      0      0      0      0      0      0      0      0      0      0      0      0      0      0      0      0      0      0      0      0      0      0      0      0      0      0      0      0      0      0      0      0      0      0      0      0      0      0      0      0      0      0      0      0      0      0      0      0      0      0      0      0      0      0      0      0      0      0      0      0      0      0      0      0      0      0      0      0      0      0      0      0      0      0      0      0      0      0      0      0      0      0      0      0      0      0      0      0      0      0      0      0      0      0      0      0      0      0      0      0      0      0      0      0      0      0      0      0      0      0      0      0      0      0      0      0      0      0      0      0      0      0      0      0      0      0      0      0      0      0      0      0      0      0      0      0      0      0      0      0      0      0      0      0      0      0      0      0      0      0      0      0      0      0      0      0      0      0      0      0      0      0      0      0      0      0      0      0      0      0      0      0      0      0      0      0      0      0      0      0      0      0      0      0      0      0      0      0      0      0      0      0      0      0      0      0      0      0      0      0      0      0      0      0      0      0      0      0      0      0      0
1063   0      000006 000236 2.500e-07      0      0      0      0      0      0      0      0      0      3      0     55      0      0      0      0      0      0      0      0      0      0      0      0      0      0      0      0      0      0      0      0      0      0      7      0      0     12      0      0      0      0      0      0      0      0      0      0      0      0      0      0      0      0      0      0      0      0      0      0      0      0      0      0      0      0      0      0      0      0      0      0      0      0      0      0      0      0      0      0      0      0      0      0      0      0      0      0      0      0      5      0      0      0      0      0      0      0      0      0      0      0      0      0      0      0      0      0      0      0      0      0      0      0     26      0      0      0      0      0      0      0     19      0      0      0      0      0      0      1      0      0      0      0      0      0      3      4      0      0      0      0      0      0      0      0      0      0      0      0      0      0      0      0      0      0      0      0      0      0      8      0      0      0      0      0      0      0      0      8      0      0      1      0      0      0      0      0      0      0      0     52      0      0      0      0      0      0      0      0      0      0      0      0      0      0      0      0      0      0      0      0      0      0      2      0      0      0      0      0      0      0     30      0      0      0      0      0      0      0      0      0      0      0      0      0      0      0      0      0      0      0      0      0      0      0      0      0      0      0      0      0      0      0      0      0      0      0      0      0
1064   1063   000006 000000 2.500e-07      0      0      0      0      0      0      0      0      0      0      0      0      0      0      0      0      0      0      0      0      0      0      0      0      0      0      0      0      0      0      0      0      0      0      0      0      0      0      0      0      0      0      0      0      0      0      0      0      0      0      0      0      0      0      0      0      0      0      0      0      0      0      0      0      0      0      0      0      0      0      0      0      0      0      0      0      0      0      0      0      0      0      0      0      0      0      0      0      0      0      0      0      0      0      0      0      0      0      0      0      0      0      0      0      0      0      0      0      0      0      0      0      0      0      0      0      0      0      0      0      0      0      0      0      0      0      0      0      0      0      0      0      0      0      0      0      0      0      0      0      0      0      0      0      0      0      0      0      0      0      0      0      0      0      0      0      0      0      0      0      0      0      0      0      0      0      0      0      0      0      0      0      0      0      0      0      0      0      0      0      0      0      0      0      0      0      0      0      0      0      0      0      0      0      0      0      0      0      0      0      0      0      0      0      0      0      0      0      0      0      0      0      0      0      0      0      0      0      0      0      0      0      0      0      0      0      0      0      0      0      0      0      0      0      0      0      0      0      0      0      0      0      0      0      0      0      0      0      0      0
