SCORE -1.39060539897571e+05
ITER 8000
ETA        1.50000000000000e+00 1.50000000000000e+00 1.50000000000000e+00
GAMMA      5.00000000000000e-01 5.00000000000000e-01
GEM_MEAN 5.00000000000000e-01
GEM_SCALE 1.00000000000000e+02
SCALING_SHAPE 1.00000000000000e+00
SCALING_SCALE 5.00000000000000e-01
ID     PARENT NDOCS  NWORDS  SCALE     WD_CNT
0      -1     000100 012386 5.000e-01    112     69    253    117     28      6     82     23     69     16    120    141    304     51    102     50     52    199     60    150    187    320     63    295    113     81     35    131     20     79    205     86    113     28    200     56    201    109     18     42     24    117     17     77     99    161    443    141    250     79    190     57    124    168     64     60     78     44     90    126    178    123    298     25    212    178    128    144     24    281    175    262     12     43    248    344    196    150     84    185     90    196     84    195     20    190     19    199    455     20     25    100    115    183     40     73     96     31     92     78
55     0      000020 001320 5.000e-01     30     22     10     14     32     11     13     17      0      2      4     34      5      1     14      8     21      6     18     30      7     51     95      5     10      8     18     10      7      9      4      7      4      4      8     20     34      0     18      8     18     24      0      1      9     27     13      9      7     13      4      5      9      4     23     19      7      7      7     18      7      7      3     11     15     20      3      8      3      2     19     18      6     30      6     13      9     15     34      2      6      0     16     25     17     10     45      0      9      0     26      6      5      6      7      3     27     28      2      8
35612  55     000006 000381 5.000e-01      3      4      6      4      3      4      3      2      1      2     14      5      2      6      5      1      5      3      5      0      7      1      1      2      8      2      7     15      7      1      2      0      8      3     20      6      3      1      3      1      1      2      1      4      0      3      1      7      7     21      2      1      9      4      1      3      0     10      5      2      4      2      3      5      3      7      1      2      4      2      1      1      2      5      6      7      4      2      1      2      4      2      1      2      1      1      0     11      6      3      1      6      0      3      6      3      1      2      0      4
32686  55     000010 000584 5.000e-01      3      5      0     10      5      5      9      6      8      1      6      3      7      7      7      3      1      5      3      8      9      6      2      1     16     15      8      0      9     22      3      9      1      8      4      3      2     16      7      5      6      6     14      1     17      6      3     11      0      0      3      6      2      5      4      7      2      3      6      3     11      5      5      7     12      8     21      0      0      0      1      8      7      5      2      3      1      4     10     10      5      3      3      7     17     22      1      1      6     11      3      6      0      1      9      3      6      3      2      2
37514  55     000004 000264 5.000e-01      6      2      1      4      5      6      1      2      3      0      1      2      1      2      1      1      2      4      1      1      3     15      2      0      2      3      4     12      2      1      2      3      3      4      0      2      2      2      0      7      4      4      2      1      0      3      0      4      3      1      2      3      4      0      2      7      6      3      2      0      2      0      1      0      7      1      0      5      1      1      0      1      1      6     12      1      4      0      2      1      2      4      5      2      2      1      7      1      4      1      7      1      2      1      5      1      0      0      5      1
33     0      000037 002326 5.000e-01      9     21     39     30      4      3     36      2     72      7     13     44     22     43     12     42     27     22     10     21     12     31      4     12      9     22      3      5      2      8     23      3     27     22     28     44     19     34     30     19     21     15      4     35     22     12     23     26     33     14     30     40     65     19     25     23     17     23     34     24     23     32     22     17     35     17      5     15     37      0     32     26     61     15      4     19     39     16     24     36      2     19      6     33     13     15     25      1     12     65     19     13     39     56     13     62     63     16     19     19
3705   33     000035 002204 5.000e-01     29     20      3      1     13      3     60     13      8     11     33      0     15      5     54     22      3     27     12     21     14     55     38     38     14      7     21      4     18     48     55     53     22      3      4     11     31     35      4     14      5      8     71     17     11     28      4     22     12     12     48     18     14     19     12      9     26     18     23     84      3     26     28     16     20      8     52     17     71     22     17     27     16      7     31     28      4     25     17      7     49     32     12     12     32     14      7     50      1      8     13     16      4     14     22     10      6     20     66     71
37878  33     000002 000169 5.000e-01      2      0      0      0      4      3      2      1      4      1      0      1      1      2      6      3      0      0      1      2      1      1      0      6      5      0      4      1      1      0      0      0      2      3      0      2      2      1      0      6      3      3      2      0      0      1      5      3      0      0      6      0      0      0      0      3      3      1      4      0      2      1      1      2      1      0      1      1      2      2      0      1      2      2      0      3      1      4      2      6      0      3      0      2      5      2      0      2      1      2      0      0      0      5      3      2      0      2      2      2
125    0      000038 002372 5.000e-01     24     19     26     42      9      9     57     34     70     11     18      9     32     27     21     50      4     20     17     16     25     22     11     59      8      2      7     10     14     10     28     18      7      6     27     77     14     46     13      4      8     10     66     15     23     40     24      7     22     20     32     24     32      8      8     10     13     19      5     58     21     10     33     16     41     29     27     13     62     36     20     19     38     15     34      2     24     31      8     46     41     26     21     13     47     20     19     61      5     21     15      9     31     17     26     51      5     10      9     33
2369   125    000025 001534 5.000e-01     34     30     13     16      0      7      6      8     37     15     27      7     13      8     59     27      1      5      7     12     14      1     32     24      1     10     12     16      8     35     26     16     17     18     17      2     14     12      0      5      8     14     28     21      5      3      3     35      9      9      9     13     12     17     14     16     15      4      6      6     14     13     14     12      2      0     29     13     20      9     40     16     29      1      7     15     11      5     13      2     20     10     15     13      9     33     28     11     33     40      6      0     17     40      4     21     53      1     17     39
37704  125    000005 000301 5.000e-01      7      6      0      0      0      3      0      4      3      4      4      2      2      4      3      8      7      0      1      4      2      0      1      2      1      4      4      2      1      7      2      0      1      3      6      2      3      0      1      2      2      2      7      7      4      2      8     15      1      0      1      0      7      0      4      4      3      7      0      0      5      2      2      2      3      0      3      3      4      1      5      5      2      0      5      3      1      2      1      2      3      4      1      5      4      2      0      8      3     12      2      2      0      4      1      1      9      6      0      3
37901  125    000002 000115 5.000e-01      0      2      3      2      0      0      1      0      0      1      1      1      3      2      1      0      5      1      0      2      0      0      1      1      1      1      0      2      0      0      0      1      1      1      1      0      2      1      1      1      0      6      0      1      1      3      1      0      5      0      0      1      2      1      1      0      0      2      1      6      1      0      2      0      0      0      1      3      1      0      1      1      2      0      0      1      0      0      1      0      2      1      0      1      0      0      0      4      0      7      2      1      0      0      0      2      4      2      1      3
37693  125    000005 000331 5.000e-01      6      0      8      3      3      4      3      0      4      3      0      1      3      1      3      2      5      0      0      6      4      2      4      2      4      8      2      8      4      8      4      5      1      1      2      2      7      1      5      8      5      1      1      2      6      1      0      0     13      4      0      3      4      2     12      1     10      0      3      2      0      0      1      3      0      2      2      1      0      5      3      1      3      2      4      4      5      1      2      0      8      0      3      1      9     10      3      3      6     11      4      3      1      1      3      2     10      4      2      1
37903  125    000001 000048 5.000e-01      0      0      1      0      1      0      0      0      1      0      0      0      1      1      1      0      0      0      0      0      3      0      0      0      0      1      0      0      0      0      1      1      0      0      0      0      0      4      0      0      0      0      0      0      1      1      1      0      1      2      0      0      0      0      3      0      0      0      0      1      0      1      0      1      4      0      0      0      0      0      1      1      0      2      1      1      2      0      0      0      0      0      1      0      0      1      1      1      0      0      1      1      0      1      0      0      0      0      0      1
37301  0      000002 000166 5.000e-01      2      0      0      1      6      2      0      0      0      0      1      3      1      6      0      1      1      0      3      1      0      0      1      0      1      1      5      2      4      0      0      1      5      3      2      0      3      0      1      1      1      2      1      4      1      0      0      6      2      5      1      2      3      4      1      0      0      0      3      3      1      0      0      0      3      0      5      0      0      1      0      2      4      2      1      1      0      1      1      1      3      1      6      0      3      0      0      2      1      1      2      2      5      0      1     12      3      0      3      1
37831  37301  000002 000139 5.000e-01      2      0      0      1      2      7      0      1      1      0      0      0      0      1      2      3      2      0      0      0      3      2      4      1      0      2      0      0      0      4      1      1      0      0      0      2      1      0     17      0      3      0      1      0      0      4      2      1      1      4      1      1      0      0      3      1      3      0      0      0      1      0      1      1      5      1      1      0      0      1      0      3      1      1      1      6      1      0      2      0      0      0      0      3      1      0      8      1      0      2      3      0      2      0      0      2      1      4      0      1
37611  0      000003 000172 5.000e-01      3      2      2      3      0      2      0      1      1      2      0      2      0      1      0      0      0      2      0      0      7      0      2      4      0      1      1      0      4      0      0      3      2      3      2      1      5      5      2      0      2      2      1      4      0      1      2      0      1      1      0      1      5      1      0      1      0      0      2      6      2      1      0      0      3      5      0      0      6      4      1      3      0      2      0      0      2      4      7      3      2      2      0      5      0      2      2      0      0      4      0      5      3      0      0      2      3      6      0      0
37871  37611  000002 000108 5.000e-01      3      1      1      0      0      0      5      2      0      1      2      0      1      0      1      1      0      0      6      1      1      1      1      0      2      0      2      0      0      0      2      3      0      0      2      0      3      2      1      0      0      0      2      0      3      2      0      0      3      3      0      0      3      1      0      2      1      1      3      3      0      3      2      0      0      4      3      2      1      0      0      0      1      0      0      1      2      1      1      0      0      5      0      0      0      1      0      0      3      1      0      1      0      0      1      0      2      0      1      0
37902  37611  000001 000080 5.000e-01      1      0      0      0      3      0      0      0      0      0      0      0      1      0      1      0      0      5      0      3      1      0      1      0      1      0      1      1      0      0      3      2      2      0      0      2      0      0      0      1      1      0      0      0      1      0      2      1      0      0      1      0      3      0      0      1      1      1      1      1      0      2      1      1      0      1      1      0      0      1      2      1      0      1      1      2      1      1      0      0      0      1      0      1      0      0      0      1      2      3      0      0      0      1      0      1      5      2      4      0
