SCORE -1.39210693026921e+05
ITER 4000
ETA        1.50000000000000e+00 1.50000000000000e+00 1.50000000000000e+00
GAMMA      5.00000000000000e-01 5.00000000000000e-01
GEM_MEAN 5.00000000000000e-01
GEM_SCALE 1.00000000000000e+02
SCALING_SHAPE 1.00000000000000e+00
SCALING_SCALE 5.00000000000000e-01
ID     PARENT NDOCS  NWORDS  SCALE     WD_CNT
0      -1     000100 012515 5.000e-01    188     35    194     94     30      3    167     19    130     10     70    149    328     70    199    106     34    109     62    169    200    304    131    281     47     57     38     70     23    151    159     84    115     29    213    143    204    151     10     24     33    143     39     77    118    180    429    177    265     88    172     75    198    113     47     92     51     39     54    137    124     87    325     34    237    202    156    150     79    231    126    219     65     38    164    310    186    124     64    152    111    177     41    145     66    192     65    202    450     80     33     68    115    195     33     44    151     18      3    126
55     0      000020 001255 5.000e-01     13      4      2     27     39      9      3     16      0      6     22     29      7      7      3      1      4     20     12      4      3     40     64      1     32     25     30     37     20      2      7      2      6     10      7      8     11      1     18      9     18     13      7      3     21     13     11      2     10     22      5      7      1     11      7     10      2     11     12      8     10      9     11     18     23     20      2      1      2      5     26     13      0     29     16     16      8     27     23     13     13      9      5     46     17     11     21      6      6      5     10      6      9      5     12      6      5     22      5      9
84     55     000015 001004 5.000e-01      4     23     25     11      3     14      4     10      8      2      1      3      2      3      7      5     24     10      7     22     23     36     10     15     18      4      2     26      2      4     14     11     21      6     12      4     18     12      8     12      6      8      6      3      8     23      6     12      0      9      9     11      4      5     21      6     24      8      8      6     22      3      2      2     10      1     14      7      3      1      3     19     11     20     33      5      3      2     30      3      0      5     16      2      5     18     15      0     11      1     23     12      1      7      7      7     13     11     24      3
23367  55     000001 000074 5.000e-01      0      1      1      0      0      0      1      0      1      0      0      1      1      1      2      0      0      0      3      0      1      1      5      0      0      1      2      0      1      0      2      3      0      0      0      0      0      0      0      3      1      0      0      0      0      2      0      0      1      1      0      0      0      0      2      0      0      0      0      0      1      1      0      0      1      0      0      4      0      0      1      1      0      0      0      4      0      0      0      5      0      0      1      2      0      2      1      2      0      1      0      2      0      0      2      0      3      0      1      1
23312  55     000003 000209 5.000e-01      0      1      2      2      1      3      2      2      0      0      5      1      6      0      3      1      2      0      6     11      0      1      1      2      1      5      1      1      4     12      2      3      0      3      1      2      3      0      3      1      2      2      1      0      0      1      3      0      1      2      0      1      1      1      4      6      1      0      1      0      2      0      3      1      5      2      4      0      0      4      0      0      2      0      1      1      0      0      1      1      2      5      5      3      7      1      4      1      3      3      4      5      1      4      4      3      1      3      2      0
23369  55     000001 000089 5.000e-01      0      1      1      2      1      1      0      1      1      0      2      1      0      1      1      0      5      0      1      1      0      0      4      0      2      0      0      3      0      2      1      0      0      0      2      1      0      0      1      0      1      3      0      0      0      0      0      0      1      3      0      0      1      2      0      3      0      2      4      0      1      1      1      0      1      0      1      0      1      0      0      0      0      0      1      1      4      2      2      3      0      1      1      1      1      2      1      2      1      0      0      0      0      1      0      0      1      1      1      0
33     0      000028 001798 5.000e-01      5     21     12     15     10      4     31      9     26     14     54     30      9     22     14     25      7     28     12     10      3     28      4     27     18      4     19      2      2      4     38     31     26     11      9      6     25     21      7      9     11      3     23     21      5      3      7     25     10     10     44     18     19     13     26     20      7      8     46     19     34     15     22     10      2      2     23     21     10     27     46     17     12     14     30     11     43      4     32     29     22     36     12     38     17      2      5     15     10     29      6      6      5     47      1     54     24     11     51     13
3705   33     000024 001485 5.000e-01     19     19     35     14      0      4     29      8     23      1      1      2     10      1     16      6     15     22      8      9     19     37      6      9     14     13      4     17     13     14     20     20      8      6     12     23     28     18     16     19      1      8     37     28      5      7      7      5     13      5      3     17     17     28      2      2     17     28      2     44     15     22     19      4     31      4     21      6     61     19      2      3     18      9     26     22      8     23      9      1     15      3     11      9      7     34      2     19     16     11      6     19     23     12     24      8     32     12     45     20
23366  33     000001 000079 5.000e-01      2      1      1      0      0      0      1      0      0      0      1      0      3      1      1      3      0      0      1      1      0      1      0      1      0      1      1      0      2      0      1      0      1      0      1      0      2      0      0      0      0      0      1      2      1      0      0      1      0      0      1      0      1      1      1      0      0      0      1      0      0      2      0      2      0      3      0      0      1      0      1      3      1      1      4      3      0      1      0      1      2      1      3      0      0      2      1      1      0      3      0      4      0      0      0      0      1      0      0      1
23349  33     000002 000145 5.000e-01      1      0      5      2      5      5      1      0      0      0      0      2      0      1      1      0      1      0      1      0      0      4      0      0      5      1      1      3      3      0      0      0      4      5      0      1      0      3      0      7      0      3      0      0      0      2      8      2      0      1      3      1      0      2      1      5      5      1      2      0      1      0      1      0      3      1      0      2      1      0      0      3      1      1      0      1      2      3      4      5      0      2      1      0      0      0      0      0      4      3      0      0      0      2      4      0      2      0      0      0
23368  33     000001 000069 5.000e-01      0      2      2      2      0      0      0      0      1      0      0      4      1      0      1      2      0      1      0      0      3      0      0      5      0      0      1      1      0      0      1      1      0      1      3      0      0      0      0      0      0      1      1      0      2      2      1      1      0      1      0      1      0      0      1      1      0      0      0      2      1      0      0      1      0      0      0      0      1      1      1      1      3      0      0      1      1      0      1      1      1      0      0      1      0      1      0      1      0      0      1      0      1      0      0      0      2      0      2      0
125    0      000034 001945 5.000e-01      5     44     48     11      5     11      4     24     33     26     40      6      8     13     24     40      7     18      9     28     15      0      5     66      7     15     10     27      4      8     12     20      9      7      8     13      5     22      3      6     14      1     67     16     16     23     13      0     23     18     20      9     24      2     13      4     21     11     19     29     20     50      7     19     10      8     17      9     30     29     76     18     17      9     52     12     22      9     28     50     36     40     21     27     17     31     11     22      8     48     18     15      6      1     24     20     32     10     46     11
2369   125    000021 001298 5.000e-01     12     12     11     34      2      9      8     11     41      3     14      2     12     16      5      1      6     28      7      2      5     14     12     20     14     12      6      5      4      8     41      8      7     10     19      9     21      5     12      7      0      7     19      7      8     15     12     28     11      6     26     11      5     38      9      3      9      9      2     31     24      2      9      1      8      9     26     13     14     15     14     36     19      4     14     10      5     19      2      8     19      2     12     11     11     11     19     28      6      3      0     10     29     35      9     54      0      9      7     40
23009  125    000012 000699 5.000e-01     11      8     10      5      5      1     13      6      8      6      8      6      7      4      2     10     11     15      3      5     17      7      1      3     13      5      3      6     12     13     18      2      2      0      7     11      4     12      5      8      6     14      2      1      5      7     17     14      3      5      6      4      3      8     18      3      7     13      0     12      3      2      0      2      5     11      4      3      9      5      0      6      2      3      5     17     14     12      1      4      0      4     18      9     16      6      1     22      7      0      7      3      8      7      9     10      2     14      0      7
23370  125    000001 000091 5.000e-01      1      1      1      1      2      0      0      0      0      0      0      2      0      1      1      1      3      0      0      0      1      0      0      0      2      0      1      0      0      2      2      1      1      2      0      1      1      1      2      3      2      0      0      1      2      1      0      0      2      1      2      0      0      0      2      0      0      1      2      1      2      3      0      0      0      0      1      3      2      0      1      0      2      1      1      0      0      1      1      4      1      2      0      0      2      0      0      0      0      3      1      1      0      1      2      3      0      0      1      1
23242  0      000002 000187 5.000e-01      2      0      1      0      5      6      0      0      0      0      3      5      1      2      0      2      4      0      2      1      1      2      2      1      0      4      3      4      2      1      0      2      3      2      4      2      1      0      1      0      1      1      2      3      1      0      1      3      2      2      1      2      1      7      1      2      4      1      6      3      0      2      1      1      2      0      3      2      1      1      2      4      3      2      1      8      2      1      1      0      1      2      1      0      1      0      2      1      1      0      1      0      7      0      1      5      5      3      5      1
23262  23242  000002 000148 5.000e-01      1      1      3      1      2      3      1      1      0      1      1      1      0      3      0      3      0      1      1      0      0      0      5      1      0      0      0      1      1      2      0      0      1      1      1      0      2      0     17      2      1      2      0      5      0      3      2      3      2      6      1      0      0      0      3      0      1      0      0      5      0      0      1      1      2      1      2      0      1      3      0      2      0      1      0      1      1      0      3      2      0      1      7      1      0      0      3      1      0      2      4      4      0      2      0      8      0      1      0      1
27     0      000016 001058 5.000e-01      7      6      4     23      7      1      6      5      2      4     18      0      5     17     10      2     12     41      4      0      1      7     11     10     11     12      3     13      0      2     14     18      1     13     21      3     16      4     14      6      1      7      1     11      5      9     14      7     18      2     24     12     17     11     15     10     33      4     22     35     10      9     12     19     15      1      3      2      6      5     14     43      9      3      4      4      4     31      3     11      4     11     18     21      6      1      2     29     10      9      3      9      2      1      9     24     12      9     29     29
8445   27     000011 000579 5.000e-01      0     13      6      4      0      1      5      4      6      2      3     11      5      3      2     10      0      4      2     14      6     21      0      6      8      1      5      3      4      5     29      1      1      0      3      2      3     15      3      7     12      0      8      8      4      5      2      7      6      1     13      4      2      9      2      0      3      5     13      8      3     16      1      4     11      7      4      3      9      2      2      4     17      1      9     27      3      3      5     10      7      4      1      3      7      8      8      5     10     11      7      1      7     10      0      5      7      2      2      3
23020  27     000005 000273 5.000e-01      5     10      2      0      1      0      2      0      2      2      1      0      9      2      1      4      1      2      3      1      2      5      2      4      4      8      4      0      4      2      0      5     10      4      0      3      2      4      1      1      2      0      4      4      2      2      2      1      2      5      0      2      4      2      2      0      0      2      1      3      2      4      2      0      0      9      2      1      5     20      3      4      5      3      2      0      1      0      0      0      3      4      0      1      0      2      4      0      4      0      5      7     10      3      0      0      1     11      1      1
