SCORE -1.38975353366546e+05
ITER 2000
ETA        1.50000000000000e+00 1.50000000000000e+00 1.50000000000000e+00
GAMMA      5.00000000000000e-01 5.00000000000000e-01
GEM_MEAN 5.00000000000000e-01
GEM_SCALE 1.00000000000000e+02
SCALING_SHAPE 1.00000000000000e+00
SCALING_SCALE 5.00000000000000e-01
ID     PARENT NDOCS  NWORDS  SCALE     WD_CNT
0      -1     000100 012539 5.000e-01    146    101    265    123     17      7     57      6     66     17    105     97    319     39    124     28     27    127     66    150    170    332    101    321    105     83     29     76     16    103    196    117     75      7    195    110    247    181     18     21     15     88     95     63     73    196    435    155    299     70    154     49    143    168     29     58     64     18     89    180    172     86    300     23    244    156     92    126     78    218    173    299     84      6    271    352    225    148     77    170     85    203     17    197     87    217     40    170    398     54     29     68    103    213     12    113    142     60     77    123
1      0      000009 000532 5.000e-01      2      0      3      8      7      0      3      9     12      4      3      0      3     11      4     11     13      5      4     11      2      5      7      3      2      2      4     10      6      4     11     18      9      1      3     11      0      2      3      1      2      7      5      8      1      1      1      1      1      1      8      7      5      0      5      4      9      1      9     14     11      4      3      7      5      3      0      2      3      1      1      3      2      8      7      6      3      5      5     16     10      2     11      3     20     11      1     18      3      2     10      5      1     11      4      6      6      0      2      4
10732  1      000007 000381 5.000e-01      7      6      6      2      0      0     17      0      1      2      1      7      1      0      3      8      0     17      2      1      1      5      4      5      0      7      7      1      2     11      1      1      1      0      2      3      2      4      3      0      9      0     16      3      2      3      5      1      0      0      2      2     11      4      2      2      1      7      1      4      0      7      8      2     14      2      2      2      7      3      3      2      4      4      1      3      3      8      1      4      5      5      9      1      0      2      3      1      6      3      2      0     13      0      5      7      2      5     12      4
13926  1      000001 000074 5.000e-01      0      0      3      0      2      0      1      0      3      0      2      0      0      1      0      0      3      1      0      1      1      0      0      0      1      2      0      1      2      1      1      0      0      1      0      0      0      0      2      2      0      2      1      0      0      1      0      1      1      2      1      0      0      0      2      0      1      0      0      0      1      1      0      1      0      1      1      0      1      1      0      0      0      0      0      2      0      1      0      1      1      0      2      0      1      0      1      2      1      2      1      2      0      0      0      1      2      2      2      0
13927  1      000001 000089 5.000e-01      0      2      0      2      0      1      0      1      3      1      0      1      0      2      1      0      0      1      0      0      0      1      1      2      1      1      0      0      1      0      2      0      0      0      1      3      1      3      0      0      1      0      0      0      4      0      1      0      1      2      1      2      1      1      2      0      0      3      0      1      0      0      0      1      2      0      2      1      1      1      2      2      0      3      0      2      0      1      0      0      0      3      4      1      1      1      0      0      1      1      2      1      0      0      0      3      0      1      0      0
12148  0      000002 000135 5.000e-01      2      0      1      0      2      2      2      0      0      1      0      2      1      4      0      4      0      0      0      2      0      2      3      0      0      3      0      2      2      2      0      1      0      2      4      1      3      0      6      2      1      0      0      4      1      0      0      1      1      5      0      2      1      0      2      3      0      1      5      4      2      1      0      1      4      0      2      2      1      2      0      1      0      0      0      1      0      2      1      0      0      0      3      1      0      0      3      4      4      1      0      0      3      3      1      0      1      1      0      3
13800  12148  000002 000156 5.000e-01      1      1      1      0      4      7      0      1      0      0      4      3      0      2      2      1      3      2      2      0      1      0      4      1      0      0      3      2      2      1      1      1      3      1      0      1      0      1     11      1      2      2      0      2      1      5      1      5      3      4      0      0      2      1      1      0      3      0      1      1      1      0      0      1      0      0      0      0      2      0      0      1      3      3      0      3      0      0      1      1      1      1      5      0      1      0      3      0      0      1      5      3      4      1      0      8      1      2      2      0
125    0      000021 001247 5.000e-01     15      9     23     20      1      8     38     31      1     11     20      7     15     21      5     28      4      0     10     11     20      4     11     12      1      4      1     21      8     14     31      7      0     15     13     12     17      5      5      4      7     16     23      6      8     10      6     12     11     12     10     11     16      5     10      6      6     11      1     14     12     32     10     12     28     16     36      6      6     30     24     11      2      2      1     13      4      6     11      8     25      9      5     16      0      7     26     26      7     39      4      9     38      4     17     19     27      0      7      8
2369   125    000015 000963 5.000e-01     13      9      2      7      1      3     11      3     64      2      9      2     18      0     44     17      6     19      4      4      1      4     14     26     11      4      8      6      0     11     17      2     20      7     14     16      2     11      6      3      5      3      8     10      6      6     12     15      0     12     17      9     10     19      4      6      5      8      4     21     11      5      3      4      1      9     12     10     27     15      7      7      8     12      6      4      2     11      7     14     21      0     15      3     10      5      1     14      8      2      3      4      3     27      4     17      2      2     11     35
13672  125    000005 000284 5.000e-01      6      3      0      2      0      2      7      0      5      0      3      0      3      4      1      1      3      4      7      1      2      3      0      4      4      2      6      3      0      1      1      1      0      3      6      7      4      2      3      3      1      1      1      2      0      0      3      6      0      7      5      2      9      3      2      7      3      1      0      1      2      2      0      1      2      7      2      6      3      2      2      0      0      4      2      2     12      4      5      1      0      2      0      1      1      0      0     11      8      0      1      6      1      5      2      5      0      6     12      3
13930  125    000001 000072 5.000e-01      1      0      1      1      1      0      0      2      0      1      4      0      0      0      1      0      0      2      1      0      1      0      0      0      2      0      1      1      0      2      3      2      2      0      0      0      0      0      1      0      0      1      1      2      0      1      0      0      0      0      0      0      1      1      1      0      4      2      0      0      0      0      0      0      0      2      0      0      1      1      2      0      0      0      1      0      1      0      0      1      0      1      3      0      0      0      3      0      1      2      1      1      1      0      2      0      0      1      2      1
186    0      000007 000400 5.000e-01      4      9      8      1      0      3      0      3      6      0     15      5      0      2      6     11      6      3      0      0     11      1      1      5      1      1      1      6      2      1     10      6      3      0      9      3      0      1      1      1      5      6      3      2      2      2     10      0      5      4      4      5     17      0      3      5      6      9      3      8      2      7      2      2      0      4      8      2      2     10      0      5      1      0      5      9      4      1      2      2      3     10     10      4      3      1      1      4      2     13      4      1      3      3      2      0     13      6      0      4
12888  186    000006 000372 5.000e-01      6      3      2      2      4      0     14      6      2      8      2      9      2      6      1      9      1     13      2      1      1      2      1      8      1      4      2      3      5      1      0      1      1      2      4      1      3      4      0      0      1      2      6      5     15      7      1      8      0      9      1      0      6      3      2      3      5      1      0      3      4      7      2      2      2      2      9      0      5      2      4      3      2      0      3      5      1      1      4      7      4     16      5     15      2      1      3      0     10      4      0      2      2      3      8      2      3      5      2      5
13925  186    000001 000081 5.000e-01      0      0      1      1      0      0      1      0      0      0      2      1      0      0      3      0      1      0      1      2      2      0      1      1      0      1      2      1      2      0      0      0      1      0      2      0      1      1      0      0      2      1      0      0      0      4      1      2      2      1      0      0      1      0      3      1      1      3      0      1      0      1      1      0      0      0      0      1      0      0      0      1      0      0      1      2      2      1      1      2      0      1      1      1      0      1      1      8      0      0      1      0      0      0      3      0      0      0      0      0
27     0      000015 000898 5.000e-01      4      3      1      4      9      0     19      3     12      4      8      1      3     14      3     15      4      9      6     13     13      2     16     19      2      4      8      5      6     14     16      6     12     13      3      6     10      2     11     10      5     18      4     18      3      1      7      6      3      1     10     19     30     11      8      3     19     10     37     18      4     20     32     16      5      6     21      4     10      5      9      1      7      5      8      7      0      6      4      5      9      6     14      9      7      7      1     32     12      6      2     14      2      1      8      4     17      2      6     20
8445   27     000015 000964 5.000e-01      0      9      5     12      4      1      6      2     23      0      9     30     16     18     15     12      8     33      3      1      5     17      5      6     12     10      3      0      3      1     23      6     17      1      7      5      0     16      1      7     10      2      6     13     19     18      6     13     14      7     32     13      5      1     20     10      1      0      0     24      5     13      9      1     10     10      6     14      8     16     15     19     18     10     10      7      6     13      9      9      7      9      6      6      1      4     10     24     12     24      7      5     10     17      1     18      7      2     14      6
33     0      000025 001531 5.000e-01      7      1     21      4      3      1      8      8     63      1     36      2      6      6     44     15     18      7      3      5     14     15      6     12      5      5     20     14      3     28     41     12     41     21     16     20     30      9     12     32      4     29     12     22     17      5      5     19      6      0     10     21     18     10     15     14     29     24     13     12     22     20     20     12     14      3     33     23     33      1     11      8     33      3     11      9      4      3     12     12     11      9      5     16      4      3      4     18     38     36     12     19      4     18     20     32     38      8     30     19
3705   33     000024 001499 5.000e-01     23     21      9     22     13      8     66      9      8     13      0     42      4     19      8     46      3     18      4     18     17     44      1     11      6      0      2     10     10      9      0     13      2     12     12     16      2     15      7     12     10      8     28     25      8      8     14      8     13     16     47     11      5      6     29     17      3     16     14     21      3      5      8     11     17     14     20      9     40     38     39     10     12     21      3      3     16     27     20     23     37     14     20      1     27     30     17      7      0      8      6     10     23     17     16      5     12      2     26     20
13929  33     000001 000080 5.000e-01      3      1      2      0      1      4      0      0      0      0      0      1      0      3      0      1      1      1      0      8      0      0      2      1      0      0      1      1      0      0      0      0      0      0      0      0      0      1      1      0      0      0      2      0      2      1      0      1      1      0      2      1      2      1      0      0      0      2      0      1      3      1      1      0      0      1      0      1      3      1      0      1      0      1      0      0      1      1      1      2      1      0      0      1      0      2      0      4      0      1      0      0      0      0      2      1      1      0      0      0
227    0      000008 000460 5.000e-01      3      3      2     10      2      7      6     10      1      4      4      0      6      3      2      0      4     20      5      8     18      3      3      4      9      3      7      5      1      3      2      3      1      8      7      5      5      0      9      5     13      4      0      2      8      9      9      6      2      6      2      0      1      5      6     11      5      3      1      2      1      3      1      6      1      5      1      0      0     11      9      1      4      8      2      3      2      4     14      0      5      6      5     10      5      6      3      0      2      7      3      6      5      1      3      1      1      7      9      3
3220   227    000007 000498 5.000e-01      1      0      1      3     15      4     14      0      1      0      3     14      6      2      9      3      6      2      4      8      0      9     22      2     11     17      3     11      9     17      2      0      5      3      0      1      1      3     10      2      3      5      4      0      9      7      2      6      3      3      7      6      7      5     10      1      3      1      2      1      3      1      9      5      0     12     22      1      0      4      7      1      4      6      3      7      6      0      1      1      4      0      9      8      3      7     14      1      8      1     12      1      1      4      9      4      2      2      0      6
13928  227    000001 000055 5.000e-01      0      2      1      0      0      0      0      0      0      0      1      0      2      0      1      0      0      0      0      1      2      0      0      0      0      0      0      0      0      0      0      2      2      0      1      0      0      0      0      0      0      1      0      1      0      0      1      0      1      1      1      1      1      1      0      1      0      1      1      0      0      2      1      0      0      2      1      2      1      2      1      0      0      1      0      1      0      1      0      0      0      0      1      0      0      0      1      0      3      0      1      1      0      0      0      1      0      4      1      0
55     0      000013 000801 5.000e-01     23      7      2     11     11     10      6      5      4      2      6     23      6      7      6     10     16      7      7      7      8     32     44      2     14     11     23     25      0      3      2      3     13      8     15      0      7      7      2      0      4     15      2      2      2      0      5     18      0     14     12      8      1      4      8     10      6     12      6      9     16      5      1      5      2     25      3      0      2      1      8      6      1     14      3      7      4      5     20     12      5      6     13      2      0      5     10      4      9      0      8     10      3      5     19      1      9      9      9      1
84     55     000009 000609 5.000e-01      9     13      2      3     15      7      1     11      5      6      0      0      3      3      4      1      1      4     11     21      9     27      8      4      6      3      3     10     17      4      0      8      6      4      1      8     10      1      3     17      7      3      1      0     16     10      1      2      0      2      0      3      2      0     13      4      6      4      4      3      0      4      6      4     15      1      7     14      1      2      0     11      1     23     19      4      4     11     12     10      1      0      9     23      3      8     19      1      8      5     14      1      3      0      2      2      3      6      1      1
13845  55     000004 000280 5.000e-01      0      0      4     10      6      0      1      6      2      0      7      8      0      1      6      1      8      4      2      4      1      0      8      3      2      1      0      5      4      1      1      2      2      1      8      3      1      0      6      1      5      2      0      0      6      3      9      2      3      9      4      3      3      4      0      1      5      5      4      0      0      1      0      2      0      0      3      1      1      1      1      3      1      5      6      2      7      2      2      2      2      6      2      1      4      6      0      8      6      0      1      3      1      0      1      1      5      4      0      1
