SCORE -1.39316207123089e+05
ITER 5000
ETA        1.50000000000000e+00 1.50000000000000e+00 1.50000000000000e+00
GAMMA      5.00000000000000e-01 5.00000000000000e-01
GEM_MEAN 5.00000000000000e-01
GEM_SCALE 1.00000000000000e+02
SCALING_SHAPE 1.00000000000000e+00
SCALING_SCALE 5.00000000000000e-01
ID     PARENT NDOCS  NWORDS  SCALE     WD_CNT
0      -1     000100 012418 5.000e-01    119     48    277    159     14      4    115     37     85      4    129    126    242    107    148     30     26    186     39    120    181    263     63    318     86     71     16     66     24     80    225    100     64     24    207    126    227    141     30      9     49    117     98     77     92    195    454    112    262    114    192     55    172    153     93     74    121      9     84    289    104     83    301      1    193    151    184    109     66    206    229    260     55     32    189    309    145    139    101    179     92    196     30    156     56    204      8    211    384     74     54     56     63    166      9     96    179     10     85    105
55     0      000021 001364 5.000e-01     32     22     13     10     22      7     12     18      2      2     15     28     21      4      4      4     16      9     21     25     32     62     94     13     35     27      5     24      4      5      1      5     15      5     10      8      0      0     10     21      7      1      1      1     22     11      2      9      2     28      4      2      7     19     21      5      6     25      3      7     20      2      7     15     14     16      1      0      2      2      4      8     15     13     25      4     15      6     16     13      5      7     11     41     25     18     54      3     18      3     14     12      8     12     21      0     10     39      8     11
84     55     000017 001121 5.000e-01      4      7      6     14     25     20      1      3      9      9      3     13      9      2     16     10     16     11      9     16      4     25     11      2      3      7     34     41     14     18      8      5     14     10     16      5     29      9      6      6     12     19      0      2      6     27      7     26      6      3      5     16      2      7      4     16      3      2     15      2     17     11      8     12     32     35      8     17      2      5     11     18      0     38     30     22     11     15     24      8     10     10     18     10      3      4      2      6     22      1     14      5      4      3      9      5      2      0      8     11
26795  55     000004 000298 5.000e-01      0      2      1      1      1      3      4      3      0      1     15      1      9      1      4      3      2      3      5      6      2      0      1      1      8      2      4      2      7     14      3      4      4      4      5      3      2      2      9      3      5      5      1      2      3      2      3      4      6      1      0      1      2      1      3      8      3      3      0      1      4      0      6      1      3      2      0      3      0     10      3      1      2      1      3      1      2      0      4      2      4      1      5      1      3      7      0      1      3      5      2      0      2      5      6      2      0      4      0      0
33     0      000032 001878 5.000e-01     30     36      2      8     17      1     11      6     32      4     15     26     35      4     24     40      2     29     11     30     18     11     13      5     27      5      2     36      4     20     31      7     51     23      4     15     44      8     16     18      1      4      8     39      9      8     21     21     26      3     45      0      5     18     15     30      9     32     14      8     26     16     23     18     15     12     10     18     30     18      1     16     22      3     12     37     46     29     25     23      6     42      6     10     12     14     11     33     34     32      9     18     18     34     17     26     33     12     46     28
3705   33     000016 001020 5.000e-01     14      8     10      0      5      0     34      8     19     11     10      2      9      7      2     10     18      2      9      6     13     39     10      5      1      3     11      3      6     10      5     13      4      0     18     13      3     28      2      8      5     11     27      8      3      8      4     18      7      3      3     24     11      5      1      2     10     12     10      3     12     14     15      9     26      2     12      8     44     30      5     10     13      9     15     13     11      6      5      5     16      9     12     18      0      5     14      2      0      2      1      1     13     23      6     24     16      4     19     17
26023  33     000011 000682 5.000e-01      1      6      0      5      0      3     19      3     10      3      8     13      7      9      7     10      6     10      4      3      9     14      3      8      1      2     15      2      4      6      8     11      2      4     13      4      6      7      0      4      2      3     17      2      6      0      6     16      2      1      1     14     26      4      6      0      7      9     10      2     14      2      3      1      6      3      4      5      5      4      8      2     12      6     10      8     10      7      5      0     22      2     16     19      4      9      3      6     12      6      1     16     22      4      9      3      2     17      8      2
26880  33     000003 000193 5.000e-01      0      0      0      1      2      5      3      1      3      0      1      1      0      1      7      6      2      0      0      1      1      4      0      1      4      0      3      0      3      0      1      2      1      5      1     11      1      3      0      8      3      3      0      2      0      1      2      2      1      1      5      2      3      1      6      1      3      0      8      0      2      4      4      2      0      0      4      5      1      1      1      0      1      3      1      0      2      1      2      3      0      0      0      1      6      0      0      0      3      3      0      1      0      3      4      4      3      0      0      1
27136  33     000001 000054 5.000e-01      0      0      0      0      0      1      0      1      0      0      0      1      3      1      1      0      0      1      1      0      0      0      0      0      0      0      1      1      0      1      2      0      1      0      2      0      1      0      0      1      0      1      0      1      0      1      0      0      1      0      0      1      0      0      0      0      0      0      0      0      1      1      1      3      0      1      0      0      1      0      1      0      1      0      2      0      1      1      0      0      1      0      2      1      0      2      0      1      1      4      0      1      0      0      0      0      1      0      0      1
27396  33     000001 000072 5.000e-01      0      0      1      1      1      0      0      0      0      2      0      0      0      0      0      0      0      0      0      3      3      1      1      2      0      2      2      0      0      0      2      4      0      1      0      0      0      1      0      1      0      0      0      0      1      0      0      0      0      0      1      1      2      1      0      1      0      0      2      0      1      1      0      1      0      2      1      2      1      2      0      1      0      1      2      1      2      2      0      0      0      0      0      2      0      1      1      0      0      2      1      0      1      1      0      1      1      4      0      0
125    0      000032 002000 5.000e-01     30     30     10     14     10      2     38      7     41     18      5      2      4     11     40     72     18     13     20     32     10     26     38     44      4     26     20      5     11     50     11     16      7     15      2     29     13     15     10     14      5     18     56      9     15     17     17     10     10     14     32     10     37      8      9     13      1     14      2      5     19     46     29     18     16     24     18     35      9     38     23     14     17      0     33     24     22     33      8      8     32     20     38     39     26     22     23     28     22     22     15     13     30     26     44     11     27     15      6     22
2369   125    000029 001882 5.000e-01     33     24     31     21      2     16     12     21     49     14     21     16     62      4     26     10      7      7     13     12     11     12      3     26      8      8      6     27      4     10     36     15     28      5     33      8      9     33      6     14      8     19      5     25     17      7      1     51     21     10     25     24      4     16      6      6      3     24     19      8     32     15      0     11     34     13     28     13     58     35     20     39     23     16     16     14     23      4      7     32     30      6     10      5     17     31     25     33     17     40      5     28     39     29      2     48      8     10     24     40
27323  125    000003 000167 5.000e-01      3      1      2      1      1      2      7      2      9      1      9      0      0      1      0      1      1      2      2      2      2      1      1      3      5      1      1      4      0      1      0      5      1      1      1      4      0      0      0      3      1      3      0      1      2      0      2      0      4      0      1      2      1      1      3      1      3      0      0      2      0      2      0      4      1      2      1      0      4      0      1      1      2      2      4      0      2      1      1      5      5      0      0      2      1      1      2      1      3      2      0      1      0      0      0      1      0      1      0      6
26339  0      000002 000113 5.000e-01      1      1      1      0      3      1      1      1      0      0      4      5      1      2      1      1      1      1      1      1      0      0      5      1      0      1      2      0      0      2      0      1      1      2      3      0      0      0      9      1      2      1      0      3      0      0      0      0      0      0      0      1      0      1      0      0      4      0      0      3      3      0      0      1      0      0      0      1      0      2      0      0      1      0      0      6      0      0      3      1      0      3      4      0      0      0      5      1      0      2      1      0      1      2      1      3      0      2      0      0
27392  26339  000001 000092 5.000e-01      0      1      1      0      1      1      0      0      0      0      0      0      0      2      0      5      1      0      1      0      1      1      0      0      0      2      1      1      2      2      1      1      1      0      2      0      1      0      3      1      2      0      0      3      1      1      1      4      2      3      0      0      0      0      0      0      0      1      0      0      0      1      0      0      3      0      0      0      0      0      0      4      2      1      1      2      1      0      2      0      1      0      2      0      1      0      1      2      1      0      2      2      3      1      0      2      2      1      3      0
27393  26339  000001 000094 5.000e-01      1      0      1      0      4      6      0      0      1      0      0      0      1      3      0      0      2      0      1      0      0      1      1      1      0      0      2      0      1      1      0      0      2      1      0      1      3      0      5      1      0      1      0      0      1      0      1      0      5      1      1      2      0      0      0      0      0      0      0      0      0      0      1      2      0      0      1      0      2      4      0      3      3      1      0      0      1      2      1      1      1      0      0      1      3      0      2      2      1      0      0      1      0      1      0      5      0      1      1      1
27     0      000012 000685 5.000e-01      3      1      8      7      5      1      5      3      5      3      5     10      8      3      6     18     10     19      0     11     10     39      6      8      1      3      5      2      5      0      7     12      8      8      1      0      3      6      4      7      2      2      0      2     10     12      5      8      9      1      0     12     17      9      4      4      7      3     18      0      6     25     10      2     13      1      6      6      3      6      1      4      9      2      7      2      3      2      3     14      9      8      4      2     11      2      5     26      7      8      2      9      9     20      7     10      6      7      8      9
8445   27     000008 000470 5.000e-01      3      9      0      1      1      0     11      0     13      3      2      7      1      4      2      0      2      2      6     10      1      2     10      7      5      3      1      4      6     10     14      7     10      1      1      0      1     12      5      1      8      0      2      8     11      3      4      7      3      1     12      2      7      6      2      2      4      2      8      7      5      1      6     15      2     15      0      2      8      1      5     13      5      7      1      4      2     10      3      3      1      0      3      7      5      3      7      0     12      1      4      7      3      2      4      5      2      5      3     11
27329  27     000003 000179 5.000e-01      2      2      0      2      2      0      3      2      0      0      1      2      0      0      3      1      3      2      1      0      0      3      1      4      6      4      3      0      5      1      2      0      1      1      3      3      1      1      6      2      0      4      2      2      0      3      0      0      2      1      0      3      1      2      3      1      0      2      0      1      5      2      2      2      0      0      0      0      0      2      0      1      1      0      5      6      3      4      0      2      1      0      8      3      5      0      1      0      6      3      1      0      8      0      0      2      2      2      1      1
27397  27     000001 000082 5.000e-01      0      3      1      2      0      1      1      0      2      0      0      1      0      0      1      1      1      1      0      0      1      2      1      2      0      0      0      0      0      0      2      2      1      0      0      1      2      1      0      1      0      2      1      2      2      0      1      0      0      1      1      1      0      0      0      3      1      2      2      0      1      1      0      0      1      1      3      2      0      0      2      0      1      2      3      0      1      0      0      1      1      1      0      1      1      0      0      0      1      2      0      0      0      0      0      0      0      1      5      0
27394  0      000001 000070 5.000e-01      0      1      0      1      2      0      1      0      1      1      0      1      2      1      1      0      1      1      0      0      1      1      0      0      1      0      0      1      0      0      2      1      0      0      0      0      0      2      0      0      0      1      0      0      2      2      4      0      0      0      0      0      1      0      0      0      0      1      0      2      0      1      1      1      3      0      1      0      0      2      3      1      1      2      4      0      4      0      0      1      0      1      0      1      1      1      0      0      0      0      0      0      0      1      0      1      0      2      0      1
27395  27394  000001 000066 5.000e-01      0      1      1      0      0      1      0      0      1      1      1      0      0      1      0      0      1      0      0      0      0      1      1      1      1      1      0      0      1      1      0      1      0      0      1      1      0      0      0      0      0      1      0      1      0      0      0      0      1      2      2      2      0      1      1      0      0      2      0      3      3      0      0      0      4      1      1      1      0      0      0      0      1      0      0      1      0      0      0      2      0      3      5      0      0      0      1      1      0      0      3      1      0      0      2      2      0      0      0      0
