SCORE -1.39058631879757e+05
ITER 7000
ETA        1.50000000000000e+00 1.50000000000000e+00 1.50000000000000e+00
GAMMA      5.00000000000000e-01 5.00000000000000e-01
GEM_MEAN 5.00000000000000e-01
GEM_SCALE 1.00000000000000e+02
SCALING_SHAPE 1.00000000000000e+00
SCALING_SCALE 5.00000000000000e-01
ID     PARENT NDOCS  NWORDS  SCALE     WD_CNT
0      -1     000100 012369 5.000e-01    158    101    227     89     47      2     79      6     38      5    127    125    294     45     83     67     74    145     56    149    139    346    104    255     88     96      9    137     34    114    221     37    122     24    263     92    243    177     68     17     29    113      9     32    104    185    404    143    208     84    125     66    188    155     76     72     75     21     75    220    141     91    190     26    268    197     87     78     25    214    188    305     48     29    272    277    173    147     95    168     70    209     80    248     55    158     54    190    417     41     23     54     68    168     62     96    182     54     81    153
55     0      000019 001175 5.000e-01     24      6      8     11     13     20     10     16     10      5      2     29     12      4     25      3      8      9     21     16     25     48     68      7     30     21     20     17     17     13      0     21      4     14      2     19     11      3      1     11     19     17      2      1      5     10     14      8      5     18     16      3      2     14     13      7      2     11      1      2     14      8     11      9     15      0     11      9      6      6      5      7      2     23     20      7      9      8     22     10      8      5     12     31      6     17     37      4      5      4      7      9      5     12     12      0      8      2     12      3
34962  55     000005 000305 5.000e-01      4      5      2      5      9      1      3      0      2      3      0      0      2      0      1      3      6      0      3      7      3      2      2      2      0      2      9     19      3      1      1      0      8      0      2      4      4      2      2      4      1      3      0      2      0      5      0      1     11      0      2      6      6      3      0      1     11      3      2      2      1      0      1      3      2      4      3      6      0      2      2      4      3     14      4      5      2      1     11      3      0      2      5      1      2      0      8      1      5      1     10      0      0      1      2      2      1      4      3      1
32686  55     000009 000568 5.000e-01      1      5      0     13     13      2      6     10      2      1      6     18     18      8      2      3     10     11      6      8      7      5     12      0      8      0      1      0      3     14      3      3      4      5      0      2      2      7      9      7      3      4      6      5     11     10     10      6     12     10      3      5      3      1      3     10      5      4      7      1      4      1     14      4      2     16     15      1      0      4      9      4      1      2      1     14      2     10      3      4      0      7      4      0     15     17      0      4      3      2     18      9      4      3      4      0      0     12      1      0
35066  55     000003 000173 5.000e-01      0      3      6      3      3      2      0      5      1      1      1      1      1      5      2      1      2      2      2      1      1      0      0      1      3      2     11      3      0      0      0      1      7      0      4      0      1      1      0      1      0      1      1      0      2      0      3      8      2      1      0      0      3      1      0      1      0      4      5      1      6      1      0      1      1      7      2      0      1      1      1      1      1      3      1      3      3      0      2      3      0      4      3      0      0      0      0      2      0      0      0      5      2      0      0      0      0      6      0      2
35165  55     000001 000089 5.000e-01      1      0      0      0      1      0      2      0      3      0      0      1      1      2      2      0      0      1      1      0      0      3      0      0      1      0      2      0      0      2      2      3      0      0      1      0      1      1      0      3      1      0      4      0      3      0      2      2      1      1      0      0      0      0      2      0      0      0      0      0      3      0      1      0      0      2      1      3      0      0      0      3      0      2      1      3      1      0      2      3      1      0      1      0      1      1      0      4      1      1      0      1      0      0      0      1      1      0      1      0
35167  55     000001 000077 5.000e-01      0      1      1      1      0      1      1      0      0      0      0      0      1      0      0      0      0      0      0      0      2      2      2      0      0      1      0      0      0      1      2      0      0      1      1      0      0      1      3      1      2      0      3      0      1      1      1      2      1      0      1      3      2      2      0      1      1      0      1      1      1      0      0      0      0      1      1      0      0      1      1      0      3      2      1      1      2      1      1      0      0      0      1      0      0      4      0      0      0      0      2      1      0      1      2      1      0      3      0      0
33     0      000034 002193 5.000e-01     24      2     13     34      8      3     63     13     71     10     32     39     13     19     43     40      5      5      0     28     21     47     19     36     16     11     24      4     12     14     32     20     16     13      2     26     50      5      8     33     17      1     68     54      5      2     30     30     12      5     67     33     21     19      9     26     24     47     22     14     19     13     91     24      7      7     36     55     90     26     13     19     39     11     19      2      4      2     22     12     11     14     13      5     19     12      3     15     15     28     17     14     20     15     14     30      1     15     35      6
3705   33     000031 001928 5.000e-01      4     28     11      8      0      0     30     10      9     10     11      7     16     32     18      4     16     62     18     19     19     31      9     31     12      5      4      1      3     26     29     47     25      7      6     13      2     26      3      2      4     26      9     10     24     30      5     12     32     20     19     18     28     12     30     12     21      2     38     36     21     40      7      7     35      2     32      6      8     15     20     14     21     16      0     58     43     44     13     12     46     17     11      6      7     28     15     45     20     26      9     22     41     50     12     29     37     10     38     43
34216  33     000003 000206 5.000e-01      0      1      3      0      2      5      1      0      4      0      3      3      1      2      6      6      1      0      1      0      1      0      0      1      3      1      3      1      2      0      2      1     11      7      0      2      2      2      1      6      0      3      0      4      2      0      4      2      2      1      6      1      3      2      5      1      2      0      6      0      2      2      4      1      0      0      1      3      2      2      3      2      2      1      1      2      2      6      1      8      1      0      0      3      8      0      0      3      1      2      0      1      0      4      0      2      4      0      3      0
125    0      000039 002487 5.000e-01     23     36     52     48     10     21     30     26    116     25     24     19     19     29     34     57      5     39      8     26     26      9     24     80     20     17     11     17      4     22     38     28      2      7     13     32      6      7      3     21      1     34     76     48      0     14     24     12     55     21     28      8     23      4      9     19     19     16      5      1     15     50     48      6      6      8     10     21     33     22     30      6     29     16     22     27     44     16     23     41     76      7     21     12     45     28     23     23     56     45     13     38     35     40      4     10     28      5     11     43
2369   125    000034 002010 5.000e-01     25     11     17     21      0      3     38     22     15     12     22      2     30     11     59     26      0     10     15     15     29      7      7     24      3      1     24      6      9     10     25     27     10     22     12     23      9     25      1      6     22      2     28     18     30     32     17     56      3      4     57     22      4     22     10      2      8     25     13     47     38      5     38     26     17     27     66     35     53     48     39     28     31     10     13     29      1     21      2     27      7     22     10      0      7     40     14     50     13     38     18      2     30     18     20     63      9      5     22     12
34572  125    000004 000255 5.000e-01      0      0      3      2      2      0      4      2      5      2      5      0      3      1      1      0      3      0      3      3      5      4      3      6      5      1      2      1      6      5      0      3      0      2      4      6      3      2      2      4      4      1      0      1      5      1      2      0      5      4      2      4      4      5     10      2      4      1      2      1      0      2      1      6      0      0      0      1      1      3      0      1      2      3      0      9      4      0      0      5      8      3      2      0      7      6      1      1      3      3      1      2      1      2      3      0      5      6      0      2
35166  125    000001 000082 5.000e-01      0      1      1      2      0      0      1      1      0      0      0      2      0      0      0      0      2      0      0      1      0      0      0      0      1      1      2      0      0      2      0      0      0      0      1      2      3      0      1      0      1      1      1      2      0      0      1      0      0      0      0      0      1      0      2      0      0      1      3      2      1      0      3      1      5      3      0      1      0      1      1      0      1      2      1      0      3      1      0      0      0      1      1      2      2      3      0      0      3      0      1      1      1      1      0      2      1      0      0      0
35079  0      000002 000137 5.000e-01      1      0      1      0      4      2      0      0      0      1      2      3      0      1      0      2      1      0      0      2      1      0      1      1      0      1      2      3      1      3      1      0      0      1      2      2      0      1     13      2      1      1      0      3      1      0      0      4      3      5      1      1      1      0      0      0      2      0      2      1      0      0      0      3      0      0      1      1      0      1      0      0      1      0      0      7      2      0      3      1      3      1      3      0      4      0      1      2      0      1      1      1      4      0      0     10      1      2      2      0
35161  35079  000002 000142 5.000e-01      2      0      0      1      3      7      0      1      0      0      0      1      1      6      2      2      1      2      0      1      1      1      5      0      0      1      3      1      3      2      0      3      2      2      0      0      0      0      2      1      2      0      2      3      1      2      4      1      1      3      0      0      0      1      2      2      3      1      4      4      1      1      0      0      1      0      2      1      4      1      0      0      2      2      0      2      1      1      1      0      0      0      3      0      0      0      5      1      1      2      3      1      2      2      1      2      2      1      3      0
28113  0      000006 000397 5.000e-01      7      2     10      4      3      2      7      1      1      1      2      2      1      0      9      0      2     11      9      1     13      1      1      6      3      3      3      3      3      1      4     12      0      4      7      4      5      4      3      0      0      3      8      1      1      1     10      0     12      7      0      3      6      9      2      3      1      3      3      6      2      8      0      0      5      4     12      1      6     15      0      1      0      2      0      2      3      2      5      4      5     14      4      9      1      4      4      1      1      8      2      3      8      5      1      3      3      6      9      0
34695  28113  000004 000259 5.000e-01      1      1     10      1      0      3      0      2      2      1      4      2      1      1      4      3      0      1      0      1      6      0      5      0      3      1      3      4      1      2      1      4      5      1      3      4      2      1      0      5      5      5      0      4      2      5      1      1      3      1      2      1      0      1      4      5      5      3      5      1      5      5      4      1      2      2      0      4      4      5      4      0      0      1      4      3      2      2      1      2      0      2      0      0      1      4      0     10      2      6      3      4      2     10      2      0     11      4      4      0
35164  28113  000001 000082 5.000e-01      0      0      0      3      0      1      2      0      2      0      1      1      0      0      1      5      0      1      1      0      0      1      1      2      0      3      0      2      0      0      0      1      0      0      0      0      1      1      0      0      0      0      1      1      5      0      1      0      1      2      1      0      1      0      0      1      1      0      0      3      1      0      3      1      0      0      3      1      3      1      1      1      0      0      1      1      2      0      1      0      1      1      0      2      0      0      0      0      0      3      1      2      0      1      1      0      0      1      0      1
35168  28113  000001 000066 5.000e-01      1      0      1      2      0      0      1      1      1      0      2      0      0      2      1      0      0      0      0      0      1      1      0      0      0      0      1      0      0      0      0      1      0      0      0      1      1      3      1      0      0      1      0      1      1      0      2      0      1      1      0      1      2      2      0      2      1      1      1      0      0      1      1      0      0      1      0      0      0      0      1      0      1      0      2      2      4      0      2      0      0      0      0      1      0      2      0      1      1      1      0      2      1      0      1      0      0      1      0      1
