SCORE -1.39234155373989e+05
ITER 1000
ETA        1.50000000000000e+00 1.50000000000000e+00 1.50000000000000e+00
GAMMA      5.00000000000000e-01 5.00000000000000e-01
GEM_MEAN 5.00000000000000e-01
GEM_SCALE 1.00000000000000e+02
SCALING_SHAPE 1.00000000000000e+00
SCALING_SCALE 5.00000000000000e-01
ID     PARENT NDOCS  NWORDS  SCALE     WD_CNT
0      -1     000100 012267 5.000e-01    123     32    261    117     28      4    180     24     95     11     78    145    305     83    147     91     20    179     43    184    159    330    109    265     77     40     48     96     13     97    165     98    132     10    198     76    243     84     23     32     29    110     45     53    116    185    429     63    281    109    152     78    166    167     79     15     36     15     59    204    129     99    294     24    217    137    119     87     32    287    163    272     44     18    216    370    210     83    120    145    121    200     70    202     94    175     11    169    439     90      6     44     31    177     78     72    189     20     78     99
1      0      000043 002767 5.000e-01     28     75     13     34     11     10     11     19     47     28     72      2     41     24     17     27     37     41     29      3     40     20     17     30      9     21      3     11     18     32     47     35     10     29     23     56      6     81      3     25      8     33     58     29     28     40      7     78     21     17     35     18     21      5     10     54     36      6      9     29     21      4     34     28     39     29     70     27     52     19     23     11     53     30     11     11     12     16      7     11     36     32     21     14     13     23     53     83      4      4     13     33     72     39      5     58      9     22     45     53
824    1      000033 002043 5.000e-01     38      4     20     12      2      7     26     21     51      2      1     20     11     15     55     23      7     10      5     28      8     37     13     59      5     17     13     12      5     31     70     12     18     13     19      9      8     15     21      0     11      5     29     35      1      6     14     26      0      2     39     25     26     14      9      7     10     34     31     23     46     50     31     10     17     18      6     26     38     30     42     32     18      6     50      8     20     58     11     46     20      6      2      7     10     23      2     11     47     35     16     18     34     31     20     36     27      3     14     28
5304   1      000009 000549 5.000e-01      7      5      1      3      6      3      9      6      6      6      9     12      4      2      1     10      2      2      2      5      1     18      0     20      9      3      5      7      1     10      3      4      0      0      4      4     10      7      1      0      2      2      3      8      7      2     10     19      4      5      5      3      7      3      8      2      0     15      3      6      5      0      6      1     15      9      6      4     14      2     18      2     14      3      3     13      1      2      0     12     12      3      8      6      3     10      0      4      2      5      8      1      5      4      2      4      3     13      1      3
7442   1      000001 000081 5.000e-01      1      1      4      1      0      0      2      0      0      1      2      1      1      2      0      0      0      1      1      0      0      0      0      1      1      1      0      0      0      1      0      0      2      1      1      0      1      0      0      1      0      0      0      2      0      0      2      2      1      0      0      0      2      3      2      1      3      0      1      0      1      3      2      1      0      0      0      0      0      1      1      2      1      1      0      0      4      2      0      1      0      1      0      2      0      0      2      1      0      0      1      0      0      6      0      0      0      0      1      0
5      0      000002 000162 5.000e-01      1      1      3      1      6      6      1      0      1      0      1      2      0      4      0      2      3      1      2      0      3      0      1      1      0      0      3      1      1      1      0      2      0      3      2      3      0      0     16      1      3      1      1      3      0      4      3      2      5      5      0      0      2      1      1      1      4      0      4      0      0      0      0      0      1      2      1      1      0      0      0      0      1      1      0      3      1      2      0      4      2      3      3      0      1      0      5      2      1      1      2      1      5      3      0      2      0      0      0      1
7321   5      000002 000138 5.000e-01      0      1      0      0      0      3      0      1      0      1      2      2      2      1      0      2      1      0      1      0      0      0      0      0      1      4      0      4      3      0      2      0      3      0      2      0      3      1      0      0      1      1      0      3      1      2      0      5      1      3      0      0      0      4      1      2      2      1      1      2      1      0      0      1      0      0      5      1      3      3      1      3      2      1      1      2      1      0      2      2      0      1      3      1      3      0      3      1      2      0      3      1      2      2      0      9      0      4      4      0
87     0      000004 000236 5.000e-01      6      1      0      2      0      0      4      4     11      0      1      2      0      2      1      1      8      0      1      2      5      2      3      9      2      1      3      1      3      1      2      0      0      1      3      6      6      1      1      3      1      5      7      0      1      3      2      2      1      0      7      5      1      1      4      0      5      0      0      3      1      1      2      0      3      1      0      1      2      1      3      0      3      3      9      2      2      2      1      7      1      1      2      0      3      8      3      4      2      2      4      5      1      1      0      2      1      4      1      0
7439   87     000003 000183 5.000e-01      1      4      7      2      2      2      1      1      2      2      0      0      1      1      2      5      1      2      0      0      2      2      1      0      5      1      2      3      2      6      0      2      1      1      0      4      0      5      4      1      1      0      0      3      0      2      1      0      2      3      0      0      0      2      3      2      5      2      5      0      0      2      4      2      1      2      1      0      0      0      0      0      0      4      1      1      3      0      0      7      5      2      1      1      4      2      2      7      1      3      3      1      1      0      0      1      5      0      1      6
7447   87     000001 000071 5.000e-01      1      0      0      1      1      0      1      0      0      1      0      1      0      1      0      2      0      1      1      2      0      0      0      1      0      1      0      2      1      0      1      0      0      0      0      3      0      2      0      3      2      2      1      0      1      0      0      0      0      1      1      1      1      0      2      1      0      0      0      2      0      1      1      3      0      1      0      1      0      0      2      1      0      0      1      0      0      0      0      0      4      1      0      3      2      1      1      0      0      1      1      0      1      0      0      1      0      0      2      0
6730   0      000005 000283 5.000e-01      4      4      2      8      1      1      0      0      3      1      5      0      1      0      6      1      2      0      3      1      3      0      1      0      3      3      0      1      2      4      0      1      5      5      9      6      0     10      2      0      3      0      0      2      2      1      3      2      2      4     10      6      9      6      3      5      9      2      4      2      2      3      6      1      2      4      4      6      4      5      4      2      2      1      0      2      6      8      0      0      0      5      0      0      2      2      1      0      1      3      5      6      1      1      2      5      3      6      4      1
7170   6730   000005 000323 5.000e-01      5      7      3      0      0      0      4      1      0      0      2      2      9      1      3      0      0     19      4      1      7      5      1      5      3      2      0      4      4      1      3      5      4      2      0      6      6      2      4      1      2      2      5      7      5      2      4      4      1      0      0      2      3      0      6      3      1      3      4      2      6     12      3      0      0      8      0      0      3      2      0      6      4      1      0      1      8      5      1      0      7      2      0      8      0      4      5      8      3      0      1     11     10      2      0      1      4      8      3      4
40     0      000010 000618 5.000e-01      5      7     13     14      4      0      0      3     13      3     14      2      3      1     15      1      3      1      2      4      1     17      1     11      6      5      1      2      1      3      5      1      9      4      9      2      9     10      3     12      5      0     12      5      5      2      3      9      0      0     19      2      0      1      4      2     12      2     16     13      3      9      2      5     11      5      8      3     22      2     19      9      8      1     16      2      3     13      2     13      2      7     10      1      4      6      3     12      7     17      4      2      8      9      6     10     10      1      1     10
2271   40     000004 000232 5.000e-01      1      3      0      2      1      1      0      0      3      0      0      2      1      1      2      0      0      4      2      0      5      1      5      5      0      3      3      0      2      0      6      2      0      0      4      1      4      1      0      0      4      4      2      9      1      0      2     11      5      2      2      3      0      3      2      3      3      0      0      3      2      3      2      8      2      4      0      0      1      0      0     13      6      0      4      2      2      3      1      3      3      0      1      0      1      5      3      2      8      2      2      6      0      4      3      6      3      1      0      2
6442   40     000006 000406 5.000e-01      3      2      1      3      8      0      8      1      2      2      7      4      8      4      2     13      2      4      0      2      6      2      2      2      2      3      5      0      2      3      2      8      6      3      9      3      2      2      4      2      3      8      1      5      0      3      2      6     10      3      4      5      8      7      0      2      2     14      4      9      4      4      0      3      6      0      3     12     11      0      0      2      5      3      0      3      3      5      1      2      5      3      7      2      1      8      4     15      0      3      1      0      7      5      1      5      3      2     14     13
62     0      000013 000883 5.000e-01      3      1     19      4      5      3     14      2     23      0      7      6      0      4      3     29      5      7      5      7      2      4      1      5      8      2      5     15      1     10     29     14      1      1      4      6     14      3      6      0      3      2     24     12      4      8      6      0     16      3     15     11     17      3     11     12     11      7     22     27     12     10      5      3      7      1      8     18     34      1      7     11      3      3      7      5      6     18      7      4      4     13      6     31      0      8      6      4      4     25      9     10     14     12      1     14     12      8     32      8
2100   62     000007 000384 5.000e-01      4      5      2      3      0      4      3      2      6      7      7      0      2      1      1      3      1      2      4      1     10      1      5      5      7      4      2      0      9      3      1      1      3      5      6      5      0     11      2      6      2      8      0      0      9      0     10      2      1      0      8      3      3      0      6      4      5      5      0      5      2      5     10      3      3      4     12      1      5      1      6      4      4      4      2      1      0      0     10      9      4     11      3      3      8      4      0      5      0      3      2      5      1     10      1      3      8      6      2      4
6969   62     000005 000300 5.000e-01      3      8      2      3      0      0      4      1      3      1      1      8      1      8      5      0      3      3      2      3      2      3      4      1      3      9      1      0      1      0      4      0      0      2      3      1      7      2      0      2      0      4      7      1      3      0      4      9      1      5      7      0     12      4      0      2      1      3      2      1      5      2      0      0      1      2      6     10      1      1      3      1      3      1      5      4      3      3      5      6      2      1      6      1      2      0      2      9      1      4      4      2      5      4      1      5      6      3      1      9
7440   62     000001 000083 5.000e-01      3      2      0      0      0      0      1      0      0      1      0      0      0      0      0      0      1      1      0      0      1      1      0      2      1      0      2      0      1      1      1      1      2      2      0      2      0      6      1      0      0      1      1      1      0      2      0      0      1      0      1      2      0      1      1      0      0      3      1      2      0      1      5      0      1      2      0      0      3      0      1      1      1      1      2      1      1      0      2      1      1      0      1      0      1      0      1      0      0      0      0      0      2      0      0      1      2      0      0      1
127    0      000010 000612 5.000e-01      1      7      0      8     12      3      3      6      1      1      6      3      8      5     13      2     16     10     17      2     11      7     38      6      6     13     11     10      6      3      3      4      0      6     13      8      4      4      5      1      2      6      9      0      6      0     15     14      1     14      0      0      6      2      5      9     12      8      3      1     10      2      1     10      7     22      3      1      1      0      5      9      4     11      3      8      3      0      3      7      2      3      3     15      9     13      6      0      1      0      1     12      6      4      3      0      3     18      1      6
128    127    000006 000379 5.000e-01      4      2      4      6      4     10      1      2      2      0      6      3      7      0      0      1      1      2      1     10      5      1      5      2     12     16      0      7      2     14      5      2      3      4      0      1      4      1     16      4      8      4      1      3      3      8      6      4      6      0      2      5      0      3      5     12      1      0      0      2      0      3      2      2      0      2      9      2      0      0      7      1      2      2      2      2      0     10      7      1      2      6      8      0      4      9     11      0      1      7     13      2      2      3      1      2      1      3      5      2
7413   127    000002 000107 5.000e-01      0      0      0      4      0      1      0      5      0      0      5      1      0      0      2      0      5      0      0      1      0      1      0      0      5      1      2      3      1      1      0      0      0      0      3      0      1      1      0      0      2      0      0      0      0      1      1      1      1      1      0      0      0      1      0      4      0      2      4      0      0      0      1      2      0      1      2      0      2      0      3      1      1      1      4      1      2      2      3      1      0      1      2      2      0      2      0      1      1      0      0      2      1      0      3      1      0      1      0      2
7415   127    000002 000153 5.000e-01      7      0      0      2      2      0      1      1      1      1      0      4      2      2      2      0      0      0      0      3      3      9      1      1      3      0      4      0      1      2      0      5      0      1      1      2      3      0      0      5      4      1      4      0      3      1      2      3      2      0      1      0      4      0      0      0      1      1      1      0      1      0      0      0      1      0      6      4      0      1      0      0      0      5      1      2      0      2      4      2      1      2      0      2      2      2      4      3      0      0      1      1      1      3      1      1      0      0      3      0
78     0      000010 000589 5.000e-01     11     21      4      7      9      0      0      7      0      7      2      6      3      0      0      5      3      0      2     11     14     28     25      4      8     15     13      5     16      1      2      5      1      7      2      8      7      6      5      4      5      3      0      1      7     15      0      4      5      3     12      3      1      2      7      5      8      4      0      1      5      5      2      3     14      8      1     10      0      4      3      7      2     18     18      1      4      9     16      3      1      0      9     12      8     12     19      6      5      1      5      1      2      6      0      3      0      2      3      1
328    78     000010 000695 5.000e-01     12      4      5      9     14     14      1      4      6      0      6     22      1      2      3      0     13      4     13      7      9     18     25     13      9      1      2     32      2      3      6      6      8      5      5      9      6      9      2     13      8      9      0      2      0      3      3     18      1      7      2      2      2     13      3     14      8      9     14      4     13      4      0      7     15     13      6      6      5      2      3      0      2     17      4      4      7     15      5      9      0      1      5      6      3      2     12      2     12      1     21      6      5      0      7      4      0     11      5     10
7433   0      000001 000101 5.000e-01      0      0      0      1      0      1      1      0      1      0      0      1      1      1      2      2      0      1      0      0      0      0      0      0      6      0      2      1      0      1      0      0      2      3      1      4      0      1      0      4      0      2      0      1      0      2      2      2      0      0      6      0      0      1      4      2      5      1      3      1      3      0      3      1      1      0      1      1      0      0      0      0      3      0      0      0      1      0      1      4      1      2      0      0      1      2      0      0      1      0      0      0      0      1      1      2      0      0      0      2
7441   7433   000001 000056 5.000e-01      1      0      1      0      1      1      1      0      3      0      1      2      0      1      3      0      0      0      0      0      0      0      0      0      0      0      0      0      0      0      0      1      1      1      0      1      0      2      0      2      1      0      2      3      0      0      1      1      0      1      0      1      1      0      0      1      0      0      3      0      0      1      0      0      0      2      0      2      0      0      0      0      0      3      0      0      0      2      1      0      0      0      0      0      0      0      0      0      1      0      0      0      0      2      0      2      1      0      1      0
7443   0      000001 000076 5.000e-01      1      1      0      1      0      0      0      2      1      1      2      0      0      0      0      1      0      1      2      0      1      0      0      1      1      1      0      1      0      2      1      1      1      1      1      2      0      1      0      0      0      1      4      1      0      1      0      0      0      0      1      0      2      0      1      0      1      1      0      0      0      2      0      1      1      1      1      1      0      1      1      0      0      0      2      2      2      0      0      1      0      1      0      0      0      0      2      2      1      1      1      1      5      0      0      0      0      1      3      1
7444   7443   000001 000086 5.000e-01      2      1      0      0      1      0      1      3      0      0      0      0      0      2      3      0      0      1      0      0      0      0      1      1      2      0      2      0      0      1      3      1      1      0      0      1      2      0      1      1      0      0      2      1      0      0      0      0      0      0      0      0      0      2      0      0      2      1      0      0      1      0      1      0      0      1      5      1      2      0      3      4      1      0      0      2      0      1      0      1      0      1      2      0      1      2      3      3      0      2      0      1      1      0      4      1      2      0      0      1
7445   0      000001 000068 5.000e-01      0      3      0      0      0      0      0      0      0      0      1      0      2      0      3      0      1      1      1      1      2      1      2      0      1      1      2      0      1      0      0      0      3      0      0      1      0      0      0      1      1      2      0      0      0      3      2      1      1      0      0      0      2      2      0      2      0      3      0      0      0      1      0      0      1      1      0      1      0      3      0      2      0      0      1      1      0      0      0      1      0      0      1      1      0      0      0      1      1      1      1      0      0      3      0      0      0      0      0      0
7446   7445   000001 000069 5.000e-01      0      1      1      0      0      1      0      0      1      0      6      2      0      0      2      1      1      1      1      0      0      0      2      2      1      0      0      1      2      0      0      1      0      0      1      2      0      1      1      0      1      0      0      0      0      2      1      0      0      0      1      0      2      2      0      0      2      1      1      1      2      1      0      0      0      1      0      0      1      2      0      0      0      0      0      0      2      1      0      0      1      0      0      0      0      1      1      2      1      1      1      0      1      1      1      0      2      0      0      0
