SCORE -1.39322209530939e+05
ITER 9000
ETA        1.50000000000000e+00 1.50000000000000e+00 1.50000000000000e+00
GAMMA      5.00000000000000e-01 5.00000000000000e-01
GEM_MEAN 5.00000000000000e-01
GEM_SCALE 1.00000000000000e+02
SCALING_SHAPE 1.00000000000000e+00
SCALING_SCALE 5.00000000000000e-01
ID     PARENT NDOCS  NWORDS  SCALE     WD_CNT
0      -1     000100 012403 5.000e-01    159     10    265    143      7     11     50     27     46     32    139    183    226     99    186     58     16    132     51    154    214    291    103    263     76     63     44    109      0     54    128     87     78     36    188    133    261    163     54     43      5    105    122     71    119    202    399    137    262     70    178     55    177    115     64     68     88     27     59    157    160    133    179     20    194    181    162    121     33    200    166    278     16     31    238    324    150    168    104    182     86    229     91    168     82    222     64    171    413     58     44     66     55    186     47     88    183     51     82    115
1      0      000055 003441 5.000e-01     10     83     46     36     11      6     74     16    126      1     37      2     40     34     16     38     20     38     23     34     11     81     20    102     32     32      9     29     24     85     72     26      7      3     12     34      9     61     18     17     14     40      1     18     15     34     35     12     40     47     30     13     28     28     39     40     34     48     28     80     22     36     54      6     66     24     49      0     10     72     13     56     21     13     30     54     86     31      9      7     71     14     37     17     37     28      2     72     56     51     17     24     77     63     19     62     40     19     31     46
824    1      000047 003020 5.000e-01     56     32      3      9     22      7     52     22      8     23     17     24     73      6     60     53     25     61      6     20     20     24     28     53      1     22     21      2     13     19     89     46     67     24     47     21     22     20      4     17     26      6     72     67     11      5     16     81     32      7     45     50     27     41      5     10      7      6     41     29     42     19     78     49      3     25     15     58    109     40     84     18     76     21     32     20      8     16      6     52     30     17      8     36     14     21     34     44     20     43     11     36     31     20     26     47      1      8     37     42
42386  1      000002 000118 5.000e-01      0      2      0      0      0      5      0      2      5      0      1      2      3      0      0      2      3      1      1      2      0      0      0      0      3      0      2      0      0      3      0      1      0      4      2      2      2      0      0      0      1      0      2      0      1      2      7      0      3      0      0      0      0      0      1      0      0      0      0      2      0      0      1      0      4      2      0      1      1      2      1      4      2      1      2      1      1      0      2      0      1      2      0      2      1      1      2      5      1      0      2      0      1      1      2      1      1      1      1      1
42349  1      000004 000274 5.000e-01      1      0      8      2      3      0      3      2      3      1      1      3      4      1      1      2      7      2      0      6      3      0      3      0      2      3      5      8      4      0      3      2      4      1      0     10      3      1      1      2      4      4      4      1      5      4      3      0      3      0      6      4      7      1      6      0      4      0      1      2      2      7      3      8      7      1      1      1      0      4      0      1      2      4      6      0      2      0      0     11      3      0      2      3      5      6      7      2      3      0      2      3      2      0      1      0      2      2      5      2
42400  1      000002 000096 5.000e-01      0      1      0      0      2      0      0      2      1      2      0      0      2      1      0      0      1      0      0      0      0      0      1      1      1      0      0      0      0      0      5      1      0      0      1      1      0      1      0      1      2      0      0      1      2      0      3      3      0      2      1      1      0      0      1      0      0      2      0      2      1      1      0      1      8      1      1      3      0      0      2      0      2      3      1      5      1      1      0      5      0      0      2      1      0      1      0      0      1      1      0      0      0      1      2      2      1      3      0      0
62     0      000022 001419 5.000e-01     11      6      1     18      8      1     47      0     20      2      4      1     15      0     14     28     12      7      6     16     14     13      7      2     29      4     11      7      4     12     14     24     20     13     20      3      9     16      2      9     11      7      3      2     13      4     28     23      2      8     37     12     13     34     12     12     15     15     37     34      4      4     36      3     12      6     25      9     64     13     15     11     36      6      9     12     22     11     18      8      4     13      7     34      3      2      5     34     13     31      7      7     14     29      3     29     32      7     25     24
41455  62     000006 000371 5.000e-01      2      4      9      1      5      8      4      4      7      3      3      3      7      2      0      6      3      1      0      1      1      9      0      5      5      2      5      7      4      3      5      0      9      5      6      3      4      2      0      9      3     11      0      6      0      4      5      1      1      1      1      4      4      3     11      2      6      4      5      0      0      2      2      0     10      5      3      7      3      3      1      1      4      3      1      2      1      3      0     11      1      8      0      3     11      4      0      1     10      1      3      2      2     10      9      0      2      1     11      1
33882  62     000016 000919 5.000e-01      4     25     10      6      4      2     19     13     45      9     17      5      2      7      4     16      4     31     21      3      4      9      8      7      4      0      0      3     13     10     12      1      1      5      7      7     16      0      1      5      6      9     11     11      8      4     13      0     12      8     20     12     22      0      7      1      5     13      2     15     13     13     23      4     13      0      5     10      1      7     15     13      1      3      8      5     12     13     20     14     14      7      4      9      5     15      6     10      5      8      3     13     16     10      5      7     14     13      7     16
78     0      000020 001362 5.000e-01     15     20     10     25     30      3     20      2     14      1      5     14     12      9      3     10     31     20     11     27     17     47     64      7     29     28      4     24     22     32     14     11     23     10     10     12     13      2      6      6     22      9      2      1     16     28     15      3      8     21     10     10     14      2     11     24     11      5     12      1     23      4     22      1     13     13     12      7      5      8     17      6      8     41     23     24      8     14     30      6     10      4     10     14      9      7     28      6     12      3      9     14     12      0     12      0      0     19      3     17
328    78     000011 000671 5.000e-01     12     16      5      3      8     15      7     14      3      0      5      3     19      0      2      1      1      4     13     11      7     25     22      3     14      7     15      6      6      5     10      8      0      4      4      1      1      2      7     11      6     16      0      2      9      3      5      6      2      0      2      2      2     10      6      5      7      8      2      6      4      5      7     15     25      8      5      8      3      6      0      5      4      6     10      0      2      2     11      5      6      2      4     25     11      2     10      3      9     12     18      5      1      4     11      3      3      2      9      1
41342  78     000009 000549 5.000e-01      3      3      7      3      8      5      1     10      4      3     13     11      9      3      5      3     10      0      8      3      7      7      3      7      0      1     15     23      6      1      4      1      4      2     18      5      5      1     11      1      6      6      0      4      2      2      4     14      0     14      0      9      0     14      8      3      5     14      4      9      1      0      8      8      8     12      1      1      2      9      4      0      8      5      3      1     12      1      3      0      8     11      2      5      2     15      1      7      4      2      5      1      5      8      3      2     11      9      9      0
40457  0      000003 000178 5.000e-01      0      1      1      0      3      4      1      2      0      0      0      3      0      0      1      5      2      1      1      1      2      1      2      0      0      3      2      0      4      7      4      2      1      0      4      0      1      0      3      1      4      2      0      0      2      3      1      8      1      0      0      2      1      5      0      2      3      1      2      6      2      2      1      3      2      3      3      0      3      1      0      1      1      2      0      5      0      0      4      1      1      1      2      3      0      0      3      0      0      2      4      1      7      1      1      8      1      1      2      0
42184  40457  000003 000179 5.000e-01      3      0      1      2      7      8      0      0      0      0      2      1      2      6      1      0      1      1      3      0      0      1      2      2      0      3      1      1      1      1      1      2      2      3      4      0      0      0     14      2      2      1      1      6      0      3      1      0      4     10      0      1      3      0      6      0      0      0      2      0      1      2      3      1      1      0      1      1      2      3      0      2      6      0      0      1      2      2      3      1      2      1      5      0      0      0      3      2      0      0      4      0      1      0      0      2      3      1      3      2
