SCORE -1.39303872276001e+05
ITER 2000
ETA        1.50000000000000e+00 1.50000000000000e+00 1.50000000000000e+00
GAMMA      5.00000000000000e-01 5.00000000000000e-01
GEM_MEAN 5.00000000000000e-01
GEM_SCALE 1.00000000000000e+02
SCALING_SHAPE 1.00000000000000e+00
SCALING_SCALE 5.00000000000000e-01
ID     PARENT NDOCS  NWORDS  SCALE     WD_CNT
0      -1     000100 012518 5.000e-01    142     68    257     80     34      3    124      8     53     10    163    126    220     95    111     13     13    176     47    151    220    417     90    302     85     56     37     44     30     75    194    118     81     33    212     72    263    170     14     12     45    137     66     18     86    136    433    167    255     81    165     52    225    141     39     26    123     23    102    179     87    109    313     29    260    150    169     78     36    204    202    265     85     28    193    295    178     91     76    199    117    198     78    161     77    172     68    228    436     51     58     30    115    190     46     44    182     53    134    115
1      0      000043 002624 5.000e-01     22     33     27     40      0     14      4     30     73     15     25     29     54     16     16     59     14     35     22     28      3     20     16     51     18     22     10     32      3     16     17     29     29     17     20      8     14     34     12     15     14     12     32     52     53     33     17     56     10      9     18     54     13     29     22     39      4     20     14     25     53     28     17      9     17     31      6     59     35     86     48     11     13     10     13     16     29     20     17     25     32     37      6     27     26     22     11     47     33     25      7     57     62     34     35     64     17      9     29     33
824    1      000040 002561 5.000e-01     41     38     24     32      7      7     68     20     47     17     25      6     48      1     75     27     27     35      2     10     31      9     19     46      6     15      5     27     11     56     77     15     28     12     19     61     15     20     17     20      5      4     53     38      0     32     16     21     31     28     60      0      5     11     11     22     15     23      3     63     45     28     22     25     28     17     47      5     73      9     19     43     42     19     56     39     21     53     20     13     35     23     20     21     11     36     22     16     14     46      6      2      1     40      0     47     11     10     18     51
12273  1      000002 000106 5.000e-01      2      0      4      1      0      0      1      2      0      1      2      2      0      6      1      2      2      1      1      0      2      0      0      0      0      5      2      1      2      2      0      1      4      1      1      0      0      1      2      2      1      0      0      0      0      0      1      0      3      1      2      0      2      3      1      0      0      1      1      0      0      2      0      2      2      2      0      1      1      0      0      1      2      1      0      1      3      0      0      1      0      0      0      2      0      1      1      2      0      0      1      4      1      1      0      0      1      1      0      2
12285  1      000001 000093 5.000e-01      1      0      5      2      0      1      2      0      0      0      1      1      0      2      2      0      0      1      5      2      3      0      0      2      0      0      1      1      0      0      2      1      0      0      0      1      2      2      2      0      0      0      1      1      0      0      1      0      2      1      1      0      0      1      1      0      1      0      0      1      2      1      0      0      0      4      1      0      1      0      0      0      0      1      2      3      1      4      0      0      0      0      0      0      0      2      0      0      2      2      0      0      4      2      1      1      2      2      2      0
10807  0      000004 000208 5.000e-01      3      4      3      3      8      2      3      2      4      3      1      0      0      2      3      2      2      0      1      1      2      1      4      0      1      3      0      6      2      3      4      0      2      0      3      3      0      2      2      1      3      1      1      2      4      4      1      0      3      6      1      4      0      1      4      2      0      1      3      2      1      1      1      0      0      0      0      2      1      3      0      1      1      6      3     12      3      1      3      2      0      0      7      0      4      0      0      0      2      3      5      3      4      3      1      3      1      0      1      1
12167  10807  000004 000281 5.000e-01      0      0      0      1      1      8      2      0      0      0      3     10      2      8      0      9      3      0      2      4      1      0      2      3      0      0      6      2      3      1      3      1      4      2      4      3      2      3     17      1      0      2      1      8      3      3      4      9      2      4      2      0      0      6      2      1      2      3      3      4      3      0      1      4      8      1      7      2      4      1      1      6      6      2      1      6      2      0      3      1      3      3      2      0      2      1      7      1      0      2      2      3      3      0      1     14      3      2      1      2
78     0      000014 000904 5.000e-01     23      6      8      6      8     10      1     19      4      5      3     13      5      2      1      8     24      6     15     27      2     27     50      6      3     11     15     28      4      7      0      7      9      4     16     11      4      6      4     12      3     17      0      4     11     29     10      2      6     10      0      8      4     11     14     14      1      5      9      1     27     11      4     13      1     19      2     10      4      1      8     11      0     10     22     13     19     21      8     11      3      6      3      4      5      4     16      6     14      1      6      3      4      2      9      5      4     10      0      5
328    78     000013 000800 5.000e-01      2     15      7     20     22      8      2      3      7      4      6     11     10      4     19      7      8      6      3      5      9      4     13      4     23     10     14     32     14      4      8      1     13      7      2     13      7      3      7      4     11      2      0      4      6      4      1      3     14     11      9      6      2     10      8     16     13     16      5      9      1      3      8      0     10     10      4      7      1     18      3      8      2     29     20     13      7      4     17      2      4      4     10     24      3      9      8      1      1      0      5     12      3      3     11      2      7      6      4      5
12283  78     000001 000090 5.000e-01      1      5      0      1      0      2      0      1      1      0      1      2      1      1      0      1      0      0      0      0      1      2      3      0      0      0      2      0      1      1      0      1      0      0      1      0      0      0      1      1      0      0      0      2      3      1      1      0      0      0      0      2      0      0      0      0      0      0      0      1      2      0      0      0      4      0      1      2      0      3      2      0      1      2      2      3      1      1      4      0      0      2      0      0      2      4      1      1      1      2      1      2      1      0      0      0      0      2      0      2
127    0      000007 000438 5.000e-01      7      1      1      7     10      3      4      3      0      2      0     14     15      1      5      4      5      3      2     10      0      5     22      3      4      2      7      3      0     14      3      4      3      2      6      8      2      3     16      5      6      7      6      2      9     14      4     12     10     11      2      5      0      4      5     12      1      1      2      1      2      0      1      5      0      0      0      1      0      5      4      0      1      8      5      8      0      2      4      0      4      1      7      6      2      2      3      2      1      3      9      6      1      1      2      1      3     11      2      2
128    127    000007 000443 5.000e-01      3      6      1      6      6      5      7      6      4      0      2      5      9      1      6      1      6      0     15      8      1      0     12      4     16     13      3      4      9      8      1      6      2      6      5      4      5      0      2      4      6      6      1      0      5      1      8      1      1      2      6      2      4      2     10      2      1      5      0      0      5      2      1      5      3      9      9      8      1      2      4      5      1      3      1      1      1      3      9      1      2      6      2     10     12     19     13      1      4      5      2      5      1      6      8      6      1      0      1      0
40     0      000019 001104 5.000e-01      8     12      0     13      6      2     27      8     34      1      6     15     29      7     19     36      2      7      1      5      0      7     11     11     19     14      9     15      7     17      7     11     13      8      8     13     17      5      1      8      7      5     24     24      2      7      7      3      8      9     33     15      5      9     17      1      0     20      5     18     20     11     18     16      4      1      6     18      4      6     11      2     10      5     15     16      8     20     17      9     15      7     17      4      7     27      3     24      5     16      5     13      3     12     11     16     16      9      8     11
8212   40     000008 000498 5.000e-01      2      4      6     13      3      3      6      1      5      3      0      4      4      2     17      6      2      4      6      2      8      0      2      4      1      3      4      2      1      2      1      1      4      6      9      2      2      1      2     15      3      9      1      9      4      6      6      6      4      1      7      1      5      2      9      6      5      4     16      7      4      6     10      3      0     14      3      0     20      1      4     17      7      3      2      1      6     11      2     12      4      7      1      3      2      1      1      8     14     16      2      5      3      3      3     14      2      0      1      8
11559  40     000005 000352 5.000e-01      5      0      4      4      0      1      0      2     12      3      1      5      0      2      1     10     10      0      3      5      2      0      2      6      2      1      8      8      1      7      3      1      3      1      2     14      5      1      3      8      1      6      2      4      4      6      0      0      3      4      2      4      6      0      8      2      7      1      1      0      0      5      4      0      0     11      0      2      4      2      3      0      4      2      3      1      9      3      3      8     10      1      2      5      7      4      1      7      2      6     10      7      2      3      1      1      6      0      0      6
12208  40     000004 000251 5.000e-01      3      2      0      9      3      0      2      0      2      2      0      1      1      0      1      0      0      6      5      4      2      6      1      6      0      0      1      2      0      2      1      0      4      0      8      1      2      3      7      0      0      0      6      1      1      0      9      1      1      1      1      1      2      5      1      7      6      1      7      3      0      4      2      0      6      0      3      0      5      0      0      3      4      0      1      6      5      2      0      3      0      4      5      7      4      0      3      6      2      0      1      4      5      1      3      5      2      0      5      9
12284  40     000001 000090 5.000e-01      0      0      4      0      1      0      1      0      1      0      0      0      0      1      0      0      4      4      0      1      2      0      1      1      3      1      1      2      3      0      0      0      0      0      0      1      0      2      3      1      0      0      2      1      0      2      3      1      2      1      1      0      0      4      3      1      2      0      1      1      1      1      0      1      0      0      1      0      1      0      0      0      0      1      2      1      1      1      0      2      1      0      0      0      5      1      2      1      0      1      0      0      0      0      0      0      0      1      0      2
12288  40     000001 000062 5.000e-01      0      0      1      1      0      0      0      1      1      0      0      0      2      0      0      1      0      1      1      1      0      1      0      0      1      0      0      0      0      0      0      0      0      1      0      0      0      0      1      0      0      0      0      1      0      0      2      3      2      0      0      0      3      0      2      2      0      2      1      0      1      0      0      0      0      0      1      0      2      1      0      0      0      0      1      1      1      2      2      1      2      1      0      1      0      0      0      2      0      1      0      3      3      1      0      0      0      2      0      1
62     0      000012 000749 5.000e-01      1      0      3      4      1      1      6      2     11      8      2     11      4     11     13     31     10      4      6      6      6      6      6      0      6      6      0      7      0      6     23      7      4      7      1     11      3      0      3     11      1      1     19      6      1      7      4      1      6      4     19      5     10      2      8      4      3      5     16      7     10      9      5      6     17      8     13     17     22     14      6     13      3      1      5      0      9     14     10     10      2      2      4     27      6      9      3      0      7     23      4      9      6     14      1     14     31      6      9      3
6969   62     000010 000575 5.000e-01      8      8      2      1      2      0     18      6     19      1      2      0      7      6      0      3      2      7      7      5      0      1      7      0      4      4      5      2      7     10     13      5      8      0      3      4      2      6      4      1      4      5      3      9     10     12      4      1      6      3      0     13      9     11     10      7      0     10      4     20      9      2      8      0      4      2      8     13     17      7      0      8      5      5     13     17      1      3     15      0      3      2      9     14      2      9      0      1      5      5      2      2      1     11      7     11      1      8      6      8
12212  62     000002 000124 5.000e-01      2      0      7      4      3      5      0      1      4      0      0      0      1      0      2      2      2      1      0      2      0      1      1      1      3      0      2      0      2      1      1      0      3      1      1      1      1      4      0      2      1      2      0      1      0      0      0      0      0      0      0      1      1      0      2      1      0      1      1      1      1      0      1      0      1      1      0      2      3      1      0      0      0      2      2      1      2      3      0      3      0      4      0      1      3      0      1      2      1      1      2      1      0      5      1      0      2      2      2      0
12286  0      000001 000060 5.000e-01      0      1      0      0      2      0      0      0      0      2      1      0      1      0      0      0      0      1      0      0      5      0      1      1      1      1      0      0      0      0      1      1      1      0      2      0      0      1      1      1      1      0      0      0      1      1      0      0      0      1      0      0      0      0      0      0      0      0      0      0      1      3      1      0      1      0      1      0      1      4      1      2      0      1      0      0      0      2      0      0      0      0      0      0      0      1      1      0      2      1      0      1      0      0      0      3      0      1      2      1
12287  12286  000001 000069 5.000e-01      0      0      2      0      1      0      0      1      0      0      0      0      1      0      1      0      0      1      0      1      0      1      0      1      0      1      2      1      1      0      2      2      1      2      0      1      0      2      0      0      0      0      0      3      0      0      3      1      1      0      1      2      2      1      0      2      1      1      1      0      0      2      0      1      0      1      1      0      0      0      2      0      0      0      1      0      0      1      0      0      0      1      1      3      0      0      0      1      1      2      1      0      1      1      0      0      2      2      0      0
