SCORE -1.38651566110402e+05
ITER 5000
ETA        1.50000000000000e+00 1.50000000000000e+00 1.50000000000000e+00
GAMMA      5.00000000000000e-01 5.00000000000000e-01
GEM_MEAN 5.00000000000000e-01
GEM_SCALE 1.00000000000000e+02
SCALING_SHAPE 1.00000000000000e+00
SCALING_SCALE 5.00000000000000e-01
ID     PARENT NDOCS  NWORDS  SCALE     WD_CNT
0      -1     000100 012572 5.000e-01    133     84    293    144     48     11     55     17     99      8    147    125    321     78    173    112     32    232      0     57    193    344     84    286     96     59     33    111      9     83    174    104    104     33    245    102    295     72     19     29     32    118     31     66     99    209    386    163    261     73     88     68    138     97     81     89    137     12    101    204    156     91    301     16    186    217    100    149     22    225    156    259     28     31    237    319    190    183    104    192     67    194     37    131     82    184     26    218    427     77     13     84     39    216     22     53    183     79     79    102
1      0      000051 003055 5.000e-01     36     21     25     15     11      3     68      7     16     34     45     35      6     35      3     50     11     22     36     83     38     47     22      4      9     25      4     31      5     38     80     58     30     20     14     26      0    110     10      5     19     35      7     69      3     28     14     47     41     22     24     43     57     48      4     23      3     34     15     26     55     19     17     17     70      2     20     11     92     25     27     47     33     25     37     24     28     18     13     61     39     19     61     34     14     15     16     26     61     28     44     31    104     41      5     35     25      4     34     78
824    1      000051 003139 5.000e-01     37     51     24     34      2     16     59     47    105      9      9     20     33     11     64      4     41      9     18     18     10     19     22    112     12     23     32      3     19     47     39      7     20      6     21     36     11      9     27     29      7      1    120     10     46     20     58     27     10     35    109     22     23     15     19      9      1     37     15     37      4     49     32     36     20     12     85     32     39     64     72     23     58     14     27     58     39     19     20     12     71     40      4     41     31     50     43     63      9     44      4     11     17     21     57     93     15      5     42     27
62     0      000016 000986 5.000e-01      2      5      1      1      4      0     24      8     40      0      3     14      1      8      9     11      2      6     28     12      0     19     10      5     17      8      9      2      3      5     10      8     17      3      3     18      4     27      9     10      6      4      8     11     12      5     27     13     20      4     42     12     18     27      3      7      9      0      7     11      0      3     12      2     13      3     14      4     14     11     18      2      3     10      7      3     19     12     10      5     12     18      2     25      1      6     11     14      5      2      0      5      7     22      2     16     31      5     18      7
23445  62     000014 000921 5.000e-01      8      8      2      5      2      0     18      5      0      9      8      5     13      8     13     10      7      2      2     19     10      2     10     10      3      2      4      0     11     10     12      5      7      7     10      6      7      8      2      6      5     13     14      3      2      2      8      0     12      5     13      2     28      9     14      1      0     19     18     34     12     26     12      4      3      4     13      3     33     11      4     11     29      2      7      5      4      6     13      6     11      4      7     22      4     23      1     10     10     21     13     17     20      3      6     18      6      3      8     28
27117  62     000002 000148 5.000e-01      3      0      3      0      1      3      0      0      0      0      2      3      1      2      1      3      0      1      0      5      1      1      1      3      2      0      0      1      0      1      1      0      1      8      2      1      0      1      2      6      1      0      2      4      1      0      2      4      1      0      5      0      0      2      5      1      3      5      5      1      2      0      1      1      1      2      3      5      2      1      0      1      3      1      2      2      0      1      1      0      0      2      0      1      2      0      0      0      1      2      0      1      1      0      3      2      0      0      2      0
78     0      000022 001353 5.000e-01     16     10      2     10     22     12     17     12      6      0      8      4     23     11      2      4     14      3     24     63     26      7     74     11     31     13     19     34      8     28     24     15      0     16      9      7      8     16     11     10     13     32     11      2      2     10     11      9      9      8     16      0     15     20      3     19      9     10     10      9      1      1     14     19     21     18      7      7      5     14     25      5      4     36     12     20      3      7      7      1      8     14     14     17     15     24     50      2     11      6     19      3     16      5     25      1     10     20     11      7
328    78     000016 000977 5.000e-01     20      9      6     22     11     13      5     12      3     10      1     29      6      0      9      2     14      5     13      4     10     55     20      1      7     16     16     15     22      0      0      4     21      6      4     17     13      3     15      9     14      2      3      1     22     16      6     12      1     19      6      6      2      9     20      8      2     10      3      4     23     20      9      5     24      4     19      1      2      4      4     24      6     12     20      5      8      5     24      8     10      3     18     23      3      5      1      5     13      3     19      0      5      2      1      8      0      4      6      7
26667  78     000003 000223 5.000e-01      0      1      3      4      1      1      8      2      1      0      4      5      1      1      4      2      0      3      8      2      3      0      3      4      1      4      1      2      2      4      0      3      4      1      1      1      1      2      1      4      2      0      3      2      8      1      2      3      1      1      3      0      3      2      5      1      0      2      1      2      2      0      7      5      4      0      5      2      0      0      0      4      5      0      0      0      3      0      3      0      1      2      0      6      3      0      2      2      0      1      5      5      2      5      7      3      1      1      2      0
27081  78     000002 000117 5.000e-01      1      0      0      1      1      2      1      3      0      0      1      1      0      0      2      3      4      2      1      0      0      1      4      1      0      2      4      3      0      1      0      0      1      0      2      0      1      3      1      0      1      0      1      0      3      0      4      2      0      9      0      3      0      0      1      0      0      4      5      0      1      0      0      0      0      1      0      0      3      0      0      1      1      1      0      2      1      0      4      1      1      0      2      2      0      0      0      3      1      1      0      2      0      1      0      1      2      0      0      5
27119  78     000001 000079 5.000e-01      0      3      1      1      0      0      1      0      0      0      4      2      1      1      1      0      1      3      1      0      1      1      1      0      1      1      0      1      2      0      1      1      1      0      2      2      0      0      0      0      1      1      0      0      0      1      2      0      1      0      1      0      2      3      3      1      0      3      1      1      2      2      0      0      0      0      0      0      1      3      0      1      0      0      0      0      1      0      1      0      0      0      1      0      1      2      0      4      0      0      0      0      0      2      1      0      0      1      0      0
27074  0      000002 000166 5.000e-01      1      0      2      0      4      5      1      1      0      1      3      4      2      6      0      4      3      0      2      0      1      1      2      0      0      0      4      2      4      3      0      0      2      1      0      1      0      0      0      1      0      0      1      0      0      1      0      1      1      6      1      0      0      6      3      3      1      0      0      2      2      0      0      0      2      0      6      1      3      2      1      4      6      3      0      4      1      1      6      0      2      3      6      0      1      0      2      0      1      0      4      1      4      0      1     11      0      1      0      0
27107  27074  000002 000152 5.000e-01      2      0      0      0      1      4      1      0      1      0      0      2      0      0      0      0      1      1      2      3      1      1      1      1      1      3      1      1      0      0      1      2      1      2      2      0      1      1     18      2      1      3      0      6      0      0      2      2      4      2      2      3      2      1      0      0      1      1      3      5      0      0      0      2      8      1      0      0      1      2      0      3      0      0      0      2      0      0      0      0      2      0      2      3      2      0      5      0      0      1      0      2      3      5      0      2      2      3      2      3
40     0      000006 000351 5.000e-01      3      1      4      5      1      2      7      1      7      1      1      2      0      0      4      2      5      0      0      3      2      5      5      3     11      2      0      3     11      2      8      0      0      1      4     10      1     10      2      8      6      3     10      2      1      0      3      1      3      0     16      0      6      2      8      0      6      1      4      2      4      4      6      2      3      2      3      5      7      0      2      2      3      0      5      3      6      3      2     10      3      6      2      3     19      4      1      1      2      1      5      1      3      3      2      0      0      5      7      0
26977  40     000004 000286 5.000e-01      8      2      0      3      4      3      8      0      1      3      3      3      0      4      3     11      0      2      5      5      1      4      0      2      3      2      3      6      1      6      1      3      2      3      0      2      1      0      0      1      0      2      3      1      4      4      5      0      0      0      1      9      0      1      4      1      6      3      1      0      5      1      1      2      9      1      6      3      8      3      2      3      2      2      2      3      1      3      1      4      4      0      3      6      1      2      2      1      1     15      1      5      2      3      3      3     10      0      7      1
27102  40     000002 000132 5.000e-01      1      5      0      0      2      0      3      0      1      0      1      0      0      0      0      1      1      3      0      0      1      0      1      3      0      1      1      2      2      2      1      1      1      2      1      2      0      3      3      1      1      1      1      2      0      0      3      0      2      1      1      3      1      4      1      0      3      1      1      0      1      4      0      1      1      5      1      1      0      1      0      2      1      1      2      1      0      2      1      0      5      2      6      1      0      1      2      1      1      1      1      1      0      2      3      0      3      2      2      1
26716  0      000003 000178 5.000e-01      2      1      0      2      3      0      0      0      1      1      1      1      4      1      0      0      0      1      0      1      2      1      3      3      0      6      3      2      1      2      4      1      1      0      1      0      1      2      1      1      2      1      3      9      0      0      0      3      2      2      1      4      1      6      0      1      2      0      4      5      1      7      5      4      0      3      1      2      1      0      6      1      4      1      0      3      2      0      0      3      1      1      4      3      1      3      0      2      0      1      1      2      0      2      2      3      3      0      5      0
27112  26716  000002 000107 5.000e-01      1      0      0      1      0      0      2      0      1      0      3      0      2      2      5      3      0      3      4      0      0      0      0      3      0      0      0      0      1      0      5      0      1      0      0      0      2      1      0      2      0      0      0      2      0      1      1      0      0      0      1      0      2      0      3      0      0      1      1      0      2      0      0      2      0      5      0      0      2      2      0      3      1      0      4      0      0      0      0      0      0      1      5      0      0      5      2      5      3      6      0      1      0      0      1      0      2      0      0      1
27120  26716  000001 000058 5.000e-01      2      2      0      0      0      0      0      1      0      1      0      0      0      0      0      0      0      1      0      3      0      0      0      0      2      1      0      0      0      0      0      0      2      1      2      1      0      1      0      0      1      0      0      0      0      0      1      1      1      1      0      0      0      1      0      3      2      0      0      0      2      1      0      1      1      1      0      1      1      0      1      0      0      0      1      0      1      2      0      0      0      0      0      2      0      0      1      0      1      2      0      0      1      0      0      2      1      4      0      0
