SCORE -1.39010651149394e+05
ITER 6000
ETA        1.50000000000000e+00 1.50000000000000e+00 1.50000000000000e+00
GAMMA      5.00000000000000e-01 5.00000000000000e-01
GEM_MEAN 5.00000000000000e-01
GEM_SCALE 1.00000000000000e+02
SCALING_SHAPE 1.00000000000000e+00
SCALING_SCALE 5.00000000000000e-01
ID     PARENT NDOCS  NWORDS  SCALE     WD_CNT
0      -1     000100 012512 5.000e-01    135     98    254    135     43      8    167     10     30     11     99    107    319     38    129     73     77    139     19    171    173    302    114    242     42     50     54     63     39     91    222    104     81     11    221    133    262    131     33     19     31     96     54     83     88    222    407    171    312     68    109     49    175    154    100     82     54     79     77    232    208    122    247     45    262    140     75    128     17    255    110    238     44     58    194    373    152    105    123    175    128    234     72    221     84    175      9    181    431     67      2     62     24    130      9     86    140     37     83    174
1      0      000051 003172 5.000e-01     46     38     30     44      4     15     40     38     52      6     46     18     19     31     40     66     16     35     45     11     23     15     11     26     48     12     24     23      1     28     54     39     36     24     16     35     17     43     19     40     15     14      1     42     26     28     12     35     12     34     24     20     28     46      3     12     28     25     34     47      9     33     61     38     36     32     79     16     25     30     81     37     26     25      9      9     80     27     10     78     74     15     14     16     31     54     17     78     53     38     21      7     39     39     43     88     42     10     54     38
824    1      000049 002914 5.000e-01     27     27     29      9     10      5     28     18     97     29     42     36     36     35     45     24      5     40      5     34     16     72      9    121      4     35      5     33      7     52     41     28     26     20     27     10     14     32      9      2     12     34    118     20     31      5     39     30      7     21     89     47     32      2     11     15     26      3     16     17     33     18     14      1     21     32     31     33    102     36     52     39     68      3     77     17     16     44      6      2      4     14     31      6      9      8     46     23     10     38     27     43     90     74     27     17     26     18     29     10
31632  1      000002 000130 5.000e-01      0      0      0      0      2      1      0      0      3      3      1      2      1      4      0      1      1      0      0      4      6      3      0      4      0      1      0      5      2      3      1      1      0      0      1      8      2      3      0      0      1      4      1      0      1      1      2      0      5      1      4      6      1      1      3      1      2      2      0      0      0      0      0      2      0      1      0      2      0      1      1      0      0      2      2      3      0      0      0      0      0      1      1      1      4      0      1      0      0      0      4      1      0      0      1      1      0      2      0      0
62     0      000024 001517 5.000e-01     12      7     10      5      6      3     21     12     73     13      5     26      4     24     27     37      0     23      5      1     13      7      6     10     37      5      3     14     13     13     14     10     12      7     11     19     12     27      6     25      7     15     15     10     16      4     21     15      5     13     33     21     11     22     26      7     23      7     13     11      5      9     36      4      4     20     13     14     66      4     21      1     12      3      8      1     19      8     15     11     19     15     12     21      5     25     10     27     14     33      5     17     31     30      9     23     42      9     17      6
23445  62     000019 001095 5.000e-01      4     12      2      6      3      0      4      4      1      3     12     10      6      5     21      3      4     24     18      2     16     12     17      6      7     17      2     10      0      8      6      7     19     18     20      1     14      6      5      1      8      8     13     13      1      0     18      1      9      1     41      9     36     10      6      9     11      6     21     19      3     25     27      3      4      4     30      9      3     13     15     25     20      0     13     13      7     27     13      4      6     22      9     13      7      5     12     18      8     14     17      9      4     23     13      8     19      9     17     28
30934  62     000003 000217 5.000e-01      5      1      9      4      4      3      1      0      1      1      3      0      1      0      3      2      4      3      1      0      2      2      0      6      0      2      1      2      6      3      2      4      3      1      0      1      2      2      5      2      2      2      4      1      1      0      2      0      2      3      2      0      1      0      2      1      2      1      1      2      2      3      0      1      2      0      4      0      3      4      1      5      0      2      6      0      2      6      0      2      0      2      0      0     12      2      4      2      4      2      3      6      2      2      1      2      1      4      4      0
31728  62     000001 000061 5.000e-01      1      0      4      0      0      0      0      0      0      0      2      0      1      1      0      1      0      1      0      2      2      0      0      1      0      2      0      0      0      0      1      0      0      0      1      0      0      0      0      0      1      0      1      2      1      2      2      1      0      1      1      0      1      3      0      1      0      0      0      0      0      2      0      0      1      0      0      0      0      0      2      2      0      0      0      0      0      2      0      1      0      1      2      4      0      3      2      0      0      0      0      0      0      0      1      1      0      0      0      0
31729  62     000001 000088 5.000e-01      0      0      1      0      0      2      1      0      2      0      1      1      0      1      0      2      0      0      0      1      1      0      1      1      3      0      2      1      0      1      0      1      2      3      0      3      0      2      0      3      0      1      0      1      1      0      3      3      1      0      2      0      0      0      3      2      5      1      6      0      0      0      1      2      1      0      1      1      0      2      1      1      0      1      0      0      0      0      1      3      0      1      0      0      2      1      0      0      0      0      0      0      0      2      0      0      0      0      0      2
78     0      000022 001327 5.000e-01     20     10      6     29     18     12      5     14     12      3     18     14     13     10     13      5     15     16     13      8     26     15     77     25     21     25     17     52     15     11      8     11     23      7      7      7      7     16     19      3      5     26      5      6      9      9      8     11      0     25      3     18      6      3     16     28      1      4     13      0      1     11     16      7      9     29     14      3      7      8     16     23      0     20     28     17      8     17     26      8      6      0     14      4     14     22     22      9     10      9     13     11     12     15     28      0      5     21      1      1
328    78     000017 001165 5.000e-01     22      6      9      8     13     14      7     12      6      6      1     33     10     10      6      2      4     11     28     34     11     74     19      2     19     12     15      7     10     15      4      1     10     12     13      8      8      5      3     24     19      8      2      4     26     20      9     10      2      2     16      1      2      2      3      1     21      7      9      4     10      0     10     10     18     15     30     17      4      4     12     15     11     20     19     12     15     19     10     15      0      1     12     26      5     21     34      4     12      4     30      6      6      6      6      7      8     11     14      4
31711  78     000003 000211 5.000e-01      0      1      5      4      2      3      0      2      2      0     10      3      0      0      5      1      7      3      3      3      2      1      0      2      5      1      4      4      0      0      2      0      0      0      2      3      4      0      0      0      3      3      0      0      0      2      1      4      7      6      1      0      4      1      1      1      4      7      1      0      1      0      3      1      2      0      0      0      3      5      2      4      1      2      4      1      2      1      0      0      0      0      1      4      1      4      0      8      2      0      1      6      4      4      0      1      7      5      0      1
31725  78     000001 000085 5.000e-01      0      0      0      2      2      0      1      3      1      0      0      2      1      0      2      0      0      0      1      1      0      1      1      2      6      1      1      1      2      3      2      1      0      2      0      0      1      0      3      1      4      2      2      0      1      0      0      2      0      2      2      0      0      0      0      1      0      0      0      0      1      0      1      1      1      1      0      0      0      2      1      0      0      0      0      0      0      2      1      1      0      1      0      1      2      3      0      0      0      3      0      1      0      0      0      0      0      2      0      0
31727  78     000001 000060 5.000e-01      0      0      2      0      0      0      1      1      1      0      0      1      0      2      0      0      0      0      2      1      3      0      1      1      1      0      1      0      2      0      0      0      0      0      0      2      0      1      1      0      0      0      1      0      0      0      1      0      2      0      1      0      0      2      0      0      2      0      0      4      0      0      0      0      0      2      1      0      1      0      0      0      0      0      0      1      3      2      3      0      0      0      0      0      0      0      0      0      0      1      0      0      5      0      2      0      0      0      0      2
29308  0      000002 000126 5.000e-01      2      1      0      1      0      3      1      0      0      0      2      0      0      2      1      3      3      0      2      0      0      1      0      0      0      1      3      4      2      3      2      1      2      1      1      0      1      0      5      1      0      0      0      5      0      1      1      0      3      3      0      0      0      2      3      0      0      0      2      1      0      1      1      0      4      0      1      1      1      1      0      3      0      0      0      1      0      0      0      0      0      0      1      0      1      0      7      4      1      1      2      2      4      5      1      7      0      2      4      0
31726  29308  000002 000198 5.000e-01      1      0      2      1      8      6      1      1      1      1      1      2      2      5      0      2      0      0      2      3      2      3      6      1      1      2      0      0      1      1      0      1      0      2      2      1      0      1     12      2      3      3      1      1      0      3      3      5      2      6      2      2      1      5      0      3      5      0      1      5      2      0      0      3      0      2      2      2      3      3      0      3      5      2      0      4      0      0      2      3      0      1      5      3      3      0      0      1      2      1      3      0      2      1      0      7      1      2      1      1
31730  0      000001 000061 5.000e-01      1      2      1      0      0      0      0      1      0      0      1      0      1      0      1      0      0      2      0      1      4      0      0      1      1      2      2      0      1      0      1      0      1      2      0      0      2      0      0      0      0      0      0      0      1      0      0      0      0      2      0      1      0      0      0      2      0      1      0      0      0      1      0      1      0      0      1      1      0      0      3      0      0      1      1      1      1      1      0      0      0      1      0      0      0      0      1      1      0      1      0      1      1      1      0      2      3      1      1      0
31731  31730  000001 000061 5.000e-01      0      0      2      0      3      0      0      0      0      1      0      0      0      0      0      0      0      2      0      1      0      0      1      1      1      0      0      0      0      0      1      3      1      0      1      1      0      0      1      1      1      0      0      2      0      1      6      0      1      0      0      1      0      0      0      1      1      0      1      1      0      3      0      0      1      3      1      0      1      0      0      0      0      0      2      1      2      1      0      0      0      0      0      0      0      1      0      1      0      0      1      0      0      1      0      1      0      4      0      0
