SCORE -2.40182118939677e+05
ITER 608
ETA        1.50000000000000e+00 1.50000000000000e+00 1.50000000000000e+00
GAMMA      5.00000000000000e-01 5.00000000000000e-01
GEM_MEAN 5.00000000000000e-01
GEM_SCALE 5.00000000000000e-01
SCALING_SHAPE 5.00000000000000e-01
SCALING_SCALE 5.00000000000000e-01
ID     PARENT NDOCS  NWORDS  SCALE     WD_CNT
0      -1     000100 043916 2.500e-01    329    322    139    222    303    352    131   1034    429    538    586    511    407    832    574    548    558    140    331    450    427    610    199    530    388    378    561    297    414    400    407    462    280    266    282    542    263    463    785    721    528    389    697    293    146    445    536    265    362    519    457    411    364    332    464    466    576    387    372    338    218    392    630    511    625    113    953    317    362    212    418    812    254    248    309     80    872    603    675    946    390    316    463    698    321    177    173    231    377    377   1137    385    323    226    360    188    707    481    442    836
1      0      000035 001160 2.500e-01      1      5     18     13     11     10     10      9     22     15      9      5     12      1     27      7      3     14      7     33     12     14     14     27     13     24      5     12     17      8     33      6      9     15     21      6     12     22      6     22      1     11      1      9     19     15     18     10      6     12     11      9      3      4      5     17      9     10     11      0     12      5     10      7      2      7      9      1     15      8      4      4     21      1      6      5      5     20     13     19      9     15     30      3     13      7     26      6     12     38     40      6      2      4      5     12      3     14     20     10
5      1      000034 002202 2.500e-01     50      5     23      2     20     15     14     37     23     11      3     26     11     20     16     24     14     30     51     29     10     39     12     39     24      9     12     10     23     16     13     27     10     15     45     11     10     18     19     48      3      9      4     18      5      9     11     13      4     49     13     15      1     13     16     14     80     22      9     38     50      5     19     15     48     24     47      7     40     11      5     35      8     11     46     24     33     38     16     48     34     29     29     19     57      9     10      9     22     14     72     15     16     25      7     37     10     11     14     53
1157   1      000001 000045 2.500e-01      0      0      0      1      0      1      0      0      0      0      0      0      0      1      1      0      1      0      0      0      1      0      0      0      0      0      0      0      0      0      1      3      0      1      0      2      0      3      0      3      1      0      0      0      1      0      0      0      0      3      1      0      0      1      2      0      0      0      0      1      0      1      0      1      0      1      1      0      2      0      0      1      0      0      0      0      0      0      0      5      0      0      1      0      1      1      0      0      1      0      0      0      0      0      0      0      0      0      0      0
8      0      000035 000551 2.500e-01     18      8      0      6      4      2      5      4      8      9      2      7      0      4      2      0      7      5     11      4      5      2     10      9      6      2      2     12      3     10      6      1     13      7     15     13      2     20      6      4      2      1      2      1      4      5      0      2      9      2      4      3      7      5     10      7      4      8      2      5      1     19      2      4      0      9      8      1      2      5      1      5      7      6      1      5      8      5      2      1      3      9     18      1      7     11      3      6      4     14      0      4      0      7      1      9      6     14      1      4
216    8      000034 000729 2.500e-01      6      0      8      4      5     13      1      5      1      3      1     17      0      4     20     13      4     11      2     12      2     25      5      1     13      3      1      5      8      6      1     10      7      6     13      5     14      9      2      8      3      5      9      2      4      5      2      9      6     31      6      3      3      3      9      4     31      5     11      2     17      3      2      1      1      5     16      1     18      0      1     12      1      3      8      2      2     11     16     14     11     12      1      5     13      6      2      5      1      2     36      4     10     13      2      3      3      5     17     17
1156   8      000001 000000 2.500e-01      0      0      0      0      0      0      0      0      0      0      0      0      0      0      0      0      0      0      0      0      0      0      0      0      0      0      0      0      0      0      0      0      0      0      0      0      0      0      0      0      0      0      0      0      0      0      0      0      0      0      0      0      0      0      0      0      0      0      0      0      0      0      0      0      0      0      0      0      0      0      0      0      0      0      0      0      0      0      0      0      0      0      0      0      0      0      0      0      0      0      0      0      0      0      0      0      0      0      0      0
35     0      000030 001235 2.500e-01      9     12      5      9     11     13      3     21     23     14      3     17     23      2     21     16     10      2     26     18      1     10      8     18      3      6      3      9      1     18      1     12      3      6     24      8     15     37      8     14      8     11      1      0     16      1     11      2     12     33     11      5      8     13      2      7     33     11     10     20     10     20      8      2     11      6     24      6      8      4      0     12      7     15      7     19      8     36     12     31     22     25     16     15     40     17     17     11      6      1     17      2     11      3      6     26     19     23     12     22
36     35     000007 000041 2.500e-01      2      0      0      1      1      0      0      0      1      1      0      0      0      0      0      0      0      0      2      0      0      0      0      0      1      2      2      0      0      0      1      0      0      0      4      0      0      0      0      1      0      0      0      0      0      0      0      0      1      0      0      0      0      1      0      0      0      0      0      0      0      0      1      0      0      0      0      2      2      0      0      1      2      1      2      0      1      0      0      1      0      0      0      1      0      1      0      0      0      0      0      1      0      0      0      0      0      1      3      0
1127   35     000017 000116 2.500e-01      0      3      0      0      0      0      1      0      3      2      0      0      1      2      1      0      1      1      2      1      4      1      3      0      2      0      4      0      0      1      0      3      0      3      1      0      1      1      0      1      0      0      0      2      0      0      2      0      0      0      1      0      1      5      4      2      0      2      1      0      1      1      4      1      1      0      1      1      1      1      0      2      3      0      0      2      2      0      0      1      0      2      2      1      3      0      0      0      2      2      0      1      0      2      0      6      2      1      4      3
1151   35     000006 000005 2.500e-01      0      0      0      0      0      0      0      0      0      0      0      0      0      0      1      0      0      0      0      0      0      0      0      0      0      0      0      0      0      0      0      0      0      0      0      0      0      0      0      0      0      1      0      0      0      1      0      0      0      0      1      0      0      0      0      0      0      0      0      0      0      0      0      0      0      0      0      0      0      0      0      0      0      0      0      0      0      0      0      0      0      0      0      1      0      0      0      0      0      0      0      0      0      0      0      0      0      0      0      0
